FCS File: fcsFiles/001.fcs

Number of points: 15

Max Distortion: 3308.09

Avg Distortion: 1116.889

Projected Points
252.827750795 2135.68928569099
-1062.571028699 -299.141455661483
-620.102154442043 -402.980142808268
-635.732090180551 -1709.08952830597
2323.25488163848 -3496.48314245732
-864.547143162324 499.895891951881
-1015.3518684611 -221.636617334669
2060.07858097645 2178.12094106574
304.071141684906 -1056.48182992125
2729.7206908013 2470.14583527643
2772.34572057841 -678.726977120496
-2612.35808334642 -1436.83259914038
-1840.47007239313 881.659097543551
-2073.90012740835 2267.15907550703
282.733801618356 -1131.29783428579

Original Points
0.00441208021584316 0.003814697265625 241.435481803773 557.882546970069 206.419668014592 355.006384348391 466.687247493405 1000 1000 286.672894716497 203.738443864564 267.235631208287
0.00536003926754347 0.00528926557308296 238.842004354651 79.9345365295413 0 145.330994588561 540.728999436706 210.797945798438 349.813397675243 470.181526540742 1000 1000
0.003814697265625 0.003814697265625 0 0 100.768355903473 247.433380088521 109.51784360489 0 230.690183239329 587.535267071753 209.59778719852 418.773033706946
0.003814697265625 510.349690914154 1000 0 0 0 0 0 1000 0 543.184053135373 286.758392829815
748.057425022125 0.003814697265625 1000 0 1000 0 0 0 0 0 0 1000
0.003814697265625 0.003814697265625 0 0 0 0 1000 0 1000 0 0 612.172358199312
0.00649775302008493 0.00414832675232901 273.949139382628 129.37661530531 0 120.879266920171 582.093183195884 228.699648472989 365.410518810841 507.209948885244 1000 1000
0.003814697265625 0.00559543832423515 555.549916930335 212.706466738515 341.959671411527 454.89399379201 1000 1000 245.825359581296 20.3876091849842 254.69402596704 198.916855034599
0.00820708828541683 344.635277986526 1000 289.984951601689 39.610357554621 262.679792690128 141.18463261996 70.2444219160499 296.518841870132 559.215085436167 219.073150537032 362.210304812718
0.003814697265625 0.003814697265625 460.753294386104 220.307735938225 535.857986117166 493.917243552616 1000 1000 0 0 0 0
0.00552044230062165 0.00798188284534262 445.84376465058 1000 1000 272.601036020777 160.173235029827 297.456940805377 160.85311378743 0 158.005414872246 579.256489945809
0.730776111595333 0.0113997930384357 0 0 0 0 0 0 1000 1000 0 1000
0.00484970041725319 0.00637168614048278 99.0808457116667 0 45.724414173947 549.061258616075 227.487889623353 351.867522131383 499.675399573029 1000 1000 264.971010111337
0.003814697265625 0.003814697265625 0 0 0 1000 1000 0 1000 636.181507341018 0 0
0.00990202352113556 879.815638065338 1000 360.857036288462 97.6749143847928 345.059448194658 240.114374775022 0 279.707755807176 628.461622867686 249.463390387868 433.991729341251

Distance Matrix of Original Points
15
0 4122.60393341245 3597.28128136484 4500.54810423136 6902.94974930818 3729.40549659846 4172.42754150326 2567.76754305565 3971.82419606401 3316.20212059987 4015.14743205453 4477.99519569716 3954.50002446111 4004.52735002696 4455.23392169141
4122.60393341245 0 2771.76553788965 4538.72210188949 5305.99893576575 3642.37527241098 220.894650038537 4449.64849412731 3573.94295219358 5315.19972341251 4643.43478324323 3396.37108309171 2538.17211752541 4659.70409569271 4275.64194310519
3597.28128136484 2771.76553788965 0 3790.51144646018 4613.28668191745 2998.52608791041 2918.60106136154 3954.62750168617 1973.12336166268 4699.71295161377 3587.80943492908 2431.05342928748 2551.24801176966 3190.14401014546 2617.01921496517
4500.54810423136 4538.72210188949 3790.51144646018 0 4514.82514684731 3378.94389472176 4609.3047842641 5115.24812505478 2631.68201984837 6129.61799340398 5311.55448357344 3767.490912841 4564.33252307433 4976.4698295231 3202.88567443982
6902.94974930818 5305.99893576575 4613.28668191745 4514.82514684731 0 5135.88125212555 5407.7713031064 5840.1364029533 4529.76089552692 5465.66730931243 3772.04555768467 4747.3342340063 6966.37093225747 7384.23511766588 5199.8563309615
3729.40549659846 3642.37527241098 2998.52608791041 3378.94389472176 5135.88125212555 0 3700.44157544555 4007.62360834889 4597.70219431247 4323.00861819342 4885.80254871584 2388.56218831079 4665.77569151669 2248.35386554033 5219.69282109366
4172.42754150326 220.894650038537 2918.60106136154 4609.3047842641 5407.7713031064 3700.44157544555 0 4382.9129436909 3551.68005450811 5248.46189109845 4659.42727951911 3463.10891540576 2618.01227525465 4692.61700937505 4253.37904541973
2567.76754305565 4449.64849412731 3954.62750168617 5115.24812505478 5840.1364029533 4007.62360834889 4382.9129436909 0 3937.93238704299 1055.14508671916 3862.09498924015 6355.40701680759 4525.04701943151 4478.9032616058 4468.68363021635
3971.82419606401 3573.94295219358 1973.12336166268 2631.68201984837 4529.76089552692 4597.70219431247 3551.68005450811 3937.93238704299 0 4906.63318450271 3798.30800788937 4150.17952201726 3718.06586577336 4702.34219682702 1103.90180398048
3316.20212059987 5315.19972341251 4699.71295161377 6129.61799340398 5465.66730931243 4323.00861819342 5248.46189109845 1055.14508671916 4906.63318450271 0 3920.55073091287 6711.57080650421 5312.552361541 4359.1832802299 5498.16490737775
4015.14743205453 4643.43478324323 3587.80943492908 5311.55448357344 3772.04555768467 4885.80254871584 4659.42727951911 3862.09498924015 3798.30800788937 3920.55073091287 0 5594.69946122506 5194.32859496621 6523.12260570761 4409.33181617195
4477.99519569716 3396.37108309171 2431.05342928748 3767.490912841 4747.3342340063 2388.56218831079 3463.10891540576 6355.40701680759 4150.17952201726 6711.57080650421 5594.69946122506 0 3509.30647509013 3364.55303916909 4831.53316837506
3954.50002446111 2538.17211752541 2551.24801176966 4564.33252307433 6966.37093225747 4665.77569151669 2618.01227525465 4525.04701943151 3718.06586577336 5312.552361541 5194.32859496621 3509.30647509013 0 3849.24132896689 4273.10017693462
4004.52735002696 4659.70409569271 3190.14401014546 4976.4698295231 7384.23511766588 2248.35386554033 4692.61700937505 4478.9032616058 4702.34219682702 4359.1832802299 6523.12260570761 3364.55303916909 3849.24132896689 0 5164.64328679318
4455.23392169141 4275.64194310519 2617.01921496517 3202.88567443982 5199.8563309615 5219.69282109366 4253.37904541973 4468.68363021635 1103.90180398048 5498.16490737775 4409.33181617195 4831.53316837506 4273.10017693462 5164.64328679318 0
