FCS File: fcsFiles/011.fcs

Number of points: 15

Max Distortion: 3528.359

Avg Distortion: 1008.293

Projected Points
2568.9246232348 -736.989018539974
371.764767825728 1654.56238401233
162.365446354801 799.994943871609
-2576.86993410794 341.668222824094
1330.91110345692 1445.76918303731
585.911597529914 -2363.71005795529
2040.378191501 -748.053329260416
2926.90319514171 -130.06109928773
-2317.72866523575 195.588947318833
-609.718347605035 3558.88445662734
1478.34291371107 354.322825581994
-1935.04731381382 -3624.9977329258
-4779.41599720796 619.079512760725
-334.312008391687 -2057.71155186631
1087.59042760624 691.652313801295

Original Points
0.003814697265625 0.0105022536445176 206.796755724579 445.584097535761 341.876997161037 1000 1000 57.0059926101248 0 0 67.4798043757219 0
0.00666311507302453 346.083343029022 1000 287.6949491516 130.970251601966 302.425628216788 238.471383558242 0 290.664685750692 596.483407232857 222.410025129387 441.003320214444
0.0101128798632999 0.00444021543444251 440.999033218045 1000 0 1000 0 0 0 1000 0 0
0.00687204419591581 0.00962841750151711 167.504878215353 441.001388051129 612.822422270231 0 0 1000 0 1000 1000 0
0.00482324276163126 0.0042981641854567 0 0 0 1000 0 0 0 1000 0 0
0.00840660777612356 0.003814697265625 0 0 1000 0 0 0 1000 0 0 0
0.00495516587761813 0.00409231961384648 190.886675202777 93.8247013844423 0 56.4740431164523 553.867313642538 148.533607055375 440.998006749232 0 0 0
0.003814697265625 0.003814697265625 0 0 0 0 1000 0 0 0 0 414.471312567023
0.003814697265625 0.003814697265625 1000 0 1000 0 0 1000 0 1000 0 0
1000 0.003814697265625 1000 0 0 0 0 0 0 609.291684837002 1000 1000
0.003814697265625 0.003814697265625 1000 741.382187807334 0 0 1000 0 0 0 0 0
0.0047027101572894 0.00854670452099526 324.479593003775 1000 1000 0 0 1000 1000 0 0 1000
0.0105699873529375 550.940096378326 1000 1000 1000 0 0 1000 0 1000 1000 0
0.00493565494252834 0.00920959882932948 308.411196129158 1000 1000 284.494769570834 0 214.772601760963 112.686960805666 0 0 589.771577144476
0.003814697265625 2.92373169213533 1000 0 0 0 0 0 0 0 0 1000

Distance Matrix of Original Points
15
0 4507.26544219859 3254.9933343254 5190.33814630028 3118.75086004218 4435.00093255204 2699.21809304801 2533.22164753063 5907.39084397212 7179.48508490274 2555.37081625026 6340.69839791001 7432.19270200755 3957.36594122614 4708.06336539656
4507.26544219859 0 4041.99900101382 5267.39924027101 4058.38646469383 5012.93504797512 3600.14597864019 3964.79194792203 4401.29870993589 3945.69469575629 3545.25554999319 6231.05440114422 5239.86704484594 4235.81372221006 2971.27947018178
3254.9933343254 4041.99900101382 0 4445.32361825953 1441.0044649064 5441.0013650083 4243.21804657132 4855.47726948583 4559.00789048272 5949.69979458326 3817.62570267539 6116.52895687306 5109.93708005234 3765.33415383747 4561.92655644125
5190.33814630028 5267.39924027101 4445.32361825953 0 4221.33606759146 4995.69119228007 4886.19411535339 5635.8088721709 2660.68295863271 5277.02618894504 5745.70721487825 5103.15415551408 2329.60547736727 4859.26556856039 5889.23609272757
3118.75086004218 4058.38646469383 1441.0044649064 4221.33606759146 0 4000.00406683193 3371.6365986856 3414.47280457944 4000.00149201242 5390.70397538716 4741.38367981975 7324.48396207672 6550.94154495873 4941.15259011625 4002.92044207345
4435.00093255204 5012.93504797512 5441.0013650083 4995.69119228007 4000.00406683193 0 2602.5920627166 3414.47590447753 4000.00459191051 6609.28327822923 4741.38677971784 3324.48802890865 6550.93844506064 3284.77204965416 4002.92450890538
2699.21809304801 3600.14597864019 4243.21804657132 4886.19411535339 3371.6365986856 2602.5920627166 0 1791.32245052372 4805.74520072547 5712.09800403873 2548.8105725896 5060.58266621157 7169.03599874582 3789.91461422264 3105.7317765864
2533.22164753063 3964.79194792203 4855.47726948583 5635.8088721709 3414.47280457944 3414.47590447753 1791.32245052372 0 5414.47131256702 5194.81655757271 2155.85350037436 5910.0139004569 7965.41434953817 4095.67230870332 2588.44860442785
5907.39084397212 4401.29870993589 4559.00789048272 2660.68295863271 4000.00149201242 4000.00459191051 4805.74520072547 5414.47131256702 0 5390.70450046573 4741.38218780733 4675.52602701637 2550.94303697115 4463.7760254901 4002.91991699487
7179.48508490274 3945.69469575629 5949.69979458326 5277.02618894504 5390.70397538716 6609.28327822923 5712.09800403873 5194.81655757271 5390.70450046573 0 5350.67005794707 7284.81212113033 5941.63402685671 6323.06370294745 2612.20778713461
2555.37081625026 3545.25554999319 3817.62570267539 5745.70721487825 4741.38367981975 4741.38677971784 2548.8105725896 2155.85350037436 4741.38218780733 5350.67005794707 0 5934.14383920904 5809.56084916381 4151.93904120469 2744.3021048022
6340.69839791001 6231.05440114422 6116.52895687306 5103.15415551408 7324.48396207672 3324.48802890865 5060.58266621157 5910.0139004569 4675.52602701637 7284.81212113033 5934.14383920904 0 5226.45782394723 2383.33292257344 4678.43647999673
7432.19270200755 5239.86704484594 5109.93708005234 2329.60547736727 6550.94154495873 6550.93844506064 7169.03599874582 7965.41434953817 2550.94303697115 5941.63402685671 5809.56084916381 5226.45782394723 0 5014.70603074276 6548.02311997628
3957.36594122614 4235.81372221006 3765.33415383747 4859.26556856039 4941.15259011625 3284.77204965416 3789.91461422264 4095.67230870332 4463.7760254901 6323.06370294745 4151.93904120469 2383.33292257344 5014.70603074276 0 3716.68720191481
4708.06336539656 2971.27947018178 4561.92655644125 5889.23609272757 4002.92044207345 4002.92450890538 3105.7317765864 2588.44860442785 4002.91991699487 2612.20778713461 2744.3021048022 4678.43647999673 6548.02311997628 3716.68720191481 0
