FCS File: fcsFiles/013.fcs

Number of points: 15

Max Distortion: 2958.491

Avg Distortion: 1004.158

Projected Points
4147.72226992858 413.001514205909
-5107.43654101613 -634.851328905928
-201.554059586765 -130.177353646616
1322.41494403193 -449.722111646479
81.0496462583218 -881.868693850961
-684.699778511158 3820.10966947575
-635.933611784978 -1949.89109647391
1517.34158137994 1237.97781599661
-2379.42295045857 1526.21438528102
1688.12924758878 -529.599197920791
903.570156196604 -622.77978517503
-520.953731452042 923.776743226383
-931.318009662037 -1156.86565990557
-674.661486856872 -922.521761040563
1475.75232394438 -642.803139619809

Original Points
601.110994815826 0.00867867129272781 0 0 0 0 0 0 1000 1000 0 1000
0.003814697265625 1000 0 1000 0 1000 1000 1000 0 0 1000 0
0.003814697265625 0.003814697265625 0 346.747062425143 0 0 0 0 0 0 0 0
0.00723781931810663 0.00497672908750246 199.32390313285 141.236240117654 0 112.968244010125 472.879248480725 162.887198561222 433.97473123304 460.320625768085 1000 1000
0.003814697265625 0.003814697265625 0 0 0 0 0 0 0 0 391.044772822924 0
1000 0.003814697265625 0 492.142151204646 1000 1000 461.375327036299 0 295.221446215623 147.348205121636 0 143.926384602996
0.0108200320028118 0.00559786030862597 441.008090213986 0 0 0 0 1000 0 0 0 0
0.00526840130987694 0.00459719831269467 0 189.672906688367 438.181039227056 143.153438742601 404.650639003451 200.225466836555 1000 1000 414.106028202013 127.833817375493
0.00537024652658147 0.00975143575487891 181.327373474108 407.210780442192 359.320454418808 1000 1000 56.270228225939 0 0 35.1443732726855 0
467.826753854752 0.00797397569840541 158.23881103214 199.313661884158 68.1275799556571 0 209.891205869313 504.41888741448 151.97227966166 418.11993676907 292.551361909978 1000
0.003814697265625 0.00591480602452066 76.8889150687993 0 0 530.673383368019 189.37406296816 416.077699470545 360.935657103716 1000 1000 441.005131611476
0.00471394969281391 0.003814697265625 0 535.771478735268 101.264564909644 494.065393795837 466.206985511344 1000 1000 421.093985084786 48.7700418012223 210.160775636196
0.003814697265625 0.003814697265625 0 0 0 0 313.550175990469 1000 0 0 0 0
0.003814697265625 0.003814697265625 0 0 368.238545754334 0 0 1000 0 64.9384891825508 0 0
351.499646902084 104.090727865696 385.890891177576 0 145.904616056386 63.8990866504492 0 0 265.174049326743 83.2947940645047 590.921599468756 587.443406083781

Distance Matrix of Original Points
15
0 9601.09850144727 3947.85910651773 3796.10693624016 3992.15681691551 5765.91531145889 5042.11134580879 3263.26550921205 6640.3799071675 2995.73423729167 4012.18321614416 4615.93484887249 4914.66222008306 4904.41210066437 3604.39734098628
9601.09850144727 0 5653.24912287759 6203.64677535721 5608.95141247981 6632.97092830478 5441.00949768841 7214.20323363529 4042.01425006561 7058.09845552238 5742.69864317124 5187.70251034212 4686.44600931227 5433.17322023962 7060.29217492891
3947.85910651773 5653.24912287759 0 4047.86935864741 737.791835248067 4193.26263705879 1787.76394113691 3885.22682132904 2692.53363969634 3418.5805615892 4361.70401212462 3930.58706230158 1660.29723841561 1779.92409736203 2924.85825062659
3796.10693624016 6203.64677535721 4047.86935864741 0 3592.55000363465 5919.44593548874 4700.18028147345 3385.46082778585 5023.21862825442 2384.25236124013 2389.78973191024 4266.33069876827 4344.27020334466 4961.12043590691 2981.5831168971
3992.15681691551 5608.95141247981 737.791835248067 3592.55000363465 0 4931.05447230686 1832.06165153469 3526.7807994577 3360.03672839904 3276.40287193534 3623.91217687655 4570.8388139472 1704.59494881339 1824.22180775981 2187.06641537852
5765.91531145889 6632.97092830478 4193.26263705879 5919.44593548874 4931.05447230686 0 5981.01256752623 4965.70937960802 3123.4741667123 5233.6660099105 5941.87968463054 4546.65507993244 5226.45952349346 5106.83266454705 5010.73136187358
5042.11134580879 5441.00949768841 1787.76394113691 4700.18028147345 1832.06165153469 5981.01256752623 0 4958.3870449091 4005.09570000855 3586.14472775534 4470.03703300647 3718.34920493364 754.567054702236 874.193913648652 3247.3287075625
3263.26550921205 7214.20323363529 3885.22682132904 3385.46082778585 3526.7807994577 4965.70937960802 4958.3870449091 0 4580.67772128823 4071.49281267063 3061.52401452093 2921.82817761826 4203.82446261705 4084.19760367063 4295.50750472071
6640.3799071675 4042.01425006561 2692.53363969634 5023.21862825442 3360.03672839904 3123.4741667123 4005.09570000855 4580.67772128823 0 5055.75837491869 5277.53152579623 4196.28837602807 3613.19006967914 3641.27637176887 4764.82600684017
2995.73423729167 7058.09845552238 3418.5805615892 2384.25236124013 3276.40287193534 5233.6660099105 3586.14472775534 4071.49281267063 5055.75837491869 0 3513.43479749496 4126.24441117073 3355.39081235526 3628.66794476388 2662.31556275188
4012.18321614416 5742.69864317124 4361.70401212462 2389.78973191024 3623.91217687655 5941.87968463054 4470.03703300647 3061.52401452093 5277.53152579623 3513.43479749496 0 4011.33584270528 4117.60360081253 4486.10160733017 3550.69678530194
4615.93484887249 5187.70251034212 3930.58706230158 4266.33069876827 4570.8388139472 4546.65507993244 3718.34920493364 2921.82817761826 4196.28837602807 4126.24441117073 4011.33584270528 0 2963.78394873626 3378.10505147922 5310.3168896458
4914.66222008306 4686.44600931227 1660.29723841561 4344.27020334466 1704.59494881339 5226.45952349346 754.567054702236 4203.82446261705 3613.19006967914 3355.39081235526 4117.60360081253 2963.78394873626 0 746.727210927354 3891.66136419191
4904.41210066437 5433.17322023962 1779.92409736203 4961.12043590691 1824.22180775981 5106.83266454705 874.193913648652 4084.19760367063 3641.27637176887 3628.66794476388 4486.10160733017 3378.10505147922 746.727210927354 0 3589.60201266046
3604.39734098628 7060.29217492891 2924.85825062659 2981.5831168971 2187.06641537852 5010.73136187358 3247.3287075625 4295.50750472071 4764.82600684017 2662.31556275188 3550.69678530194 5310.3168896458 3891.66136419191 3589.60201266046 0
