FCS File: fcsFiles/014.fcs

Number of points: 15

Max Distortion: 4372.693

Avg Distortion: 1208.461

Projected Points
646.3346662074 -3390.2854399395
1215.48909558597 -147.972506346129
-1318.22105850804 878.94114483367
3126.38095110122 1172.4490655894
-312.097381377148 996.072595117242
-1842.76291049227 -2967.1915576246
842.445311618346 635.02162517427
-1515.28549856143 1047.44072001288
1571.36783491314 -679.673437618378
1862.05824684252 720.053599892356
-2026.28083821462 -243.945578987587
1765.51891764867 581.760552036542
589.659071254796 -1041.50359488355
-2739.00566251527 996.879897185292
-1865.60074550327 1441.95291555809

Original Points
0.00840671145851957 0.003814697265625 0 0 1000 1000 0 1000 0 1000 0 0
0.00483778785564937 0.003814697265625 0 340.892438321551 169.918155824262 664.47467629551 525.791487354169 1000 1000 297.700839807364 0 522.659423541794
0.00474853413834353 0.011575041753531 597.5927424289 1000 1000 0 0 328.845161640016 62.7180902726502 0 80.4519716067832 426.162201261513
1000 0.003814697265625 0 0 452.124983636674 393.147230223481 1000 1000 417.764461239644 0 618.97927883124 451.30218726537
0.003814697265625 0.003814697265625 0 0 0 0 219.568758002692 0 495.840573858257 145.07248776723 0 196.92072367181
0.00455070176030858 0.00888412796484772 1000 0 0 1000 0 1000 0 1000 0 1000
0.00522451273354818 0.003814697265625 261.709257818783 531.158097153158 193.917001032549 452.098584854318 401.581393391202 1000 1000 160.510583166088 4.11853081368953 516.792048673388
0.00584322424401762 0.00638503979644156 148.814162074654 622.326028755863 0 0 0 0 0 0 0 0
0.00968485801422503 0.00485790724269464 0 106.895756349882 463.694938995799 174.974669564301 464.628240290508 415.263133635056 1000 1000 231.304969782141 104.821405126098
0.003814697265625 0.003814697265625 0 0 0 316.012111009883 1000 1000 316.70989354434 0 546.164075267821 255.395366728677
0.003814697265625 0.003814697265625 0 0 0 1000 0 0 0 0 313.810160355737 1000
0.003814697265625 0.003814697265625 446.727176540264 185.142898736062 484.91680583001 374.068927696759 1000 1000 155.178783127 124.012670633408 478.646198761618 138.259186429808
0.003814697265625 0.00803117200121051 360.506244169397 0 134.033955350544 332.961235631522 133.562440575338 618.463115219203 591.317575083921 1000 1000 149.766507219244
0.00695003654982429 562.33423948288 1000 259.248271513067 60.5189094464958 515.507219391816 171.123708128341 0 379.305718187291 441.002112613156 1000 1000
0.00536018524144311 0.003814697265625 399.730385068372 506.021837450029 193.684283354468 460.804695581711 440.997161420557 0 0 0 0 1000

Distance Matrix of Original Points
15
0 4257.25324621398 4838.09126245164 5642.76530676464 4767.26215977972 3000.0089254404 4908.83634099599 4771.14532466026 3853.71995071001 4802.26181654515 4313.81475236993 4420.96043144877 4149.70326933556 7354.98133783775 5692.263451529
4257.25324621398 0 5360.14294331273 3938.90328073935 3464.03550093525 4551.77249837211 959.736496311084 4610.79591111098 3014.62162397363 3127.90177351182 4460.98000491637 3563.64647238723 4326.44199618488 5498.34731742679 3652.13215703742
4838.09126245164 5360.14294331273 0 6128.48650338135 4033.90377680229 5790.57284529517 4400.40722045141 2724.63626107141 5162.51028642958 5475.23912744569 4796.36067601037 4428.60892703496 5583.74185764839 5911.41659937475 3445.81948781183
5642.76530676464 3938.90328073935 6128.48650338135 0 4722.20898397084 6644.41982494765 4131.53680565498 6104.45505914521 4773.12888674331 1899.03287994842 5330.60533116571 2523.71081495035 4842.86762808958 6573.5934910612 5376.28941935855
4767.26215977972 3464.03550093525 4033.90377680229 4722.20898397084 0 5373.4219258571 3464.48436341865 1828.54733300001 3088.38612090594 3025.28523941303 2977.37125631211 4170.3163946691 3529.53381418376 4661.59676719571 3225.6634883141
3000.0089254404 4551.77249837211 5790.57284529517 6644.41982494765 5373.4219258571 0 4739.67029111969 5473.51565829186 5571.47385746985 5291.47229650879 3313.81596579093 5220.82253058964 4397.2184577309 4476.01502995993 4280.17408048915
4908.83634099599 959.736496311084 4400.40722045141 4131.53680565498 3464.48436341865 4739.67029111969 0 3933.08435833211 3359.30916804449 3368.53376229378 4889.67873839159 3232.86225511505 4069.61579468588 5380.07236128985 2859.34918436645
4771.14532466026 4610.79591111098 2724.63626107141 6104.45505914521 1828.54733300001 5473.51565829186 3933.08435833211 0 4518.93716064086 4205.42623625075 3084.95495005576 4490.18331583352 4794.12661458956 5344.05022419063 2462.70960803782
3853.71995071001 3014.62162397363 5162.51028642958 4773.12888674331 3088.38612090594 5571.47385746985 3359.30916804449 4518.93716064086 0 3980.46684978034 5253.19809852517 3866.99353986106 2711.64693218366 6010.72667102564 4920.08029287106
4802.26181654515 3127.90177351182 5475.23912744569 1899.03287994842 3025.28523941303 5291.47229650879 3368.53376229378 4205.42623625075 3980.46684978034 0 3977.65633071786 1645.04153564903 3593.54045060297 5612.51063659766 4410.7120765956
4313.81475236993 4460.98000491637 4796.36067601037 5330.60533116571 2977.37125631211 3313.81596579093 4889.67873839159 3084.95495005576 5253.19809852517 3977.65633071786 0 5048.48625914606 5041.34964366664 4044.21490026569 2393.44067755543
4420.96043144877 3563.64647238723 4428.60892703496 2523.71081495035 4170.3163946691 5220.82253058964 3232.86225511505 4490.18331583352 3866.99353986106 1645.04153564903 5048.48625914606 0 3756.32027768316 5508.63522816048 3924.42687070599
4149.70326933556 4326.44199618488 5583.74185764839 4842.86762808958 3529.53381418376 4397.2184577309 4069.61579468588 4794.12661458956 2711.64693218366 3593.54045060297 5041.34964366664 3756.32027768316 0 3994.40002049461 5100.19443219493
7354.98133783775 5498.34731742679 5911.41659937475 6573.5934910612 4661.59676719571 4476.01502995993 5380.07236128985 5344.05022419063 6010.72667102564 5612.51063659766 4044.21490026569 5508.63522816048 3994.40002049461 0 3687.42437731625
5692.263451529 3652.13215703742 3445.81948781183 5376.28941935855 3225.6634883141 4280.17408048915 2859.34918436645 2462.70960803782 4920.08029287106 4410.7120765956 2393.44067755543 3924.42687070599 5100.19443219493 3687.42437731625 0
