FCS File: fcsFiles/015.fcs

Number of points: 15

Max Distortion: 4103.208

Avg Distortion: 1242.482

Projected Points
542.364249523998 -369.978407319872
1549.1057097771 498.705988582412
2752.34826334452 -542.631625393263
1692.37169564843 -1849.88987746668
-60.178069338515 165.293598232478
-9.88628063117976 -782.954743923148
-1922.10572683918 -34.3053314588205
76.6066202089092 878.061734060235
1776.20780976021 -1707.2319205469
-548.453699235447 1453.6272957581
-1636.31450048887 1665.7848098831
374.52426032425 1258.64738297691
-3259.26059296276 -2927.68935036664
-1231.29705431938 -602.132911148997
-96.0326847720839 2896.6933581311

Original Points
0.003814697265625 0.003814697265625 0 0 0 1000 0 0 0 338.52403337352 481.458821672372 114.41058739138
0.003814697265625 0.003814697265625 542.750133151506 1000 0 0 0 0 1000 0 0 1000
0.0869037394295447 0.003814697265625 1000 0 0 1000 0 0 0 0 0 0
0.00697352470524493 372.245877981186 1000 495.920910971565 0 385.603669806578 366.468534020427 43.2463229790402 39.8937533714096 591.828532131561 382.758283478416 475.039619921854
0.00504673334944528 0.0102238700492308 110.79812485314 434.4777295402 266.816787678508 1000 1000 329.741823612609 0 230.982003196355 220.881706395913 0
190.464332699776 503.169357776642 316.590343168931 20.6193185322542 238.128786245513 177.40357402763 0 120.674677316449 554.020545645139 220.815193884391 409.678702742325 304.991257416691
109.198607504368 0.00570299926039297 0 109.975143158213 155.168555430208 0 0 1000 0 1000 1000 0
0.003814697265625 0.003814697265625 0 332.688066352048 1000 1000 488.252534557692 0 396.032886711192 376.942422967237 0 0
0.00698353096595383 377.283453941345 1000 309.774119727173 0 261.895926226264 209.583939435348 0 94.7569470685672 582.195118289803 215.785633138684 411.207215628475
71.4108347892761 0.003814697265625 0 0 0 0 1000 0 1000 0 0 0
0.00475240676678368 0.00452814401796786 0 0 482.220984528063 0 481.855157278486 251.596562013952 1000 1000 423.003377895378 0
0.003814697265625 0.003814697265625 0 0 0 0 0 0 1000 397.291509296012 0 298.327937367695
0.003814697265625 1000 0 0 1000 0 1000 0 0 0 1000 1000
602.423310279846 0.00693487163516693 0 263.325187791927 233.127707020942 0 136.693860471359 567.887848850821 173.098472659108 409.521954046427 334.817907754931 1000
0.00686495013724198 0.003814697265625 0 576.339263310996 396.211527258886 547.531289598697 541.842372823939 1000 1000 323.146821625363 0 211.540332039248

Distance Matrix of Original Points
15
0 5248.32240080602 1934.47653147944 3644.80514312969 2624.37183973833 3146.32578640703 3668.76811204301 2851.2612862784 3535.64278976967 4005.80046252928 4050.01635277161 2724.14364757118 5742.6508096125 4079.78393975008 4560.83070211639
5248.32240080602 0 4457.33295589066 4588.54614711105 6045.90424085042 4206.85566368669 6697.1402265326 5679.2241376132 4288.25500959216 3614.15715324352 5181.42786602364 2641.71370507982 6542.74631845424 4390.7983666019 4563.60559936102
1934.47653147944 4457.33295589066 0 3381.87428056634 3372.19019174931 4068.47753662592 5374.25729065535 3593.99899963033 2938.76660651433 4071.32393104985 5638.7589464953 3695.70253570587 7000.0792743449 5720.8124653103 5501.62906624903
3644.80514312969 4588.54614711105 3381.87428056634 0 4161.77920127676 3452.42677091317 5271.7185707364 4743.72786634498 810.324700527272 5411.68097644567 4943.28842739013 4377.59789538568 5959.98403268571 4468.81063246716 5017.97271556921
2624.37183973833 6045.90424085042 3372.19019174931 4161.77920127676 0 4431.59623161849 4874.54149192036 2550.14294350455 4378.53274850602 3665.11037250543 4328.11581391879 4827.36125675659 5618.29219529392 4485.08808943894 3487.53399642281
3146.32578640703 4206.85566368669 4068.47753662592 3452.42677091317 4431.59623161849 0 4358.58258172928 4544.46485184742 3062.54001702345 3877.10034867892 3608.5870789532 2605.84055293046 5144.61606639613 3580.22766889038 4566.75216108422
3668.76811204301 6697.1402265326 5374.25729065535 5271.7185707364 4874.54149192036 4358.58258172928 0 5684.08404717437 5020.90018384482 5302.93335960551 3353.47781957807 4275.3768077692 6063.99567753585 3722.09975335059 4794.36789567421
2851.2612862784 5679.2241376132 3593.99899963033 4743.72786634498 2550.14294350455 4544.46485184742 5684.08404717437 0 4550.49090733108 3896.75208814241 3758.49074049035 3743.58473789502 5617.40702677552 4948.43616311949 3222.80431529042
3535.64278976967 4288.25500959216 2938.76660651433 810.324700527272 4378.53274850602 3062.54001702345 5020.90018384482 4550.49090733108 0 4925.20061700887 4896.51286228692 3577.34836679125 6034.76503800166 4120.78308763754 5237.69409175242
4005.80046252928 3614.15715324352 4071.32393104985 5411.68097644567 3665.11037250543 3877.10034867892 5302.93335960551 3896.75208814241 4925.20061700887 0 2746.37256298817 1767.02646675572 5071.40320539474 5029.90386799952 3584.33083084839
4050.01635277161 5181.42786602364 5638.7589464953 4943.28842739013 4328.11581391879 3608.5870789532 3353.47781957807 3758.49074049035 4896.51286228692 2746.37256298817 0 2539.71416094382 5864.51345187751 4281.85705697865 3329.67037800976
2724.14364757118 2641.71370507982 3695.70253570587 4377.59789538568 4827.36125675659 2605.84055293046 4275.3768077692 3743.58473789502 3577.34836679125 1767.02646675572 2539.71416094382 0 6098.95975723105 3679.07916237054 3222.85979624449
5742.6508096125 6542.74631845424 7000.0792743449 5959.98403268571 5618.29219529392 5144.61606639613 6063.99567753585 5617.40702677552 6034.76503800166 5071.40320539474 5864.51345187751 6098.95975723105 0 5311.606548812 7297.42237796859
4079.78393975008 4390.7983666019 5720.8124653103 4468.81063246716 4485.08808943894 3580.22766889038 3722.09975335059 4948.43616311949 4120.78308763754 5029.90386799952 4281.85705697865 3679.07916237054 5311.606548812 0 4499.86364983919
4560.83070211639 4563.60559936102 5501.62906624903 5017.97271556921 3487.53399642281 4566.75216108422 4794.36789567421 3222.80431529042 5237.69409175242 3584.33083084839 3329.67037800976 3222.85979624449 7297.42237796859 4499.86364983919 0
