FCS File: fcsFiles/016.fcs

Number of points: 15

Max Distortion: 3436.981

Avg Distortion: 827.4607

Projected Points
2388.05899298044 -370.889584121919
-1695.58213996038 -1630.52977539969
94.4578087176996 -1644.27865764371
-601.621148132277 2205.65092092615
2392.83338131653 -316.580078866848
-1052.55541659855 -1732.32541981446
-1707.03052501098 1369.33851604309
-3338.10619759822 -1359.33915587017
1584.67195569461 2037.95036084304
90.7332769978634 1883.288557291
2799.68949935253 -502.848708380596
-1821.00276850995 612.689753794304
2261.16106150384 -1050.62983844594
-1300.49889643822 1755.92198707102
-95.2088843149407 -1257.41887742527

Original Points
0.0073390660872974 0.0060806751207565 0 312.01046968495 555.213053912663 245.927412496683 437.042621354321 557.39663619255 1000 1000 445.370381771032 66.7210681711085
802.233099937439 625.640571117401 492.349759506606 131.127077103089 284.784740572684 112.619540485831 0 14.6338417547677 491.984231259621 226.442421709662 0 0
0.003814697265625 0.003814697265625 0 0 0 0 441.00772793697 0 494.016966500993 224.254072638938 419.594668508034 530.643251533771
0.00573213264942751 0.00760473494665348 548.025214044427 1000 1000 552.972135022033 64.8895679369668 344.016091954932 236.060928916218 0 0 356.820401030211
21.9355802983046 0.003814697265625 0 228.441318175509 361.937659442196 497.509787563028 1000 1000 462.77238539459 0 235.831841552759 65.8359598139567
0.00828808151709381 0.003814697265625 0 0 0 0 0 0 0 0 1000 0
0.00938207085710019 0.0101661889857496 1000 1000 433.585773368151 60.5450552181615 244.098167576852 73.0141504639902 0 253.345025161449 469.208796557379 220.622643629539
750.053286552429 1000 0 1000 0 0 0 0 0 0 0 0
0.003814697265625 0.00800345242168987 319.517966854075 469.528791586689 650.429638022985 1000 1000 497.584592605427 74.0362063597854 282.143597734756 207.232154871405 0
0.0107344067146187 0.0058158443607681 355.227447841208 544.292444191283 1000 1000 397.448531651543 0 141.561479660474 85.0018471594829 51.6548097282893 0
0.0041464732021268 0.003814697265625 0 310.447469104089 211.640198530848 562.85478817696 654.173381051227 1000 1000 425.025010585908 0 182.601955854326
0.00917226861929521 703.954458236694 1000 484.238230948822 185.091900834324 278.718765388247 150.484527913514 14.6740226034183 209.009434424056 445.44083076231 229.155940027604 394.823695827385
0.00678911010254524 0.00565966911381111 0 0 490.305238513586 233.459856513265 640.637756484195 681.976358546309 1000 0 0 0
0.0117562703962903 0.0128819201563601 1000 1000 525.078963266902 164.985782305787 289.72221673737 207.996529696297 0 175.208660186331 543.64963753845 244.008627461588
0.003814697265625 0.003814697265625 0 108.994334124227 240.738322834648 96.5392751778231 0 150.408260146067 492.297217503784 226.016789476714 365.121240318156 483.814226565218

Distance Matrix of Original Points
15
0 5278.29980151789 3445.9453267019 5072.79192733432 3303.56943389029 4728.94409503453 4596.72720124608 6745.70057102463 3897.77982072457 4617.2366553988 2458.02907258639 4998.23798924116 2229.65311945521 4396.15513558582 3289.94408457157
5278.29980151789 0 3858.84773337416 4741.4345088059 5000.32966977165 4181.80318066832 4516.44955543284 2918.22670045369 5355.95282365275 4536.34102778277 5151.65550389235 3283.56882427338 4420.13733657943 4910.99382323065 2987.92373094361
3445.9453267019 3858.84773337416 0 4896.76493772977 3572.88157526523 2270.33182348689 3646.80911325281 4859.56234427661 4716.93350029479 4333.37883180795 3772.49837633555 3789.65469529618 3285.85132768482 4003.11576732081 1142.47283921315
5072.79192733432 4741.4345088059 4896.76493772977 0 4379.66430144455 5102.79068489134 3055.84535295009 4852.82428858962 3652.47880761784 2360.09154099779 4644.27582326645 3915.43690685124 4411.70318333549 2743.47668799653 3887.5966680661
3303.56943389029 5000.32966977165 3572.88157526523 4379.66430144455 0 4402.59256105331 5089.27280914988 6123.56020714788 2641.25441629866 4092.33518677092 1980.25712801218 5247.01961387958 2159.07076539834 4915.40964493781 3315.94962560158
4728.94409503453 4181.80318066832 2270.33182348689 5102.79068489134 4402.59256105331 0 3816.00946434182 3750.04118377365 5086.01730043172 4471.881388248 5346.74694491167 4637.276996401 4046.38255400062 4063.36367752759 2433.69165889458
4596.72720124608 4516.44955543284 3646.80911325281 3055.84535295009 5089.27280914988 3816.00946434182 0 4504.45335026811 4133.16611991925 3780.80078472143 5429.78995854882 2653.68676988149 5178.31962825919 552.508625098148 3328.2561248566
6745.70057102463 2918.22670045369 4859.56234427661 4852.82428858962 6123.56020714788 3750.04118377365 4504.45335026811 0 6311.45683326449 5236.63840815107 6475.89319047714 4469.25054287915 5796.42004783057 4900.6790655546 4695.98665505608
3897.77982072457 5355.95282365275 4716.93350029479 3652.47880761784 2641.25441629866 5086.01730043172 4133.16611991925 6311.45683326449 0 1980.43303285921 3661.45980474339 4633.206240828 3674.81017533611 3932.594054259 4456.47611695558
4617.2366553988 4536.34102778277 4333.37883180795 2360.09154099779 4092.33518677092 4471.881388248 3780.80078472143 5236.63840815107 1980.43303285921 0 4504.02932404945 4206.81609454367 4096.01965908376 3693.91804290384 4290.14500986557
2458.02907258639 5151.65550389235 3772.49837633555 4644.27582326645 1980.25712801218 5346.74694491167 5429.78995854882 6475.89319047714 3661.45980474339 4504.02932404945 0 4930.22964795212 1857.69816082023 5412.20427268607 3573.67673959835
4998.23798924116 3283.56882427338 3789.65469529618 3915.43690685124 5247.01961387958 4637.276996401 2653.68676988149 4469.25054287915 4633.206240828 4206.81609454367 4930.22964795212 0 5556.52825593598 2950.53654167794 3330.912230996
2229.65311945521 4420.13733657943 3285.85132768482 4411.70318333549 2159.07076539834 4046.38255400062 5178.31962825919 5796.42004783057 3674.81017533611 4096.01965908376 1857.69816082023 5556.52825593598 0 4891.02228215534 3250.34754426403
4396.15513558582 4910.99382323065 4003.11576732081 2743.47668799653 4915.40964493781 4063.36367752759 552.508625098148 4900.6790655546 3932.594054259 3693.91804290384 5412.20427268607 2950.53654167794 4891.02228215534 0 3552.5596516377
3289.94408457157 2987.92373094361 1142.47283921315 3887.5966680661 3315.94962560158 2433.69165889458 3328.2561248566 4695.98665505608 4456.47611695558 4290.14500986557 3573.67673959835 3330.912230996 3250.34754426403 3552.5596516377 0
