FCS File: fcsFiles/017.fcs

Number of points: 15

Max Distortion: 4080.459

Avg Distortion: 1125.958

Projected Points
96.1252792843218 -3223.40524559953
-1090.73923650206 -1552.80436704781
1996.78139658281 462.824987421891
1621.73362988262 -1392.29341819617
2204.66921173474 3792.60781135397
-3732.00270862035 -545.30030051995
-3390.69863116412 1841.75087364885
1600.25454291908 666.123145369742
-678.026346537552 -1135.09274861172
1392.80868216484 -156.230738726607
-2278.28027195431 342.074725539291
970.490515881164 -526.717943558304
-941.602416437746 2749.62849713628
1469.45081521511 -1317.33874299127
759.03553755146 -5.82653521867129

Original Points
62.316045165062 0.003814697265625 0 0 1000 0 0 0 0 0 1000 1000
169.612273573875 62.9290789365768 0 0 0 62.8544158180101 0 0 0 1000 0 1000
0.003814697265625 0.003814697265625 309.231406384047 185.969579519269 566.559198981038 669.224703667949 1000 1000 191.016482718948 0 248.263737152431 88.7434215722307
0.0107570058389683 0.00555927135792444 377.862269809265 420.189576340725 1000 1000 124.190583361905 35.0292262034164 208.123930702512 71.3178150960367 0 144.370530434543
1000 1000 1000 712.106392463563 0 0 0 1000 0 0 0 0
0.00802252179710194 0.00840676511870697 0 1000 0 0 0 0 1000 1000 1000 0
0.003814697265625 1000 0 1000 1000 0 1000 0 1000 1000 0 0
754.123389720917 0.00487443367092055 227.599059413671 254.021220398011 75.6855641869955 0 215.736546255758 533.590870253393 0 0 0 0
0.003814697265625 0.003814697265625 0 0 0 0 0 0 530.884260669999 204.314614408351 398.987946911964 378.520460187116
0.003814697265625 1000 0 0 1000 1000 128.597083754407 182.828120256828 193.411574628074 121.260488686992 0 197.635378076351
0.00586548276260146 0.00439050472778035 0 108.594068012508 101.455036819698 204.84373136727 611.852087976272 366.451385545445 1000 1000 107.701346155515 31.8594631177432
0.00591722300669062 0.0107422929431777 246.172854061311 409.834896643539 475.770087216188 1000 1000 210.660297611242 154.656074171227 307.336891791915 140.84785273812 0
0.003814697265625 1000 0 0 0 0 472.716010223881 1000 1000 237.702068860021 2.00333712030782 257.678803558891
0.00423183109887759 0.00499376392326667 66.6910774650944 0 0 1000 0 0 0 0 0 0
0.00718592718840227 262.786537408829 1000 95.3722712271003 92.2749149438214 162.979169400322 97.5816926584769 0 0 415.865705833841 199.655245764191 0

Distance Matrix of Original Points
15
0 3233.07590846613 5514.18804505231 4154.64990381263 7649.78653260124 5062.31261471112 7062.30841577053 4847.0705364261 3020.00269844707 4490.77030502048 6113.0361822983 5774.36012986266 6513.04435417523 4129.00406986572 4804.96026036116
3233.07590846613 0 6251.20099414936 5119.37786130249 6542.41945577112 4295.37933904155 6169.53379575804 4016.92299697579 2642.42527192043 5229.76587599799 3638.71487346392 5500.2754478262 5148.87227068332 3236.36878856251 3538.605718461
5514.18804505231 6251.20099414936 0 3300.17194400937 5980.70532125831 7008.517731107 6371.91419286014 3842.59918600562 4715.66852928612 4428.7993387985 4344.22107215653 2037.69361638026 4720.14643179101 3853.86964139541 4671.33422300923
4154.64990381263 5119.37786130249 3300.17194400937 0 6427.01186342796 5981.82686964766 5733.44150398326 4008.779202881 4046.17534854231 2068.17850094032 5143.01940187038 2292.42983547912 6185.12136315189 2314.39994516548 3912.82121472223
7649.78653260124 6542.41945577112 5980.70532125831 6427.01186342796 0 7287.87717824952 7287.88979283917 3234.18908868665 6224.80604524646 6170.17898265529 7294.76234835462 6924.03259054897 4682.2027975294 5645.40608940345 4322.2971265011
5062.31261471112 4295.37933904155 7008.517731107 5981.82686964766 7287.87717824952 0 3999.99580105941 5552.70971924237 3244.34243808919 7194.38431983193 3100.17246395783 5919.93196437056 5490.68520886186 5066.69828115699 4904.72152141581
7062.30841577053 6169.53379575804 6371.91419286014 5733.44150398326 7287.88979283917 3999.99580105941 0 6969.86129941628 6042.30571732346 4937.19435126371 3888.95239365826 5250.0744148206 4549.2640615953 7066.68650083501 6398.75666432237
4847.0705364261 4016.92299697579 3842.59918600562 4008.779202881 3234.18908868665 5552.70971924237 6969.86129941628 0 3573.46117744532 5110.259070104 4060.57325966796 4038.6301793672 4532.19334784261 2994.0614602628 3394.78295213198
3020.00269844707 2642.42527192043 4715.66852928612 4046.17534854231 6224.80604524646 3244.34243808919 6042.30571732346 3573.46117744532 0 4311.82123009998 3295.94765906163 4458.35818389699 3493.04165572817 2579.39995584301 3031.28265560158
4490.77030502048 5229.76587599799 4428.7993387985 2068.17850094032 6170.17898265529 7194.38431983193 4937.19435126371 5110.259070104 4311.82123009998 0 5427.97642741585 3642.77925169771 4146.36757436045 2890.41914623766 4676.48594767227
6113.0361822983 3638.71487346392 4344.22107215653 5143.01940187038 7294.76234835462 3100.17246395783 3888.95239365826 4060.57325966796 3295.94765906163 5427.97642741585 0 3863.84340894516 3281.39046930353 4189.76297063586 3915.71938573258
5774.36012986266 5500.2754478262 2037.69361638026 2292.42983547912 6924.03259054897 5919.93196437056 5250.0744148206 4038.6301793672 4458.35818389699 3642.77925169771 3863.84340894516 0 5759.89495825608 2878.59531068938 3986.65372423923
6513.04435417523 5148.87227068332 4720.14643179101 6185.12136315189 4682.2027975294 5490.68520886186 4549.2640615953 4532.19334784261 3493.04165572817 4146.36757436045 3281.39046930353 5759.89495825608 0 5036.78672059811 5096.47185613434
4129.00406986572 3236.36878856251 3853.86964139541 2314.39994516548 5645.40608940345 5066.69828115699 7066.68650083501 2994.0614602628 2579.39995584301 2890.41914623766 4189.76297063586 2878.59531068938 5036.78672059811 0 2933.86408130301
4804.96026036116 3538.605718461 4671.33422300923 3912.82121472223 4322.2971265011 4904.72152141581 6398.75666432237 3394.78295213198 3031.28265560158 4676.48594767227 3915.71938573258 3986.65372423923 5096.47185613434 2933.86408130301 0
