FCS File: fcsFiles/019.fcs

Number of points: 15

Max Distortion: 3964.637

Avg Distortion: 940.6718

Projected Points
-514.020696395316 681.850546252675
-3871.21962409694 -1542.98335876944
-905.408145856593 2031.04608975192
365.708456537817 -1564.39297919053
2955.47981241548 -579.285459121281
-1078.7896703663 2002.28954197446
2431.72159773429 -516.936001834299
-1470.76760277374 2289.10603846347
-724.211484810869 -1433.86714691112
-1657.22657559826 -1848.69982934325
2363.40274547596 -101.071325020536
1594.72053901531 -835.134823720247
1772.37123535296 1902.13450459208
-1678.87587477267 198.780228117251
417.115288138875 -682.836025241169

Original Points
0.00621907111053588 0.00488410933030536 0 10.2394387992094 581.713552705703 161.270740583757 440.996316090602 0 0 0 0 0
84.902286529541 0.003814697265625 1000 0 1000 0 1000 1000 0 0 0 1000
0.0108389294837252 0.00545309103472391 498.780329479629 356.748887370589 1000 1000 311.987569211797 165.171344602535 302.798792071992 261.566082260269 160.038098812655 48.5046594369998
0.00717224247637205 179.709702730179 1000 116.985601780347 0 122.574985079017 3.69748119361802 0 169.738632073403 343.701417704425 0 584.277098676386
0.003814697265625 1000 0 0 0 0 0 0 1000 248.144581015293 92.0178720601226 173.219752197413
0.010650640433596 0.00515411056767334 393.286086841924 348.345943043887 1000 1000 79.5841787036839 0 45.020631578132 36.2835044112957 0 0
736.574769020081 766.307651996613 317.344225002907 108.227768226999 302.094539184119 223.526456333752 0 0 558.297328300861 222.275479663429 402.022436506799 376.303590116254
0.00388245280191768 0.00747527883504517 277.284432792919 484.649015017202 488.039511282091 1000 1000 152.53071599645 106.764665986501 149.687902528552 104.461613674152 0
0.0080720556070446 0.00779984657128807 1000 1000 157.433565313103 0 226.906232874411 93.9604967292095 0 270.763261978224 531.834481451812 156.092221715655
0.00791331603977596 0.00763991647545481 1000 1000 20.8594559194354 113.795020499322 0 1000 0 0 0 0
0.003814697265625 0.00513127179146977 104.373050545551 0 0 398.169940040321 19.2127686536136 581.071632509236 550.548045520646 1000 1000 212.029293328059
245.88043987751 165.628880262375 230.154408951122 0 197.589898456429 26.8549806187749 0 0 580.952764349635 86.9744689349819 550.631945470411 421.640728594411
0.00731832005840261 182.636454701424 0 0 0 1000 0 0 0 1000 0 0
0.003814697265625 0.003814697265625 574.398824155258 276.827447703146 536.880945066552 0 1000 0 0 0 1000 0
0.0076292658377497 494.464844465256 1000 277.907061715317 0 205.80434924125 106.743565582674 0 51.5677086633411 580.4971662304 0 0

Distance Matrix of Original Points
15
0 4233.69744745716 3169.39839766488 3441.87722633499 3707.59977371661 2431.12927274405 4259.97375221647 2756.55081973363 3842.05660298998 4039.09114421417 4698.66041183826 3251.62770236407 3054.3112368528 2606.09733897741 3354.69378023162
4233.69744745716 0 5141.60104377837 4429.62705908717 7251.83735801301 5041.67278879012 6936.58343451845 5012.61060179326 5253.1034264209 4177.8337630126 7116.93102893131 5722.63234228492 7267.52760821364 4250.44615031361 5588.38840729933
3169.39839766488 5141.60104377837 0 4182.58335347325 5236.04773049166 1203.07590593706 4748.93367811205 1974.01200150271 3934.71443238457 4929.54527636109 5051.33836704748 4506.05737217569 3765.09812094574 3924.68286224985 4017.84002183236
3441.87722633499 4429.62705908717 4182.58335347325 0 3492.44514602284 3987.50700633502 3541.30322556234 4730.10845230418 2862.59114593066 3193.77125225388 4473.85815626008 2825.00206364041 3411.34930898914 4518.62786475183 1601.19627785712
3707.59977371661 7251.83735801301 5236.04773049166 3492.44514602284 0 5253.2959597055 2902.1164664905 5579.85177387705 4957.85957326487 5648.03314039388 4250.92130301152 2822.09943048216 3834.46009216361 5717.44986338027 3642.01644745186
2431.12927274405 5041.67278879012 1203.07590593706 3987.50700633502 5253.2959597055 0 4850.48453470533 2116.83088758867 4309.64927233438 4284.60703151885 5561.81214350047 4337.00620731206 3012.58796866756 3717.47842022974 3543.73128275798
4259.97375221647 6936.58343451845 4748.93367811205 3541.30322556234 2902.1164664905 4850.48453470533 0 5232.28598644406 4723.15723965427 6027.16022824073 4448.82050518371 1939.86989581725 4938.72659933597 5141.69589404059 3930.58256045785
2756.55081973363 5012.61060179326 1974.01200150271 4730.10845230418 5579.85177387705 2116.83088758867 5232.28598644406 0 4211.64611365173 4799.83924874685 5558.42368478759 4764.11494181796 3646.67446751061 2858.30279163531 4342.4087836622
3842.05660298998 5253.1034264209 3934.71443238457 2862.59114593066 4957.85957326487 4309.64927233438 4723.15723965427 4211.64611365173 0 2342.00514985355 4949.92935444483 3618.30461094254 5078.09314469637 3290.30461649956 2843.13982035142
4039.09114421417 4177.8337630126 4929.54527636109 3193.77125225388 5648.03314039388 4284.60703151885 6027.16022824073 4799.83924874685 2342.00514985355 0 5401.58640717142 5085.20974772323 5089.69384520104 4778.59816162602 3068.22765202144
4698.66041183826 7116.93102893131 5051.33836704748 4473.85815626008 4250.92130301152 5561.81214350047 4448.82050518371 5558.42368478759 4949.92935444483 5401.58640717142 0 3308.88073130717 3251.69967756921 5006.34162569858 4659.47802312413
3251.62770236407 5722.63234228492 4506.05737217569 2825.00206364041 2822.09943048216 4337.00620731206 1939.86989581725 4764.11494181796 3618.30461094254 5085.20974772323 3308.88073130717 0 4130.02099226475 3937.65559729015 4100.92468728686
3054.3112368528 7267.52760821364 3765.09812094574 3411.34930898914 3834.46009216361 3012.58796866756 4938.72659933597 3646.67446751061 5078.09314469637 5089.69384520104 3251.69967756921 4130.02099226475 0 5570.74336055191 2961.74552119929
2606.09733897741 4250.44615031361 3924.68286224985 4518.62786475183 5717.44986338027 3717.47842022974 5141.69589404059 2858.30279163531 3290.30461649956 4778.59816162602 5006.34162569858 3937.65559729015 5570.74336055191 0 4189.15223781234
3354.69378023162 5588.38840729933 4017.84002183236 1601.19627785712 3642.01644745186 3543.73128275798 3930.58256045785 4342.4087836622 2843.13982035142 3068.22765202144 4659.47802312413 4100.92468728686 2961.74552119929 4189.15223781234 0
