FCS File: fcsFiles/023.fcs

Number of points: 15

Max Distortion: 4349.807

Avg Distortion: 1097.836

Projected Points
-4380.89923539519 -1607.45935890715
-742.235147972983 83.4831435697449
-898.283315417589 -723.263015843447
3163.65398383844 -964.108106029701
2571.46177585746 -1456.86526442729
665.957432758275 696.867437565741
-503.907170554628 4401.31899465562
2020.53513549661 1273.57584951671
-4067.48886375845 546.262022347813
94.1689390129258 601.78599850553
693.989488671503 1787.7383556202
2957.64442219658 -939.768690794025
-303.208986971329 -1504.4230914414
-90.7987677981109 -914.530850817919
-1180.58968996351 -1280.61342352043

Original Points
1000 0.003814697265625 1000 1000 0 0 0 0 0 0 0 1000
0.003814697265625 0.003814697265625 0 0 0 0 0 0 0 0 0 304.515509115409
483.727961778641 0.0056417861742375 78.3245355427359 188.654296016254 111.69457087837 0 256.804018840881 302.471677890265 117.535844424473 423.365566669623 252.171522951561 1000
0.00383869337383658 0.0077752356446581 322.891524416528 0 119.340058900015 677.087436258467 354.513482823719 491.696212620967 428.128020042404 1000 1000 221.108998417831
0.003814697265625 0.00434249113823171 89.8829553529906 0 0 233.524835349835 5.05924388414761 562.663810376075 205.974848523808 1000 1000 72.3539666039445
648.883640766144 915.20231962204 305.445200497319 129.72929865825 335.001958043967 249.930660411345 0 77.6446147029003 557.02297427868 438.930555289942 441.007848696002 0
343.379378318787 550.941228866577 0 0 1000 0 1000 0 1000 0 0 0
0.003814697265625 0.003814697265625 0 0 0 173.902494279769 445.396082305812 296.983555408963 1000 1000 116.278830564251 0
1000 0.003814697265625 0 1000 0 0 1000 0 0 0 0 1000
536.271989345551 689.524412155151 166.455866952006 0 217.452564314156 38.5729455476168 0 165.731814457879 530.659037526952 94.7266290572796 467.124575248957 234.387015001981
0.003814697265625 0.003814697265625 399.982584025004 28.1121807798263 486.938808011114 559.949328277743 1000 1000 13.2807166427402 20.299466398821 135.850065368683 56.6350457474695
0.003814697265625 0.003814697265625 0 0 0 418.065959845992 211.146156306688 564.611685636962 426.18458539206 1000 1000 145.324020579328
0.003814697265625 1000 0 0 0 0 0 0 0 246.422851154169 1000 1000
709.401965141296 0.00576802631258033 0 252.017153842366 97.0381385196602 0 74.490209117617 458.807469420044 0 0 1000 0
0.00865343008626951 0.0068350300352904 1000 1000 199.338333664317 48.7663229294475 269.284410509174 121.659854828448 0 163.033420616358 497.505967926395 136.750207008431

Distance Matrix of Original Points
15
0 3695.48067618733 3713.33823540645 7526.76480965622 6844.98252927354 5930.6789764259 7207.55803585052 7032.55714786153 2000 5266.67329231119 6731.58475944954 7474.68055190511 5246.41522175964 4668.91865140271 3162.83247036839
3695.48067618733 0 2910.23249826904 4477.06723029416 3329.26776379219 4403.30695068747 4198.82848690624 3337.0764716742 3695.48067618733 2976.64069932444 3892.29361287187 3779.19987571778 2941.9035273415 2896.26858378817 3467.36147164671
3713.33823540645 2910.23249826904 0 4302.56055199735 3881.64242374787 3965.15559296011 5450.23733546697 3825.37333812686 3356.37926881016 3279.05141462832 4908.85164645626 4076.0508375016 3463.97464145207 3009.39744472593 4032.89619892307
7526.76480965622 4477.06723029416 4302.56055199735 0 1587.24472563996 4592.69927343764 6705.111603204 2907.717914335 7463.52089284184 4353.28315191046 4166.90611087245 995.268256285378 4926.11713425056 3945.84720392223 4692.64647163523
6844.98252927354 3329.26776379219 3881.64242374787 1587.24472563996 0 4294.31925803803 6641.70392527185 2605.62320512159 7014.62995221122 4041.62288292498 4636.11610489455 775.639186170083 3778.3245332376 2833.47878036131 4609.28204456163
5930.6789764259 4403.30695068747 3965.15559296011 4592.69927343764 4294.31925803803 0 4420.42859913593 4403.79346589977 6541.56937742054 1655.07410397889 5468.70991113225 4596.72732034859 4139.95206847907 3901.94115629535 4805.19202045985
7207.55803585052 4198.82848690624 5450.23733546697 6705.111603204 6641.70392527185 4420.42859913593 0 4036.081775738 5207.55803585052 3750.36303873995 4594.92212373453 6384.98390215437 6038.85718590911 5456.25432328791 6393.39814786083
7032.55714786153 3337.0764716742 3825.37333812686 2907.717914335 2605.62320512159 4403.79346589977 4036.081775738 0 6141.7649832499 4281.52166846383 4601.32686660948 2348.90212641636 5553.57663557886 4648.8088470499 5030.8616602116
2000 3695.48067618733 3356.37926881016 7463.52089284184 7014.62995221122 6541.56937742054 5207.55803585052 6141.7649832499 0 5599.5850262152 5531.54992749955 7052.38823929173 5246.41522175964 4519.93823316747 4624.26364935004
5266.67329231119 2976.64069932444 3279.05141462832 4353.28315191046 4041.62288292498 1655.07410397889 3750.36303873995 4281.52166846383 5599.5850262152 0 5213.39044460566 4230.90248740779 3415.80062313769 3200.32298247811 4127.97305401587
6731.58475944954 3892.29361287187 4908.85164645626 4166.90611087245 4636.11610489455 5468.70991113225 4594.92212373453 4601.32686660948 5531.54992749955 5213.39044460566 0 4626.60241111772 6521.89807667836 4704.2051435125 4577.53804329718
7474.68055190511 3779.19987571778 4076.0508375016 995.268256285378 775.639186170083 4596.72732034859 6384.98390215437 2348.90212641636 7052.38823929173 4230.90248740779 4626.60241111772 0 4228.25770075094 3290.49012535847 4843.95492507766
5246.41522175964 2941.9035273415 3463.97464145207 4926.11713425056 3778.3245332376 4139.95206847907 6038.85718590911 5553.57663557886 5246.41522175964 3415.80062313769 6521.89807667836 4228.25770075094 0 3838.16820447158 5088.18018123716
4668.91865140271 2896.26858378817 3009.39744472593 3945.84720392223 2833.47878036131 3901.94115629535 5456.25432328791 4648.8088470499 4519.93823316747 3200.32298247811 4704.2051435125 3290.49012535847 3838.16820447158 0 3942.66321862822
3162.83247036839 3467.36147164671 4032.89619892307 4692.64647163523 4609.28204456163 4805.19202045985 6393.39814786083 5030.8616602116 4624.26364935004 4127.97305401587 4577.53804329718 4843.95492507766 5088.18018123716 3942.66321862822 0
