FCS File: fcsFiles/024.fcs

Number of points: 15

Max Distortion: 3827.66

Avg Distortion: 1334.522

Projected Points
-33.7978977069056 -1592.7826939851
-1679.15945639417 -366.200967341562
-1615.50966097152 543.075077974019
-747.028746304135 1291.7524467359
-1732.9422650771 395.934342675597
-194.331959501669 -1373.31344608895
-2500.345588061 -910.370734159878
2041.29758593205 1502.9782313281
390.666436792848 1552.50432269333
2324.9667283254 1646.87338414532
1248.76496626318 543.789362503602
-1318.28857280174 -1841.66130627017
1612.22831033614 1879.84336402733
3662.76113073768 -3728.96195728913
-1459.28101156907 456.540573051591

Original Points
560.103714466095 679.901957511902 423.882696336132 253.137466753503 318.355416575006 100.350638851802 0 71.9478194885723 580.376623424361 0 0 0
252.176702022552 127.979427576065 0 0 0 0 0 0 0 0 0 0
0.003814697265625 0.003814697265625 0 0 0 0 1000 1000 404.635494510376 106.033874813398 376.706693906125 99.6281475202385
0.003814697265625 0.003814697265625 0 0 141.003736236571 341.417901663765 167.147520311085 0 174.755807093128 572.951150147691 205.274668821758 490.851419824634
0.003814697265625 0.00700739792591776 65.7821498891436 0 0 0 0 0 0 0 0 0
0.003814697265625 999.996185302734 423.407069338304 23.9431943649431 406.510734335144 202.333192194383 0 186.355256517648 665.541651706781 248.765500193611 578.07969639073 483.367681603857
0.003814697265625 1000 1000 0 0 0 0 0 0 0 613.229908053336 0
0.00724391156836646 0.00513912982569309 610.90090579438 333.126670006403 1000 1000 357.504811402176 80.7471539239604 292.63560983023 14.1996392997096 0 96.333289894228
0.003814697265625 0.00421438289777143 551.225334956944 190.054708638827 494.219487622474 327.430471417379 1000 1000 463.101662533022 196.271949084462 359.135233210485 137.823817701224
0.00513070017404971 0.0135220843731076 640.927836358607 1000 1000 472.334307260688 183.432358195707 418.590095251656 229.093230881602 0 0 591.620111877247
0.00394125754610286 0.003814697265625 403.616196087316 484.592559905539 180.546020975841 455.88444790756 342.950520442364 1000 1000 385.575696406408 26.5935581863829 345.486541444485
0.0117281797429314 510.697185993195 0 1000 0 0 0 1000 1000 0 1000 0
0.0060835222939204 0.0109318607428577 584.603455343289 1000 1000 411.645556900491 177.22348808147 367.899832177088 127.459443395659 0 287.452520267886 506.17782330068
1000 1000 0 0 1000 1000 0 1000 1000 0 0 1000
0.003814697265625 0.0059243175201118 53.8216470120657 0 0 337.870555746668 147.141133205543 632.76510354427 607.720898246393 1000 1000 424.468450888886

Distance Matrix of Original Points
15
0 2607.90020380876 5021.88628676508 4249.23054374847 2922.26336142304 2809.78724154846 3393.71311906738 3852.87273484658 4571.92508464531 4730.5010826751 4433.34458764567 4666.42359990156 4860.23447468955 5365.9839927719 5578.84092548281
2607.90020380876 0 3367.15271095422 2473.55070430272 445.92745739257 4342.49362169736 2737.42336780256 4165.59182670831 5099.41076568327 4916.13541663958 5005.3939149997 4634.88273225994 4842.60123368214 6619.84387040138 4583.93417922766
5021.88628676508 3367.15271095422 0 3574.72637772956 3052.78955333994 4858.58162346543 4846.81691629396 5089.61603584748 1767.40177549159 5661.52551026725 3652.5666877208 3935.02111869554 5330.14885332052 6978.46929729438 3656.97321401432
4249.23054374847 2473.55070430272 3574.72637772956 0 2159.18754668844 3400.69737906289 4296.07895981119 4009.13924889961 4113.24932761787 3999.05839705579 3554.68634933116 5844.04253704727 3609.56432904676 6797.3368450679 2572.26857055536
2922.26336142304 445.92745739257 3052.78955333994 2159.18754668844 0 4152.51100466107 2547.44075076627 3719.67122774435 4653.4833082907 4470.22362062572 4559.46671072769 4576.48024196689 4396.68616286527 7065.77132779395 4161.92772758924
2809.78724154846 4342.49362169736 4858.58162346543 3400.69737906289 4152.51100466107 0 2828.56416793793 4923.52676582189 4139.79439417082 4844.26517722042 4277.17979182427 4799.77129147721 4399.09543434334 5330.08694392978 3818.99274338701
3393.71311906738 2737.42336780256 4846.81691629396 4296.07895981119 2547.44075076627 2828.56416793793 0 5176.87446670014 5511.7672225004 5867.35996908016 6378.05225272485 4876.08081943595 5331.57141326184 7613.22609335607 5482.90866224884
3852.87273484658 4165.59182670831 5089.61603584748 4009.13924889961 3719.67122774435 4923.52676582189 5176.87446670014 0 3696.01408530528 2309.5206842286 4010.61915185834 6883.12574376144 2625.63903764684 5846.00358981286 5943.7420253721
4571.92508464531 5099.41076568327 1767.40177549159 4113.24932761787 4653.4833082907 4139.79439417082 5511.7672225004 3696.01408530528 0 4191.53221936308 2807.73092263299 5205.38034149292 3860.15556241635 6874.10375753646 4288.07012832636
4730.5010826751 4916.13541663958 5661.52551026725 3999.05839705579 4470.22362062572 4844.26517722042 5867.35996908016 2309.5206842286 4191.53221936308 0 3758.77147671173 5751.32154894738 648.444403940465 6112.70379649857 5517.82441626625
4433.34458764567 5005.3939149997 3652.5666877208 3554.68634933116 4559.46671072769 4277.17979182427 6378.05225272485 4010.61915185834 2807.73092263299 3758.77147671173 0 4113.57446339018 4037.59052594214 5661.40376474531 3755.08529859583
4666.42359990156 4634.88273225994 3935.02111869554 5844.04253704727 4576.48024196689 4799.77129147721 4876.08081943595 6883.12574376144 5205.38034149292 5751.32154894738 4113.57446339018 0 5407.5304265752 6489.29108582706 4233.51496022065
4860.23447468955 4842.60123368214 5330.14885332052 3609.56432904676 4396.68616286527 4399.09543434334 5331.57141326184 2625.63903764684 3860.15556241635 648.444403940465 4037.59052594214 5407.5304265752 0 6636.07979253569 5174.03001909105
5365.9839927719 6619.84387040138 6978.46929729438 6797.3368450679 7065.77132779395 5330.08694392978 7613.22609335607 5846.00358981286 6874.10375753646 6112.70379649857 5661.40376474531 6489.29108582706 6636.07979253569 0 7198.12803277661
5578.84092548281 4583.93417922766 3656.97321401432 2572.26857055536 4161.92772758924 3818.99274338701 5482.90866224884 5943.7420253721 4288.07012832636 5517.82441626625 3755.08529859583 4233.51496022065 5174.03001909105 7198.12803277661 0
