FCS File: fcsFiles/025.fcs

Number of points: 15

Max Distortion: 2987.443

Avg Distortion: 926.085

Projected Points
-2076.07394801833 3341.52828726289
-2634.84568093765 -701.867978938487
2077.57999616076 3278.65756951957
1255.90040672223 -1079.8049705154
350.708221054353 500.342385135174
2416.74019231426 -2153.05093686287
1457.84167168019 1011.96311725403
-2170.64426527716 -402.052768490232
1794.78770777021 -2118.96034714787
-3206.89453696693 -987.501406725352
-1251.94896683825 -358.326894557156
-19.4004948031205 -254.424597675367
-2567.77689130968 -553.870027150061
2246.91409440173 474.843735775802
2327.11249404737 2.52483311532926

Original Points
0.0457577480119653 1000 0 1000 1000 0 0 1000 0 0 0 0
0.0106302240965306 0.00517060834681615 446.702015362766 338.359610829335 1000 1000 57.4469260814194 0 122.288616926779 76.0268235530214 0 0
0.003814697265625 1000 0 0 0 0 0 1000 0 1000 612.897109596004 0
232.88132250309 80.8538049459457 77.1154716621805 0 122.198936389854 80.0330584710263 0 0 574.622756691262 108.326078070872 521.011759477794 496.006051310806
0.00387754971598042 0.003814697265625 42.5992031936551 450.217984155471 130.527156413709 467.178388936553 322.179394762976 1000 1000 272.071840823843 0 240.429030730785
1000 0.003814697265625 0 0 0 0 0 0 1000 0 1000 0
0.0105530580185587 0.00448131913799443 0 115.026667185452 49.3124877159033 0 0 601.113557513423 126.931569317611 556.267237454911 463.000728854462 1000
0.0094504048320232 0.00492518893224769 0 1000 0 1000 0 0 0 0 0 0
714.156210422516 0.00454137443739455 111.818083151652 173.60546639728 111.202919394418 0 0 0 1000 0 1000 0
0.00848192939884029 0.00710321592123364 1000 1000 0 1000 0 0 0 0 0 0
0.003814697265625 0.003814697265625 1000 1000 146.399398167882 0 134.440655051048 83.2182827827973 0 174.19030697885 563.979473287515 172.861789465063
0.003814697265625 0.003814697265625 0 0 0 0 95.7395374905618 0 150.021171421126 71.9673531192574 0 20.8685567993333
0.003814697265625 0.00515058854944073 436.950608214135 338.722966322741 1000 1000 145.533305478518 89.5326688654003 159.28186102143 120.246929611645 0 198.645013896867
0.00485453483634046 0.00421817594542517 0 0 348.568199214302 129.280044805569 523.80169193665 449.908350919247 1000 1000 170.403630874381 156.828829990426
0.003814697265625 0.00482170753457467 60.6964736463478 0 0 374.773384180672 138.117806761092 519.778618225115 495.480118501858 1000 1000 0

Distance Matrix of Original Points
15
0 4364.13472801022 3612.93905264675 5886.89799910322 4763.75078337966 6999.95042755472 5380.77754658306 4000.03138215425 6541.11560866002 5000.03017260269 4815.89267218528 4338.63474718376 4632.43887549665 6181.87433251071 6549.32628620807
4364.13472801022 0 6501.66910016177 4378.53161743799 4497.18164848683 5796.23748458675 5227.16781648806 2364.10619633333 5113.76649938874 2470.70482127139 4186.05252193554 2876.0229907666 467.599010501306 5352.40024745338 5247.21310971957
3612.93905264675 6501.66910016177 0 4485.55924943235 4993.95267512049 5387.09526100946 3283.78856703379 5612.89782011464 5497.87721369816 6612.89467361222 5245.20707453357 3807.5552074905 6682.2461154641 4151.06071541095 2936.38723356132
5886.89799910322 4378.53161743799 4485.55924943235 0 3881.82641919793 2636.01374748127 2717.53262264813 4132.96874698702 2370.15891805677 4978.7365941111 3565.10344572993 2145.92406627915 4290.75278862329 3647.00433357698 3350.79202809732
4763.75078337966 4497.18164848683 4993.95267512049 3881.82641919793 0 4925.19912146728 4027.09228261489 4090.41693617973 4381.16734953961 5005.21973934397 4824.18221152141 3586.60644303916 4029.58276369043 2782.40389178983 3828.40852682233
6999.95042755472 5796.23748458675 5387.09526100946 2636.01374748127 4925.19912146728 0 4731.77776526147 4999.99166008683 682.470985198005 5999.99480658926 5147.12714446086 3038.55046129076 6170.3471525619 4437.97903493566 3597.88335662437
5380.77754658306 5227.16781648806 3283.78856703379 2717.53262264813 4027.09228261489 4731.77776526147 0 4681.60046019384 4513.88152825805 5681.60360669626 4071.52903279249 2810.72131338226 5001.18233589691 3671.14474490375 3168.5494204018
4000.03138215425 2364.10619633333 5612.89782011464 4132.96874698702 4090.41693617973 4999.99166008683 4681.60046019384 0 4763.56267998097 1000.00314650242 3275.09665193239 2338.60336502951 2811.47328187244 5520.23596101242 4839.3053721427
6541.11560866002 5113.76649938874 5497.87721369816 2370.15891805677 4381.16734953961 682.470985198005 4513.88152825805 4763.56267998097 0 5539.92966018009 4464.6576126172 3149.3338673338 5487.87616736389 4326.3557952325 3587.27236202037
5000.03017260269 2470.70482127139 6612.89467361222 4978.7365941111 5005.21973934397 5999.99480658926 5681.60360669626 1000.00314650242 5539.92966018009 0 2275.09786148395 3338.60457458107 2937.57282419649 6520.23717056398 5717.91363440156
4815.89267218528 4186.05252193554 5245.20707453357 3565.10344572993 4824.18221152141 5147.12714446086 4071.52903279249 3275.09665193239 4464.6576126172 2275.09786148395 0 3236.53562974513 3898.32333580455 5322.91988909921 4830.88693056539
4338.63474718376 2876.0229907666 3807.5552074905 2145.92406627915 3586.60644303916 3038.55046129076 2810.72131338226 2338.60336502951 3149.3338673338 3338.60457458107 3236.53562974513 0 3150.31807047174 3440.19557222655 3291.98790309374
4632.43887549665 467.599010501306 6682.2461154641 4290.75278862329 4029.58276369043 6170.3471525619 5001.18233589691 2811.47328187244 5487.87616736389 2937.57282419649 3898.32333580455 3150.31807047174 0 4969.16239542691 5192.46183543366
6181.87433251071 5352.40024745338 4151.06071541095 3647.00433357698 2782.40389178983 4437.97903493566 3671.14474490375 5520.23596101242 4326.3557952325 6520.23717056398 5322.91988909921 3440.19557222655 4969.16239542691 0 2601.25888870053
6549.32628620807 5247.21310971957 2936.38723356132 3350.79202809732 3828.40852682233 3597.88335662437 3168.5494204018 4839.3053721427 3587.27236202037 5717.91363440156 4830.88693056539 3291.98790309374 5192.46183543366 2601.25888870053 0
