FCS File: fcsFiles/026.fcs

Number of points: 15

Max Distortion: 3126.229

Avg Distortion: 778.7213

Projected Points
-1146.66689527413 206.965385998604
-1792.2691851915 1177.86974801749
1223.40611216676 -862.126809800995
-1856.5971358272 -2408.30484492431
-1548.05908560826 -31.2297229437133
1783.48537207954 -2065.96555845429
2828.61683474103 -441.426838989787
-2082.20354559157 -1839.14868903422
-1851.05326736746 1149.02629017474
316.939485185451 467.211206210526
-236.363403059195 425.358655445933
-1156.03214157933 520.406813818401
506.633553936213 3495.09871198048
1012.05666752538 -24.3966987989926
3998.10663386427 230.662351300139

Original Points
0.003814697265625 0.003814697265625 441.00368249432 0 0 0 0 0 1000 0 0 0
107.172541320324 0.003814697265625 0 0 0 0 0 0 1000 0 1000 0
579.905390739441 0.00618050353295985 85.9339910593783 234.946344984896 97.0321556967504 64.1320445796174 293.74327696083 383.599878969995 115.227979386312 391.916666310749 427.430788765423 1000
0.003814697265625 0.003814697265625 0 0 183.163984596621 418.00788793298 486.094240790222 1000 1000 334.175611393383 0 228.714443185306
0.003814697265625 0.003814697265625 0 0 0 0 457.417206669728 0 1000 0 0 0
0.00858778093970614 0.00487962051920476 421.213110978067 413.60829433056 1000 1000 349.457407001965 249.033587119454 283.909014659831 120.425456824742 0 314.276198152744
0.00508164930579369 0.00718233422958292 380.698087103421 1000 1000 278.789382080269 80.1183071332053 177.61569002329 82.5912402588229 0 0 476.49552022013
0.00610716688242974 0.00487054103359696 0 23.1437927984447 459.972428307797 160.744031669067 395.997020837557 432.885896601697 1000 1000 251.849861851569 0
0.00804658247943735 0.00840676966618048 0 0 0 0 0 0 1000 0 1000 0
0.003814697265625 0.003814697265625 0 0 0 0 0 0 0 0 138.867354503373 417.714730732372
0.003814697265625 0.003814697265625 0 0 0 0 0 0 200.975821456959 0 0 0
8.03619530051947 0.003814697265625 0 0 0 0 1000 0 0 1000 0 0
0.003814697265625 0.003814697265625 1000 1000 0 0 1000 0 0 0 961.645390418911 0
155.900344252586 0.00635436481388751 124.840867069846 225.931402146761 77.1101985582077 0 18.5254430605566 318.821884736611 42.2815295270317 427.588587547104 564.027620007533 1000
1000 1.58117432147264 0 1000 1000 0 0 0 0 0 0 1000

Distance Matrix of Original Points
15
0 1548.17240911738 4712.54681016533 3091.15985039283 898.420889164048 4182.68833829281 3990.73788917797 3165.60006287384 1441.01250645193 1997.58576773007 1240.02786103736 3449.03606309757 4520.64170792459 4061.78549117709 5442.57722742126
1548.17240911738 0 4481.38080563587 3757.32489452157 1564.58593329279 5691.27005821034 5418.29657360947 3328.0607983602 107.169086810245 2386.01610285206 1906.1929051661 4099.1363460198 4145.52333620415 3635.23957618433 5894.40481830388
4712.54681016533 4481.38080563587 0 4290.77245611652 4313.34176253784 4676.28223009338 4552.44207654174 4157.1654392066 4588.54516083358 3117.28498332665 3644.38693124673 4294.51480141598 5551.40365544025 1141.1920713863 3851.67572842916
3091.15985039283 3757.32489452157 4290.77245611652 0 2192.73896122878 4136.66151233101 5064.48293475163 2360.81945808138 3650.16499185613 3749.30936676364 3449.18034644155 4017.64884413456 6639.61307673698 4565.92454885284 6827.9728572616
898.420889164048 1564.58593329279 4313.34176253784 2192.73896122878 0 4342.61327042043 4608.31097329381 2390.01954537413 1457.42603062734 2013.99929190547 1256.44138521277 2550.61517393353 4504.22818374918 4290.82986337107 5458.99075159667
4182.68833829281 5691.27005821034 4676.28223009338 4136.66151233101 4342.61327042043 0 2172.84270656722 4583.14715406444 5584.10910809531 4079.95859600455 3950.95308561733 5220.18601385678 5745.01667287202 4762.09446801827 4697.72179102077
3990.73788917797 5418.29657360947 4552.44207654174 5064.48293475163 4608.31097329381 2172.84270656722 0 5232.53361581479 5311.1299356701 3197.46548517914 3512.10620234746 5324.10609384091 4516.3254633538 4145.73054883384 2524.88609671682
3165.60006287384 3328.0607983602 4157.1654392066 2360.81945808138 2390.01954537413 4583.14715406444 5232.53361581479 0 3220.89878400722 4003.44375660852 3523.62055892256 2940.63013436842 6344.26041982329 4360.97368947022 6759.9307864672
1441.01250645193 107.169086810245 4588.54516083358 3650.16499185613 1457.42603062734 5584.10910809531 5311.1299356701 3220.89878400722 0 2278.85620018661 1799.03300250066 4008.03274079044 4038.3634335387 3742.40358365948 6001.56472096933
1997.58576773007 2386.01610285206 3117.28498332665 3749.30936676364 2013.99929190547 4079.95859600455 3197.46548517914 4003.44375660852 2278.85620018661 0 757.557906692704 2564.614465839 4240.49276664791 2398.44451664077 3722.72616869794
1240.02786103736 1906.1929051661 3644.38693124673 3449.18034644155 1256.44138521277 3950.95308561733 3512.10620234746 3523.62055892256 1799.03300250066 757.557906692704 0 2209.00820206021 4162.62121187587 3071.43936427942 4202.5493663839
3449.03606309757 4099.1363460198 4294.51480141598 4017.64884413456 2550.61517393353 5220.18601385678 5324.10609384091 2940.63013436842 4008.03274079044 2564.614465839 2209.00820206021 0 3969.67777102217 4054.76616005794 5993.54116432369
4520.64170792459 4145.52333620415 5551.40365544025 6639.61307673698 4504.22818374918 5745.01667287202 4516.3254633538 6344.26041982329 4038.3634335387 4240.49276664791 4162.62121187587 3969.67777102217 0 5050.02132772604 5963.21893534585
4061.78549117709 3635.23957618433 1141.1920713863 4565.92454885284 4290.82986337107 4762.09446801827 4145.73054883384 4360.97368947022 3742.40358365948 2398.44451664077 3071.43936427942 4054.76616005794 5050.02132772604 0 4038.71880694779
5442.57722742126 5894.40481830388 3851.67572842916 6827.9728572616 5458.99075159667 4697.72179102077 2524.88609671682 6759.9307864672 6001.56472096933 3722.72616869794 4202.5493663839 5993.54116432369 5963.21893534585 4038.71880694779 0
