FCS File: fcsFiles/003.fcs

Number of points: 15

Max Distortion: 3359.497

Avg Distortion: 1232.986

Projected Points
-3472.31902221283 -1615.70845789608
852.373275238706 -994.352876487613
3085.30034659428 3081.507642584
-1196.25751643605 3465.32104591996
1476.65096577904 -821.383211425301
-154.012445877443 -1252.89381980994
2523.10495619007 -1506.56027938619
-365.667122478593 -1676.10317490532
-2203.77466634624 1764.96970512578
-767.709219944353 -2191.12552364917
682.495271136279 862.399731033461
-166.930500108694 1120.08627876497
-2474.157949234 1064.9813540557
180.234381827105 -619.36524329622
2000.66924587271 -681.773170628037

Original Points
1000 0.003814697265625 0 0 0 1000 0 0 1000 0 1000 0
0.00872068449098151 0.00508938092025346 406.033048954516 340.763217133305 1000 1000 526.391091958719 0 434.650648887457 199.837539920759 63.6224006703041 0
0.0113928463179036 0.0109565553430002 1000 1000 441.007969455007 0 1000 1000 0 0 0 0
0.003814697265625 0.003814697265625 1000 1000 0 0 0 1000 1000 1000 1000 0
0.003814697265625 0.0042241163100698 506.212474934263 557.544394301338 1000 1000 392.946284118792 0 330.175751765484 52.4980043232603 0 0
0.003814697265625 0.00611676296102814 128.59481163187 0 0 405.944136615457 54.9839193494626 545.947637407379 565.996185565494 0 0 1000
0.0085607816799893 434.665590524673 1000 409.278439977667 0 365.596123014834 104.855259803747 0 0 441.002957934332 0 1000
313.880741596222 818.246960639954 455.672464886219 8.05490116405998 394.746755189605 126.494908068148 0 235.720773359526 470.139635445037 166.124564614845 404.089825360343 398.756074220118
0.00643198518446297 0.00471609837404685 0 0 343.501519279665 60.8880005847074 572.923311930977 588.671272310119 1000 1000 382.143186536498 0
0.003814697265625 1000 328.987245440332 80.0705833202018 0 0 438.564504330899 115.004848138247 458.435268663115 286.716998730808 1000 1000
0.003814697265625 0.00454626115242718 374.659935262212 335.783777865456 480.432487351518 600.065241829227 1000 1000 518.141083006516 0 459.564034760115 476.044836475715
0.00462482285001897 0.003814697265625 183.380581049296 407.534061099026 124.581632179751 396.228995627853 306.343103679957 1000 1000 466.356733133887 49.355180966678 398.088503732889
0.0081041180237662 0.00535351819053176 0 0 380.740869012922 211.983788525289 418.237120439329 422.707405541186 1000 1000 581.045652816581 54.163615285903
0.003814697265625 0.003814697265625 0 1000 313.139605450465 324.256240187982 0 0 326.349003177297 76.7526702308392 579.50877494621 594.404717942401
0.00723009225112037 257.726669311523 1000 414.744407032583 56.6971978917152 332.870108556697 81.0998319680368 0 15.3169761890572 394.199271876888 86.0190845743888 416.58881788162

Distance Matrix of Original Points
15
0 4974.7444024087 8441.00371846677 5999.99618530273 5179.02200063395 4757.58453357619 7024.19374974664 5162.71356890731 5062.05938581548 5790.90128190284 6089.14759422566 5440.69581345742 4482.81300364037 4754.17916061495 6186.83898185271
4974.7444024087 0 4983.92380131322 7081.49041706326 765.848015629319 4624.4235384955 4892.52101164788 4563.75728690585 4661.64549754566 5587.61136761506 3584.78362553303 4232.89031064958 4622.03254493789 4295.94886643075 4034.07607145011
8441.00371846677 4983.92380131322 0 4441.02268946214 4484.97694386743 5683.43434118868 5168.13081665673 6044.5234353986 5378.95425437355 7223.52967721296 3382.80998928366 4729.21191478983 6066.52452285479 5029.1544904964 4391.18066715157
5999.99618530273 7081.49041706326 4441.02268946214 0 6946.51606821349 6220.39172342587 6054.83650681841 6312.31564548949 4006.50189163776 6169.34574534093 5868.39446632605 4118.61648909715 4061.37816314736 5249.1901152265 5234.7024866344
5179.02200063395 765.848015629319 4484.97694386743 6946.51606821349 0 4701.4482539349 4717.89519855895 4896.01090438009 5427.48818921127 6177.79639601429 4055.94167175336 4569.76266100785 5171.57138439549 3906.21383591669 3975.7604642131
4757.58453357619 4624.4235384955 5683.43434118868 6220.39172342587 4701.4482539349 0 3358.51398315404 3773.97195820411 4193.96651335005 3895.20232686492 3686.84680864943 2853.65848760038 4150.68036632173 3425.86008195519 3860.01708726678
7024.19374974664 4892.52101164788 5168.13081665673 6054.83650681841 4717.89519855895 3358.51398315404 0 4367.78040806152 6490.03063794977 3992.59121032375 5686.21010278535 4286.35231071791 6200.26068292339 4160.42617789982 1027.13578808233
5162.71356890731 4563.75728690585 6044.5234353986 6312.31564548949 4896.01090438009 3773.97195820411 4367.78040806152 0 4423.00838746193 3104.30386198839 4211.28502399832 4599.90659533284 4185.84421623562 3699.0570117422 3705.45705789418
5062.05938581548 4661.64549754566 5378.95425437355 4006.50189163776 5427.48818921127 4193.96651335005 6490.03063794977 4423.00838746193 0 5294.17502765598 4260.2847270209 3087.60694496455 762.053587053062 4843.99688930657 5614.94501176358
5790.90128190284 5587.61136761506 7223.52967721296 6169.34574534093 6177.79639601429 3895.20232686492 3992.59121032375 3104.30386198839 5294.17502765598 0 5239.12365665596 5284.85509895887 4949.44982799942 4608.01514662763 4657.99281446916
6089.14759422566 3584.78362553303 3382.80998928366 5868.39446632605 4055.94167175336 3686.84680864943 5686.21010278535 4211.28502399832 4260.2847270209 5239.12365665596 0 2952.75601349278 4382.49911170724 3988.82814421578 4901.88117058874
5440.69581345742 4232.89031064958 4729.21191478983 4118.61648909715 4569.76266100785 2853.65848760038 4286.35231071791 4599.90659533284 3087.60694496455 5284.85509895887 2952.75601349278 0 3129.76934258134 4132.44603038119 3550.04652066341
4482.81300364037 4622.03254493789 6066.52452285479 4061.37816314736 5171.57138439549 4150.68036632173 6200.26068292339 4185.84421623562 762.053587053062 4949.44982799942 4382.49911170724 3129.76934258134 0 4159.50037656608 5325.17680478875
4754.17916061495 4295.94886643075 5029.1544904964 5249.1901152265 3906.21383591669 3425.86008195519 4160.42617789982 3699.0570117422 4843.99688930657 4608.01514662763 3988.82814421578 4132.44603038119 4159.50037656608 0 3488.92218993905
6186.83898185271 4034.07607145011 4391.18066715157 5234.7024866344 3975.7604642131 3860.01708726678 1027.13578808233 3705.45705789418 5614.94501176358 4657.99281446916 4901.88117058874 3550.04652066341 5325.17680478875 3488.92218993905 0
