FCS File: fcsFiles/030.fcs

Number of points: 15

Max Distortion: 3458.696

Avg Distortion: 959.501

Projected Points
3623.2328303102 -772.767175765011
-1946.01785925998 1106.53020770535
2372.46053306489 2449.58315755578
1014.0804720518 -421.336869875248
-2126.68552812374 249.303645277882
-1558.64200891345 -1595.65024477815
-1129.17523307521 2809.08117709453
803.020616870882 1453.82825331631
1515.04452359088 -757.559737143231
-345.693674440155 1627.13901029391
1983.5238222948 -858.924495313938
-107.289172346226 -2232.32655561048
-1811.46144344608 844.799817147998
-848.929227561875 -2187.14563249736
-1437.46865101673 -1714.55455740833

Original Points
1000 1000 1000 0 0 0 0 1000 0 1000 0 0
0.003814697265625 0.003814697265625 0 0 328.397638139215 1000 1000 487.950870978554 0 403.440943690049 139.84183316609 0
0.00455377994512673 0.00971859299170319 1000 1000 0 0 0 1000 0 0 0 0
0.003814697265625 214.407429099083 1000 538.241439145437 0 445.478447840117 216.58934759547 0 0 410.998524462622 361.380931158721 536.891318247168
0.003814697265625 1000 0 307.337658986452 500.386178430503 537.408105971492 1000 1000 418.054887011369 278.857244820892 344.808566277642 136.530829671135
0.00760036891733762 0.00491508944833186 478.4509322435 0 543.991241149574 244.355923369111 455.886094062558 343.195008330074 1000 1000 529.601778487173 33.4386055172553
0.003814697265625 0.003814697265625 0 1000 1000 449.956957831448 0 363.943527353821 121.033168750146 0 0 369.69310509397
0.00840659959067125 0.003814697265625 0 0 0 0 0 0 0 0 0 0
0.0113122141556232 532.248079776764 1000 466.828507181955 0 420.387278668586 141.355141332364 0 0 574.245427719629 298.580886043859 483.171317000645
0.003814697265625 0.003814697265625 132.258743334287 126.721605256752 573.545193595108 441.001327670917 0 0 0 0 0 0
0.003814697265625 0.003814697265625 1000 0 0 0 0 0 32.8712811985377 609.383368631194 323.931152942857 473.691364609496
538.318753242493 790.063202381134 618.189074394774 131.108876873251 551.075001860313 309.904303130776 166.001881496753 71.5737999208911 521.798455758948 371.75809189686 500.016099724031 506.761402809756
0.0049131390369439 0.00394559720007237 81.9101237233179 536.605832882396 283.386914963633 502.504987917975 343.812641082615 1000 1000 454.888163080955 0 334.434825773426
0.0105625858850544 0.00413287489209324 488.928687232405 202.693431774169 0.789840662062683 38.8980731147561 505.060673827204 262.839632802862 462.185858429344 478.364595776603 1000 1000
0.003814697265625 0.00792800165072549 148.69102883604 0 0 599.095514082079 311.618711733734 487.018824226447 389.911600265433 1000 1000 471.576633709099

Distance Matrix of Original Points
15
0 6576.84002724217 3999.98572762706 5473.17171572794 5965.66516683043 5985.61518655373 7576.73207492721 4999.98777870314 4703.81831051686 6009.00175379396 4221.10280072517 5296.76309981768 6463.93805707953 6979.48026653489 6136.48086402894
6576.84002724217 0 5383.73618699521 4672.91376424181 3338.09955629364 4158.32087368279 4379.66179835432 3359.63587787623 5066.40121280316 3094.36022421071 4712.94289964372 5661.23750456819 3854.98328747428 5097.65715113351 3885.51605833433
3999.98572762706 5383.73618699521 0 3647.49557974743 5908.69917368627 5985.63555210461 3576.74634730015 3000.00975671537 3983.15666320111 3755.57281565339 3439.88381036049 6434.81116873921 4300.51770856777 5530.84888452457 6136.49513640188
5473.17171572794 4672.91376424181 3647.49557974743 0 5359.35186013652 4862.47736259671 4321.78439772169 3723.98821475368 769.353405211082 3597.5471401845 1746.61870620349 3441.52858462139 4209.49387526281 3650.99021901113 4022.46199519566
5965.66516683043 3338.09955629364 5908.69917368627 5359.35186013652 0 4914.33690927213 5069.62977345459 5523.38424837454 5209.61336781007 4660.68830361294 6418.87580658746 4305.36905993351 3519.95378453023 5586.08051987844 4958.98009008712
5985.61518655373 4158.32087368279 5985.63555210461 4862.47736259671 4914.33690927213 0 5361.52333402014 4628.9214897821 5004.8811851874 4061.2395233742 4112.65095553848 3842.70594903701 3596.49196917177 3587.77329901795 3035.21338151829
7576.73207492721 4379.66179835432 3576.74634730015 4321.78439772169 5069.62977345459 5361.52333402014 0 3304.63135093171 4707.62929768379 2295.6173758409 4939.37515382646 5272.41156186614 3663.44902268567 5752.50011431911 5103.28966712783
4999.98777870314 3359.63587787623 3000.00975671537 3723.98821475368 5523.38424837454 4628.9214897821 3304.63135093171 0 3916.8157286411 1273.53146175939 2439.88175928441 5076.55672219312 4537.5471137848 4439.76326778333 4407.92101805954
4703.81831051686 5066.40121280316 3983.15666320111 769.353405211082 5209.61336781007 5004.8811851874 4707.62929768379 3916.8157286411 0 3831.61193588124 1663.66213117954 3220.74272810104 4654.75450110483 4092.58978354698 4215.05572747272
6009.00175379396 3094.36022421071 3755.57281565339 3597.5471401845 4660.68830361294 4061.2395233742 2295.6173758409 1273.53146175939 3831.61193588124 0 3448.88655057057 4110.16887678826 3945.03164539385 5115.958204807 4534.92315400387
4221.10280072517 4712.94289964372 3439.88381036049 1746.61870620349 6418.87580658746 4112.65095553848 4939.37515382646 2439.88175928441 1663.66213117954 3448.88655057057 0 3875.55655139248 5169.21309859563 3284.07086354794 3674.88666290385
5296.76309981768 5661.23750456819 6434.81116873921 3441.52858462139 4305.36905993351 3842.70594903701 5272.41156186614 5076.55672219312 3220.74272810104 4110.16887678826 3875.55655139248 0 5070.34902710235 4040.26981732839 4625.60263568413
6463.93805707953 3854.98328747428 4300.51770856777 4209.49387526281 3519.95378453023 3596.49196917177 3663.44902268567 4537.5471137848 4654.75450110483 3945.03164539385 5169.21309859563 5070.34902710235 0 4612.40493888125 3820.8864096808
6979.48026653489 5097.65715113351 5530.84888452457 3650.99021901113 5586.08051987844 3587.77329901795 5752.50011431911 4439.76326778333 4092.58978354698 5115.958204807 3284.07086354794 4040.26981732839 4612.40493888125 0 2643.88309701056
6136.48086402894 3885.51605833433 6136.49513640188 4022.46199519566 4958.98009008712 3035.21338151829 5103.28966712783 4407.92101805954 4215.05572747272 4534.92315400387 3674.88666290385 4625.60263568413 3820.8864096808 2643.88309701056 0
