FCS File: fcsFiles/004.fcs

Number of points: 15

Max Distortion: 4893.387

Avg Distortion: 1274.54

Projected Points
-343.432166743134 1771.71783423297
-682.33794429122 -4374.57381663054
-2540.74281219044 -1677.11088525264
-1001.79384782414 2041.3042929366
586.07033723152 1466.85441553641
749.045567364812 385.442925842569
-1418.92406410797 2092.51891705888
-3469.54899715127 -1353.35771239657
-3470.58047452956 -252.097838504325
1035.70707287392 483.50440647963
5176.4081823819 -2303.52497872265
-803.778891286796 -1440.09708244679
2121.20192315565 854.68436879856
-1135.40366466613 1874.13782376078
5198.10977978286 430.59732930712

Original Points
0.003814697265625 0.003814697265625 1000 0 0 0 0 172.736672829108 176.891006902918 0 0 404.479965788151
0.00748035881770193 0.003814697265625 258.669718331281 793.337720772282 421.471546755178 545.507550103734 513.372006797876 1000 1000 441.002656034059 1000 0
0.003814697265625 0.003814697265625 452.59444842784 143.853739838348 463.432717573642 304.781007023043 1000 1000 388.578769382431 0 160.481888056372 123.699427739269
0.003814697265625 0.003814697265625 0 0 0 1000 0 0 0 0 47.0029227431219 1000
0.00661032981952303 417.636960744858 1000 313.837498136161 0 110.441348210844 48.4615960796378 0 261.332651086635 435.695941173981 127.093878196084 501.03809273061
717.621684074402 0.00761384490033379 0 144.745335809616 158.426729996413 122.504902574186 143.540328424368 495.732308420926 137.233345478746 480.718897367392 307.521026588504 1000
0.003814697265625 0.003814697265625 1000 0 1000 0 0 0 0 626.52366325111 0 0
0.003814697265625 0.003814697265625 390.934484942853 68.6223617301023 638.252057312414 607.526618906358 1000 1000 283.651047589405 0 0 20.0891248237449
0.00550144886801718 0.00953194739850005 152.75123203586 445.046477568375 299.552988800178 1000 1000 373.339622297766 16.1973334096907 148.943942416781 88.4136567991674 0
499.633312225342 584.455370903015 364.473295002698 0 102.161262590059 36.804209903896 0 252.824482848654 390.694550045755 144.645792250223 485.959947286282 301.490501387471
1000 1000 1000 1000 0 0 0 1000 1000 0 1000 1000
0.00592802325627417 0.0056915482673503 0 270.795658583112 526.347255453931 186.415762455209 459.157738508648 362.773014446744 1000 1000 414.978969125787 70.8589965399642
1000 1000 1000 1000 0 0 1000 0 0 1000 0 0
0.003814697265625 0.00577562605030835 0 0 0 0 0 0 0 0 0 0
1000 1000 0 0 0 0 0 0 1000 1000 1000 1000

Distance Matrix of Original Points
15
0 6510.87771384952 3939.68653176285 2992.150636687 1806.90264743214 4033.25222051309 2380.63130877129 4241.88076182781 4594.98982630041 2886.05978832465 6245.88472508529 5204.46567826658 5754.10001612565 1754.10960644896 6591.35807074351
6510.87771384952 0 3628.36951012785 6835.34684150537 6077.8309580557 5779.98880966414 6357.60068546604 3799.85209714569 4331.36452782345 5792.97270166942 5869.3350255312 3151.5013312769 7960.58569986733 5973.36682538475 7091.34459167021
3939.68653176285 3628.36951012785 0 5133.4582057732 4718.00476617773 4774.52120016861 4831.89132928909 983.476205980241 2803.89549496239 4342.51042204305 7498.99782175789 3857.64812972862 6844.51799211404 4037.42395896973 8691.89419829027
2992.150636687 6835.34684150537 5133.4582057732 0 3945.57514266807 3416.03181529343 4673.52658599423 4800.84713058779 3477.24973458643 4439.54274972301 7952.98944786235 5729.77894455692 8046.99529334859 2047.00488367191 5952.98944786235
1806.90264743214 6077.8309580557 4718.00476617773 3945.57514266807 0 3914.14922555961 2970.66872819725 5424.84950885134 4981.6815824439 3071.71950332865 5973.6531942403 4857.50021248998 4784.26736375972 3215.53498636531 5729.93630816466
4033.25222051309 5779.98880966414 4774.52120016861 3416.03181529343 3914.14922555961 0 5056.27695170842 5424.82203559283 4840.06252526002 3306.55180278726 6102.32954414527 4142.72279366946 6734.7844535381 3708.04258225614 4421.84703787156
2380.63130877129 6357.60068546604 4831.89132928909 4673.52658599423 2970.66872819725 5056.27695170842 0 4577.22627404545 4948.27999407502 4567.09805861401 8626.51603385658 4612.11321113142 5373.46870735436 2626.52562417989 7373.46870735436
4241.88076182781 3799.85209714569 983.476205980241 4800.84713058779 5424.84950885134 5424.82203559283 4577.22627404545 0 2497.34803827452 5052.20394483683 8482.47402773814 4486.2944705797 7089.95437256444 4009.07765623366 9401.58772108405
4594.98982630041 4331.36452782345 2803.89549496239 3477.24973458643 4981.6815824439 4840.06252526002 4948.27999407502 2497.34803827452 0 5099.77700469985 9372.73357570983 4151.07672457567 6030.74691588952 3524.25069640077 9017.12035468028
2886.05978832465 5792.97270166942 4342.51042204305 4439.54274972301 3071.71950332865 3306.55180278726 4567.09805861401 5052.20394483683 5099.77700469985 0 5404.07980504496 4628.52197337659 5976.72718368084 3163.13313412008 4349.38377624722
6245.88472508529 5869.3350255312 7498.99782175789 7952.98944786235 5973.6531942403 6102.32954414527 8626.51603385658 8482.47402773814 9372.73357570983 5404.07980504496 0 8052.50249815066 6000 7999.99040967668 4000
5204.46567826658 3151.5013312769 3857.64812972862 5729.77894455692 4857.50021248998 4142.72279366946 4612.11321113142 4486.2944705797 4151.07672457567 4628.52197337659 8052.50249815066 0 6831.40898135835 4291.32959251717 5319.63984421037
5754.10001612565 7960.58569986733 6844.51799211404 8046.99529334859 4784.26736375972 6734.7844535381 5373.46870735436 7089.95437256444 6030.74691588952 5976.72718368084 6000 6831.40898135835 0 5999.99040967668 6000
1754.10960644896 5973.36682538475 4037.42395896973 2047.00488367191 3215.53498636531 3708.04258225614 2626.52562417989 4009.07765623366 3524.25069640077 3163.13313412008 7999.99040967668 4291.32959251717 5999.99040967668 0 5999.99040967668
6591.35807074351 7091.34459167021 8691.89419829027 5952.98944786235 5729.93630816466 4421.84703787156 7373.46870735436 9401.58772108405 9017.12035468028 4349.38377624722 4000 5319.63984421037 6000 5999.99040967668 0
