FCS File: fcsFiles/005.fcs

Number of points: 15

Max Distortion: 3151.267

Avg Distortion: 898.0438

Projected Points
-727.647328256031 1114.66855491704
-674.317701195666 -2236.94791407051
564.92467858835 -2896.26935318788
-1861.4552644622 970.437635577385
1859.96700067066 975.065500687566
149.534541048272 1223.80446690964
-1294.0461009651 611.537342009001
-1398.34683193413 457.17795514639
846.759717680607 -1676.18389660235
3249.59767651081 1252.80636222892
-877.897911583055 -2249.90953303448
-1737.81946567697 1352.30006348849
-2287.06431352214 526.28693377465
2211.81199300175 -129.724000940679
1975.99931009485 704.949883096829

Original Points
0.00492715253130882 0.003814697265625 179.691251701125 105.146193031867 0 230.112693047076 440.996617994304 1000 0 0 0 0
0.0054631391321891 0.00938521770876832 235.723738953808 1000 1000 112.408309921922 0 165.214496688915 66.0582994449556 0 0 412.608634032984
15.1515109464526 0.003814697265625 0 1000 0 0 1000 0 1000 0 1000 1000
0.003814697265625 0.00537908226760919 359.749732684508 117.909984183732 421.132904008204 248.659490683529 1000 1000 166.464803661657 0 195.542938450741 89.8335671120888
0.00560655280423816 0.00440429948866949 0 114.707634344517 391.413187634063 148.934873550316 468.284510077001 308.599263486976 1000 1000 145.719145377079 39.2485617023379
0.00427791201218497 0.003814697265625 202.307772706343 323.104609605045 81.2538860067514 628.840258046598 550.729374645562 1000 1000 120.333384885769 0 175.665031460822
0.00557158909941791 0.00887495389179094 185.767340529644 451.614543735261 311.609347275613 1000 1000 131.2549353966 0 134.230515927087 329.544934425801 0
0.003814697265625 0.00654413042866508 87.8812737092888 642.870755498724 586.582764056393 1000 1000 135.704161191403 0 219.530283901848 159.466079400541 0
272.112458944321 0.0062411399994744 0 287.710087527768 144.053503042241 37.4297722242455 0 390.826817667411 172.357539274315 610.197411829746 331.074875586108 1000
0.00446436160927988 0.00840665779833216 0 0 0 1000 0 0 1000 1000 0 0
0.00470853728984366 0.00925324002309935 242.729351704452 1000 1000 390.005022131047 65.4041515871194 439.475973064371 363.831391319261 0 54.2631103192977 688.614549809263
0.003814697265625 3.85721027851105 0 0 597.522136483191 514.156827288708 1000 1000 201.886214578495 16.0681253868248 225.156549898155 102.925688411507
0.003814697265625 0.003814697265625 382.419820952184 177.338887296613 586.034572972216 340.220320315577 1000 1000 251.075658461758 0 350.078207556667 236.198379786353
0.003814697265625 0.003814697265625 832.735598323222 0 0 0 0 0 1000 0 0 0
0.003814697265625 0.003814697265625 0 0 1000 0 559.02710970182 369.465721735734 1000 1000 96.3294829289542 0

Distance Matrix of Original Points
15
0 3823.04583863634 5878.80771751595 1643.34934185036 3565.50130482223 2126.28821082304 3325.57069541563 3788.30403747312 4134.90115531368 4495.72642443167 4160.61543800407 2275.298183775 2367.42020402226 3429.30096315061 4359.84550313607
3823.04583863634 0 5049.83123041447 4174.7499537771 4830.82480007335 4822.22974047753 4150.7267613283 3693.15875757447 4011.6240401551 5635.08223764626 1252.31095747175 4565.32063269115 4157.4331752167 4221.19221953059 4554.29742010366
5878.80771751595 5049.83123041447 0 5474.94009460221 5096.13396716629 4998.38351896847 4996.85366058186 5242.51207364202 4648.32837681605 6015.15163854538 4915.24938481685 5616.779728101 5309.13127738777 4847.88329457241 5729.25682535415
1643.34934185036 4174.7499537771 5474.94009460221 0 3649.45940392717 2767.21200774177 2761.83221779821 3089.82211723742 4560.93016155685 5769.04850933396 4151.87506606815 1017.59338619514 724.073990941908 4379.60151080035 4399.27725546323
3565.50130482223 4830.82480007335 5096.13396716629 3649.45940392717 0 3136.41918366486 4251.45137518398 4200.35883346451 3718.04020999324 2319.04257362116 4888.43212517537 3838.16955246755 4204.30973570332 3449.64515595327 1112.47898374257
2126.28821082304 4822.22974047753 4998.38351896847 2767.21200774177 3136.41918366486 0 3583.69471034867 4058.57893158216 4796.8418938896 3583.89180990229 4244.46806069822 2809.76348556407 2848.41876612615 3510.35483348217 3863.49236039051
3325.57069541563 4150.7267613283 4996.85366058186 2761.83221779821 4251.45137518398 3583.69471034867 0 823.947631874718 4661.33364852347 4275.56216095942 4608.50950661359 2809.09568106154 2915.92275130014 5005.2293517024 5103.94796634483
3788.30403747312 3693.15875757447 5242.51207364202 3089.82211723742 4200.35883346451 4058.57893158216 823.947631874718 0 5110.00649757142 4392.97726214622 4150.93999365608 2669.64561130542 3182.11330476145 5489.01109809601 4662.51275799703
4134.90115531368 4011.6240401551 4648.32837681605 4560.93016155685 3718.04020999324 4796.8418938896 4661.33364852347 5110.00649757142 0 4605.79072059573 3939.57355986462 4729.68917077488 4590.56737542842 4733.78159761622 4485.77607458615
4495.72642443167 5635.08223764626 6015.15163854538 5769.04850933396 2319.04257362116 3583.89180990229 4275.56216095942 4392.97726214622 4605.79072059573 0 5736.6518137921 5197.34266082388 6140.77913141157 2832.7408399481 3024.82755599139
4160.61543800407 1252.31095747175 4915.24938481685 4151.87506606815 4888.43212517537 4244.46806069822 4608.50950661359 4150.93999365608 3939.57355986462 5736.6518137921 0 4202.92334971015 3782.21491864345 4863.94399459339 4563.22344676128
2275.298183775 4565.32063269115 5616.779728101 1017.59338619514 3838.16955246755 2809.76348556407 2809.09568106154 2669.64561130542 4729.68917077488 5197.34266082388 4202.92334971015 0 1072.48809261759 5090.53210679436 4005.7936703646
2367.42020402226 4157.4331752167 5309.13127738777 724.073990941908 4204.30973570332 2848.41876612615 2915.92275130014 3182.11330476145 4590.56737542842 6140.77913141157 3782.21491864345 1072.48809261759 0 4889.11048683671 4624.32307010691
3429.30096315061 4221.19221953059 4847.88329457241 4379.60151080035 3449.64515595327 3510.35483348217 5005.2293517024 5489.01109809601 4733.78159761622 2832.7408399481 4863.94399459339 5090.53210679436 4889.11048683671 0 3857.55791268973
4359.84550313607 4554.29742010366 5729.25682535415 4399.27725546323 1112.47898374257 3863.49236039051 5103.94796634483 4662.51275799703 4485.77607458615 3024.82755599139 4563.22344676128 4005.7936703646 4624.32307010691 3857.55791268973 0
