FCS File: fcsFiles/008.fcs

Number of points: 15

Max Distortion: 2763.07

Avg Distortion: 979.6008

Projected Points
879.012355231324 -2207.1644632256
-936.185500483175 -2154.72393461447
79.4688016488349 -2506.91055652011
-71.9343573867122 1310.47768355634
4078.0925620395 530.375148302384
2217.41701138858 423.306954804176
-3435.9066970502 -2156.49091308597
-3688.43613283844 2039.50137444442
2313.714678944 205.334318362615
802.849240427245 3544.41035532006
-3320.29277872276 823.870727984885
302.848425448838 733.197190861675
1778.85684150941 -630.018806952624
24.0853184049 -2302.97245296809
-1023.58976856133 2347.80737373031

Original Points
0.003814697265625 0.003814697265625 0 0 0 0 617.985873888833 564.110050723663 1000 1000 479.409616853497 0
0.00459929287899286 0.003814697265625 175.276315897761 506.760705112537 238.930642689949 517.320510125166 401.156667777732 1000 1000 509.509615321925 0 318.555728352129
0.00600286193730426 0.00528605733052245 0 233.175945135574 504.908790895681 246.529927940815 496.634516925587 423.608930196516 1000 1000 405.192992000509 14.0373993742519
0.003814697265625 0.003814697265625 0 0 1000 0 0 1000 0 0 0 372.03947660132
0.003814697265625 1000 0 0 0 0 0 1000 0 1000 1000 1000
759.746015071869 0.00923420884646475 150.72774281333 289.233623858896 229.490108154349 0 0 508.143491179634 251.603640883825 525.338375845053 457.065608509222 1000
0.003814697265625 0.003814697265625 0 1000 0 1000 1000 1000 1000 0 0 0
0.003814697265625 0.0553723984921817 1000 1000 0 1000 0 0 0 0 0 0
790.664374828339 0.00810730762168532 107.535272980527 269.30391669741 225.976360825673 0 76.5945845396498 601.657692583175 257.720228140946 505.337305737637 481.159924263353 1000
1000 1000 0 0 0 0 0 0 0 0 0 176.595032342277
0.01068386973202 0.00597678308622562 486.976676739571 413.65173377335 1000 1000 377.820990909034 0 152.295780949272 97.382741508568 0 0
0.003814697265625 0.003814697265625 0 0 1000 0 282.163020801503 267.739986728712 196.597950956347 0 1000 0
0.00608025038673077 0.003814697265625 197.814365551516 83.5546821495472 0 0 372.613184725507 228.229192977111 693.287439187392 354.381066238481 1000 1000
0.00575223293708405 0.00615719454799546 0 279.647816773013 324.277042600618 248.994834499957 384.314404098906 448.445847969145 1000 1000 339.249968049816 0
0.003814697265625 0.003814697265625 801.241608101469 0 0 0 0 0 0 0 0 0

Distance Matrix of Original Points
15
0 3379.46384369217 1334.72482521444 4905.32491661999 4574.46239161441 4348.55351976102 4297.313692241 6661.55709916722 4211.11210798501 5838.09294441374 5934.64346987033 3956.18534927244 3335.54673788469 1342.41929525467 4462.74714956746
3379.46384369217 0 2857.70330580173 3924.57770438998 6011.37646782744 4324.3317106839 2817.03520384194 5268.84746530311 4258.09735947709 6490.90673894478 4250.28892411347 5443.14872600635 4145.5963780084 2472.7572720002 5118.19994617876
1334.72482521444 2857.70330580173 0 4811.02139766209 5638.40676143372 4330.54027089454 4524.19352159669 6364.72903082199 4356.74748955248 6472.59744714344 4627.99344340439 3757.38763771473 3951.3780687414 446.707102182116 5125.33377009514
4905.32491661999 3924.57770438998 4811.02139766209 0 4627.95670870141 4324.04353586121 5372.03947660132 5372.09103430255 4288.64255509078 4195.43681486451 3900.1764317394 2583.06046163046 5101.38433382713 4851.5278894862 3173.28108470279
4574.46239161441 6011.37646782744 5638.40676143372 4627.95670870141 0 4190.24060634225 7999.99618530273 7999.94462760151 4139.62789342349 4823.40115296046 8333.36333325204 5211.01717033187 3764.65786325423 5449.53406229466 5801.2377934042
4348.55351976102 4324.3317106839 4330.54027089454 4324.04353586121 4190.24060634225 0 7073.38869928578 6291.46819646411 317.876170042519 4475.25230962132 5861.20910918317 4616.06386091979 3050.10400926389 4048.72432973859 4671.1363336053
4297.313692241 2817.03520384194 4524.19352159669 5372.03947660132 7999.99618530273 7073.38869928578 0 4000.05155770123 6905.39729458744 7176.58740294775 4640.59994387477 6253.49904151344 6174.51319830356 4302.12838734237 5801.24160810147
6661.55709916722 5268.84746530311 6364.72903082199 5372.09103430255 7999.94462760151 6291.46819646411 4000.05155770123 0 6562.31473163444 5176.53584524652 2726.92736764183 5746.55251618779 6367.19565868178 5967.69576418513 2198.80994959976
4211.11210798501 4258.09735947709 4356.74748955248 4288.64255509078 4139.62789342349 317.876170042519 6905.39729458744 6562.31473163444 0 4558.01777129013 5985.89171612911 4566.31348236889 3067.477901207 4095.61934854775 4902.12120065021
5838.09294441374 6490.90673894478 6472.59744714344 4195.43681486451 4823.40115296046 4475.25230962132 7176.58740294775 5176.53584524652 4558.01777129013 0 5704.70629556925 4923.08836143431 5753.27500353963 6201.51303690625 2977.82901104922
5934.64346987033 4250.28892411347 4627.99344340439 3900.1764317394 8333.36333325204 5861.20910918317 4640.59994387477 2726.92736764183 5985.89171612911 5704.70629556925 0 3405.72031012309 5650.6931106457 4592.22453543858 3355.42520976041
3956.18534927244 5443.14872600635 3757.38763771473 2583.06046163046 5211.01717033187 4616.06386091979 6253.49904151344 5746.55251618779 4566.31348236889 4923.08836143431 3405.72031012309 0 3262.40282539931 3951.37921423698 3547.74256658803
3335.54673788469 4145.5963780084 3951.3780687414 5101.38433382713 3764.65786325423 3050.10400926389 6174.51319830356 6367.19565868178 3067.477901207 5753.27500353963 5650.6931106457 3262.40282539931 0 3812.18144868003 4335.49507338111
1342.41929525467 2472.7572720002 446.707102182116 4851.5278894862 5449.53406229466 4048.72432973859 4302.12838734237 5967.69576418513 4095.61934854775 6201.51303690625 4592.22453543858 3951.37921423698 3812.18144868003 0 4826.17580212588
4462.74714956746 5118.19994617876 5125.33377009514 3173.28108470279 5801.2377934042 4671.1363336053 5801.24160810147 2198.80994959976 4902.12120065021 2977.82901104922 3355.42520976041 3547.74256658803 4335.49507338111 4826.17580212588 0
