FCS File: fcsFiles/009.fcs

Number of points: 15

Max Distortion: 3447.882

Avg Distortion: 779.0828

Projected Points
2874.38300972713 3092.81050266007
-2466.78146784553 62.8480046621708
520.32969953759 485.589099803253
-2389.90827866846 351.407099399159
1264.10787955585 -1879.51729724347
1042.10726418746 1797.90040581231
1511.89133436895 122.112514403773
-2179.7324398788 219.268191263454
1118.11099986755 -1223.40407375489
-837.346935757674 -1970.1242428937
-1531.11240064351 1715.11282704274
530.060902804883 -1474.28995945448
3682.14648409984 -981.404471897311
-901.975880892929 -992.672232582786
-2236.28017046234 674.363632779701

Original Points
1000 0.003814697265625 0 1000 0 0 1000 0 0 0 1000 0
0.0112795059976634 0.00646544231130974 454.843989048646 360.455395532587 1000 1000 135.521792550304 0 294.725718284651 222.723347437386 20.1420706051498 175.783715263075
0.0064963014665409 0.010286259566783 518.500180866554 0 0 0 0 0 0 0 0 0
0.0108541516965488 0.00639304607830127 448.626763599571 357.508002041594 1000 1000 124.972885852997 20.3730479815175 258.644228119905 110.253591467609 0 81.7391255848476
459.115505218506 631.821095943451 140.762604918135 23.9375216471535 307.845578747656 247.572669966702 0 33.9148904938605 616.147379633236 293.843379176474 460.165223984616 358.19797867618
0.00853389519761549 0.00723667017155094 1000 1000 75.0711664781015 0 143.901502393752 126.358633333556 27.7562087440968 0 335.869181997686 291.601225702344
0.003814697265625 0.003814697265625 0 0 0 0 0 0 0 0 554.601576893447 288.770261752556
0.003814697265625 0.003814697265625 0 342.934217441177 1000 1000 137.649679051065 28.5275424238614 240.991802425029 173.973523629036 0 0
0.00748327056498965 530.518710613251 1000 21.6578458136833 0 164.752269261312 54.2835142690721 0 101.886395912352 527.377021365061 283.010756623367 462.84671032787
0.00553521977053606 0.00413244060837314 0 134.708104496139 505.876021380543 286.714451301357 445.632363926767 349.776319240413 1000 1000 136.535466029085 0
0.003814697265625 0.00671361340209842 280.225414315692 487.069586037383 327.06886947626 1000 1000 101.079412519891 0 223.371313183814 115.86440375212 0
0.003814697265625 0.00597498183196876 126.059921981467 0 59.238118668793 554.497578849168 288.454500113134 467.592937563583 349.497885667429 1000 1000 190.114152305925
1000 1000 0 0 0 0 0 1000 143.357878359736 0 245.932422587292 142.543380780259
0.003814697265625 0.003814697265625 0 0 0 1000 0 0 1000 83.2253325755367 138.050116747806 0
0.0107776349977939 0.00640835742160561 446.79106051442 343.080171729325 1000 1000 66.8145131275592 0 135.469497328755 45.3003739657847 0 0

Distance Matrix of Original Points
15
0 6631.94888258477 4518.50015612739 6437.14759305598 5686.88351200815 4041.01143794437 3734.16487016184 5962.90515728842 6428.4176928059 6425.48563999389 4328.81010392503 5458.54444051053 5039.96502185544 5945.17140113046 6217.65806297723
6631.94888258477 0 3273.01683551285 302.824977787327 4370.51565843964 4165.60878776608 4115.72641118513 801.440237154654 4378.38028847954 4322.62382027297 2506.60896115202 4522.27455186052 6583.92530601049 3089.29535066824 626.740971011844
4518.50015612739 3273.01683551285 0 3023.37254937917 3810.28201687522 2482.06282496611 1361.88117267906 3442.58609900322 2627.82374402895 4377.75002214151 3492.7346057707 4301.84242493505 4050.31708003281 2739.7847833564 2662.38183573923
6437.14759305598 302.824977787327 3023.37254937917 0 4593.16748898919 4130.58432661272 4082.02084992759 647.152937084795 4582.04883485217 4378.28328935961 2496.00038168362 4766.02320030361 6442.99397532535 2939.66359038374 364.662119810239
5686.88351200815 4370.51565843964 3810.28201687522 4593.16748898919 0 4716.04037652738 2918.8170661831 4451.69568630273 2930.38968733187 4112.96311573156 4921.45433396158 4087.95664938584 3791.78716336705 3624.60065048822 4808.98576593102
4041.01143794437 4165.60878776608 2482.06282496611 4130.58432661272 4716.04037652738 0 2594.65901096589 4700.76519651394 2790.26585448484 5571.14458497937 4128.81918919552 5017.42355583476 5447.19453892105 4890.22885815991 4118.99036618092
3734.16487016184 4115.72641118513 1361.88117267906 4082.02084992759 2918.8170661831 2594.65901096589 0 3767.44860361617 2846.14287995616 4429.54567122798 4146.32492934306 3389.39763568133 3598.24628424366 2788.54705447373 3880.83701190974
5962.90515728842 801.440237154654 3442.58609900322 647.152937084795 4451.69568630273 4700.76519651394 3767.44860361617 0 5037.30274526126 3766.43928019626 2438.45099912867 4569.77753031033 6112.13197573573 2496.91794429238 780.50473450735
6428.4176928059 4378.38028847954 2627.82374402895 4582.04883485217 2930.38968733187 2790.26585448484 2846.14287995616 5037.30274526126 0 4992.58874086933 4960.69965723964 4286.81794948982 4636.39760285638 4391.78029839133 4514.44280738558
6425.48563999389 4322.62382027297 4377.75002214151 4378.28328935961 4112.96311573156 5571.14458497937 4429.54567122798 3766.43928019626 4992.58874086933 0 4125.04819004207 2954.26790254711 6131.72741318274 3067.56971415154 4546.93993817191
4328.81010392503 2506.60896115202 3492.7346057707 2496.00038168362 4921.45433396158 4128.81918919552 4146.32492934306 2438.45099912867 4960.69965723964 4125.04819004207 0 4633.00433492946 6632.61452015776 3357.77787486933 2447.16319891547
5458.54444051053 4522.27455186052 4301.84242493505 4766.02320030361 4087.95664938584 5017.42355583476 3389.39763568133 4569.77753031033 4286.81794948982 2954.26790254711 4633.00433492946 0 5568.42574861595 4006.19087707753 5098.15810028561
5039.96502185544 6583.92530601049 4050.31708003281 6442.99397532535 3791.78716336705 5447.19453892105 3598.24628424366 6112.13197573573 4636.39760285638 6131.72741318274 6632.61452015776 5568.42574861595 0 5190.28551144101 6298.3331177432
5945.17140113046 3089.29535066824 2739.7847833564 2939.66359038374 3624.60065048822 4890.22885815991 2788.54705447373 2496.91794429238 4391.78029839133 3067.56971415154 3357.77787486933 4006.19087707753 5190.28551144101 0 2897.200879998
6217.65806297723 626.740971011844 2662.38183573923 364.662119810239 4808.98576593102 4118.99036618092 3880.83701190974 780.50473450735 4514.44280738558 4546.93993817191 2447.16319891547 5098.15810028561 6298.3331177432 2897.200879998 0
