0	2445.7855955338	3280.56805229528	2851.15501253188	1773.58669104877	4503.72351482002	1008.17215403787	157.632411377957	2382.90031163621	4666.51617368814	4672.18218860259	4940.25227557148	3750.6887759079	1409.40505938844	3671.653109407	3277.44199579991	2484.59565036994	3461.72972672079	2850.69715370885	2837.49095136718	3242.55793472805	3577.77839913069	157.227262022729	1535.7963128574	1771.30007986333	2459.15815474455	1533.9178852361	4155.44039295254	2781.51130549793	674.92500562909	2672.02096751309	1775.20308297367	2214.04000021243	4345.79170871977	2600.01982413348	2211.51291063573	991.304622212297	1233.41066157609	2214.17533981622	1042.41292340938	4400.86018643034	1368.93563560149	3273.29450578748	2317.33174753368	4061.77795779743	1817.39290034387	395.085083116223	1141.28866309589	1372.38854735016	159.367911629795	1402.7565523314	1745.7486764765	1913.1755190547	2521.25285474535	5255.66153256689	654.136097783373	1401.68568019157	1762.56847426559	2515.20588613364	5411.75732891592	3849.11571356222	4760.03063014894	3077.45009488821	2023.90468155155	4239.39781939364	3199.05114844765	2314.22165902365	2598.1166601485	4010.42998900332	2398.29202444428	3094.83995007565	1488.34362455195	3961.52481262216	2395.76011227547	1435.43866772071	2876.95243072133	1511.2315247182	3286.39736369552	1909.00695025994	2598.39447823492	5698.13577015173	2256.94316699503	1882.97502029759	2314.59252669144	1535.96391510208	2117.77663685907	1418.6036818292	2597.7849418406	2097.79068988422	2835.16161958756	1056.89641821171	2873.460811364	2352.40152568544	1170.35481729839	2678.16611443712	2232.75926248333	2000.21789971168	4910.94554717655	4850.42827799362	3983.77863076013
2445.7855955338	0	3358.5739684632	5296.94060806568	3378.85534095718	4224.79568733574	2201.05731777912	2288.15318415584	2490.00696286751	7112.30176922194	7117.96778413639	7386.03787110528	6196.4743714417	1036.38053614537	1225.8675138732	3045.1030764172	4478.03669698278	4387.39197272531	4065.84424688645	4097.5804694076	3614.1416048264	3869.80598860801	2288.55833351107	2488.3190610826	3378.22115537464	3480.78378405513	2488.39800026886	6601.22598848634	3810.3690047445	3117.76362104282	4342.57657000533	3377.89075194446	3828.21642476618	6791.57730425357	5045.80541966728	3827.22014188188	2345.88106376339	1212.37493395771	3827.15255146478	2476.12564326954	2021.86928782683	1076.84995993231	3044.67735176201	3255.93426618075	3782.85013031315	1808.32079286126	2624.43521238499	3452.92975369834	1073.39704818364	2286.41768390401	1277.67485370515	4191.5342720103	3426.1826704613	2800.18068222963	7701.44712810069	1791.64949775043	1276.98080045451	4208.35406979939	2236.27805864936	5132.82950143164	3570.18788607794	7205.81622568274	3256.84034806015	1744.97685406727	3960.46999190937	3477.97897593192	3255.64234205403	5043.9022556823	6456.21558453712	2379.92325473344	2815.91212259137	3934.12922008575	4565.8775519036	2382.16848101634	2099.80845183987	3413.38258080467	3957.017120252	5057.23632582523	4354.79254579374	5044.18007376873	5419.20794266745	2589.4379526436	4328.7606158314	3255.35438489996	2486.66933171919	4563.56223239287	2119.43841741659	5043.5705373744	2175.62671117582	389.376024053759	1902.17694066526	5319.2464068978	4798.18712121924	1275.43077823541	4344.16378919278	1953.83143499905	4446.00349524548	7356.73114271035	7296.21387352742	6429.56422629394
3280.56805229528	3358.5739684632	0	1979.31032735888	1506.98136124651	1223.15546252474	2272.3958982574	3174.21147436685	897.667740659061	4121.65261943858	4017.6390038381	4027.46390264208	4692.29055166743	3666.24067102763	4584.4414823364	313.470892046004	5765.16370266521	6742.29777901606	6131.26520600412	6118.05900366245	6523.12598702332	6858.34645142596	3174.33213757143	1744.77173943788	1509.26797243195	821.409897550726	1746.65016705917	3598.80393268459	499.056746797345	2605.64304666619	984.002601542128	1505.36496932161	1066.52805208285	3433.00333579037	2620.61103352392	1069.05514165955	2289.26343008298	2534.51995811797	1066.39271247905	2238.1551288859	5313.64855935974	2811.7338126499	313.896616701187	963.236304761595	781.209905502151	1550.25317560194	3675.6531354115	4421.85671539117	2811.37828556902	3174.46056060782	4279.31507851615	3934.57627266023	1367.39253324057	5801.82090704063	4342.87315963749	2632.32728395486	4278.62102526551	2275.08470363839	1680.84235055575	2131.18927662064	1112.5473409152	3847.24225721954	203.117957407066	2258.06330302007	2168.10791487195	6479.61920074292	966.346393271621	2621.12692780368	3699.03762683117	978.650713729757	1256.06016535125	4703.91075737578	1207.3035834404	976.405487446865	1845.12938457457	403.615621573944	2667.12293938652	1698.66235736203	3142.05465851107	2620.97581040604	2417.56771785645	1023.62488530025	2807.08956407092	965.975525603838	1744.6041371932	2377.34985695644	1861.96437046608	2621.14726929242	1182.94725728738	3747.94999251696	2223.67163408357	2396.01607167685	2066.77549509592	3511.69541114988	985.589820729581	2080.27682917301	1508.29106918833	3998.15717424715	4145.58703530696	3070.99025783073
2851.15501253188	5296.94060806568	1979.31032735888	0	1918.0852671085	3202.46578988362	3095.88329028656	3008.78742390983	2806.93364519816	2142.3422920797	2038.32867647922	2089.0972630396	2712.98022430855	4260.56007192031	6522.80812193888	2251.83753164848	3785.85337530634	4762.98745165719	4151.95487864525	4138.74867630358	4543.81565966445	4879.03612406708	3008.3822745546	2808.62154698308	1918.71945269104	1816.15682401055	2808.54260779682	1619.49360532571	1486.57160332117	2179.17698702285	1370.76324257669	1919.04985612122	1468.72418329949	1494.63669618789	641.300706165038	1469.72046618379	2951.05954430229	4084.56567410796	1469.7880566009	2820.81496479614	7252.01519896221	4220.09064813336	2252.26325630366	2041.00634188493	2760.52023286103	3488.61981520441	2672.50539568069	2442.54638803229	4223.54355988204	3010.52292416167	4253.91156486328	1955.26594530135	1870.75793760437	3822.51057968175	2404.50652003502	3505.29111031525	4252.84069272344	1088.58653826629	3619.20899015822	4110.49960397952	3050.91398051768	1908.87561761707	2040.10026000552	4196.42994262255	4106.47455447443	4736.27367137376	2041.29826601165	641.816600444804	1719.7272994723	2917.01735333223	3194.42680495373	2724.6004300169	2660.26708768576	2914.77212704934	3197.13215622581	1883.55802726101	1339.92348781368	1985.13963875912	1162.74433115219	641.665483047164	4396.87804521533	2707.50265542207	968.179992234281	2041.58622316572	2810.27127634648	733.378375672805	3177.50219064909	641.836941933547	3121.31389688986	5686.31663211944	3394.76366740042	416.705744317975	498.753486846438	4021.50982983027	1376.90838950072	4018.64346877548	850.937112820197	2059.79053464468	2166.27670794808	1132.62361822826
1773.58669104877	3378.85534095718	1506.98136124651	1918.0852671085	0	2730.13682377125	1177.79802317806	1667.23011312034	888.848378089666	3733.44642826477	3739.11244317921	4007.1825301481	3185.30919042092	2342.47480481181	4604.72285483038	1503.85530475114	4258.1823414187	5235.31641776955	4624.28384475761	4611.07764241594	5016.14462577681	5351.36509017945	1667.35077632492	890.536279874581	2.28661118543681	685.571463695784	890.457340688317	3222.37064752916	1007.92461444917	1098.66168541968	963.721229048152	1.61639192490509	449.361083809006	3412.72196329639	1666.9500787101	448.364800924707	1032.97427719379	2166.48040699946	448.297210507599	902.729697687641	5333.92993185371	2302.00538102486	1499.70781473872	543.745056484915	2288.19126674866	1570.53454809592	2168.67177416499	2914.87535414466	2305.45829277354	1667.47919936131	2772.33371726964	2427.59491141371	139.588828005936	4294.83954579412	4322.59178714352	1587.20584320675	2771.639664019	829.498728842209	1701.12372304972	3638.17063786715	2075.52902251345	3826.96088472557	1303.86340383944	2278.34467551405	2465.81112834488	4972.63783949641	540.634967974889	1665.04691472512	3077.36024357994	998.932086223733	1321.25325902688	3196.92939612927	2187.93812157339	996.686859940841	1279.04688911731	1103.36573967257	1160.14157814001	1678.38098486805	1635.07329726456	1665.32473281155	3924.54907910296	789.417388313575	1300.10820282441	541.005835642672	892.186009237983	1184.70689143569	1259.41692354059	1664.71519641723	1203.22862978136	3768.23136501094	1476.67840029192	1940.39106594062	1419.33178026206	2103.42456272177	965.308448235605	2100.55820166699	1067.1481542883	3977.87580175317	3917.35853257025	3050.70888533676
4503.72351482002	4224.79568733574	1223.15546252474	3202.46578988362	2730.13682377125	0	3495.55136078214	4397.36693689159	2120.8232031838	5344.80808196332	5240.79446636284	5045.64527734955	5915.44601419217	4889.39613355237	5415.21358870259	1226.28151902011	6988.31916518996	7965.45324154081	7354.42066852886	7341.21446618719	7746.28144954806	8081.5019139507	4397.48760009617	2967.92720196262	2732.42343495669	2044.56536007547	2969.80562958391	4821.95939520933	1722.21220932209	3828.79850919093	1831.70254730693	2728.52043184635	2289.68351460759	2602.23122942418	3843.76649604866	2292.21060418429	3512.41889260772	3757.67542064271	2289.5481750038	3461.31059141064	6246.66497516257	4034.88927517464	1230.42900903253	2186.39176728634	1353.01330416075	2686.33061447615	4898.80859793624	5645.01217791591	4034.53374809376	4397.61602313256	5502.47054104089	5157.73173518497	2590.54799576531	7024.97636956537	4686.66155926519	3855.4827464796	5501.77648779025	3498.24016616313	2511.61445692193	1406.85715447842	1943.31944728139	3850.01248475235	1426.27341993181	3088.83540938625	2998.88002123814	7702.77466326766	2189.50185579636	3844.28239032842	4922.19308935591	2105.43149037574	2086.83227171744	5927.06621990052	542.198702197861	2107.96340254455	3068.28484709931	1626.77108409868	3890.27840191126	1217.32615112449	4365.21012103581	3844.13127293078	2298.69125460113	2246.78034782499	4030.24502659566	2189.13098812858	2967.75959971794	3600.50531948118	3085.11983299082	3844.30273181716	2405.9328249358	4578.72209888315	3446.82709660831	3619.17153420159	3289.93095762066	4734.85087367462	1825.55740038289	2911.04893553919	2731.44653171307	5049.27264400447	5368.7424978317	3039.65282887493
1008.17215403787	2201.05731777912	2272.3958982574	3095.88329028656	1177.79802317806	3495.55136078214	0	901.815576109446	1374.72815759834	4911.24445144283	4916.91046635727	5184.98055332616	3995.41705366258	1393.84477277023	3426.92483165232	2269.26984176204	3492.76780440781	4469.90188075866	3858.86930774672	3845.66310540505	4250.73008876592	4585.95055316856	901.936239314028	527.624158819528	1177.16383759552	1450.98600070668	525.745731198232	4400.16867070722	1773.33915146006	916.706303263706	2141.51925222621	1176.83343416534	1627.15910698707	4590.51998647445	2844.74810188816	1626.16282410277	144.823745984266	988.682383821404	1626.09523368566	275.068325490417	4156.13190867565	1124.20735784681	2265.12235174961	1309.15959349581	3053.60580375955	809.220746305998	1403.25723715409	2149.46081713376	1127.66026959548	902.064662350416	2006.91918025875	1990.47695423118	1225.12535268218	3529.42500878322	5500.38981032158	409.407820028691	2006.22512700811	2007.29675202027	1507.03373209576	4403.58517487804	2840.94355952435	5004.75890790362	2069.27794085034	1100.54665233599	3231.22566535577	4207.22330248552	1306.04950498578	2842.84493790318	4255.158266758	1390.11987040641	2086.66779603777	2431.51485911838	2953.35265858428	1387.5879582376	427.266513682837	1868.78027668346	1755.95980247288	2856.17900804611	2153.73522801462	2843.12275598961	4689.96361611385	1248.77101295715	2127.70329805228	1306.42037265357	527.791761064205	2362.50491461375	410.431527791325	2842.51321959528	1089.61853584635	2590.43334183288	298.88037711386	3118.18908911868	2597.12980344012	1239.29951289248	2143.10647141366	1224.58710844545	2244.94617746636	5155.67382493123	5095.1565557483	4228.50690851482
157.632411377957	2288.15318415584	3174.21147436685	3008.78742390983	1667.23011312034	4397.36693689159	901.815576109446	0	2276.54373370779	4824.1485850661	4829.81459998054	5097.88468694943	3908.32118728586	1251.77264801048	3514.02069802905	3171.08541787148	2590.95222829836	3568.08630464921	2957.05373163727	2943.8475292956	3348.91451265647	3684.13497705911	0.405149355228744	1429.43973492897	1664.9435019349	2352.80157681612	1427.56130730768	4313.0728043305	2675.15472756951	829.610436886981	2565.66438958466	1668.84650504525	2107.683422284	4503.42412009773	2757.65223551144	2105.1563327073	884.948044283871	1075.77825019813	2107.8187618878	936.056345480953	4243.22777505238	1211.30322422353	3166.93792785906	2210.97516960526	3955.421379869	1711.03632241544	501.441661044648	1247.64524102432	1214.75613597221	1.73550025183813	1245.12414095345	1903.38108785445	1806.81894112628	2627.60943267378	5413.29394394485	541.884190411988	1244.05326881361	1920.20088564354	2408.84930820521	5305.40075098749	3742.75913563379	4917.6630415269	2971.09351695978	1917.54810362312	4133.04124146522	3305.40772637607	2207.86508109523	2755.74907152646	4168.06240038127	2291.93544651585	2988.48337214722	1645.97603592991	3855.16823469373	2289.40353434705	1329.08208979228	2770.59585279291	1668.86393609615	3180.0407857671	2066.6393616379	2756.02688961288	5591.7791922233	2150.5865890666	2040.60743167555	2208.23594876301	1429.60733717365	2275.40904823703	1312.24710390077	2755.41735321856	1991.43411195579	2677.5292082096	950.539840283284	3031.09322274196	2510.0339370634	1012.72240592043	2571.8095365087	2126.4026845549	2157.85031108964	5068.57795855451	5008.06068937158	4141.41104213809
2382.90031163621	2490.00696286751	897.667740659061	2806.93364519816	888.848378089666	2120.8232031838	1374.72815759834	2276.54373370779	0	4622.29480635443	4627.96082126888	4896.03090823777	3794.62281100837	2768.57293036857	3715.87447674071	894.541684163693	4867.49596200615	5844.630038357	5233.59746534506	5220.39126300339	5625.45824636426	5960.6787107669	2276.66439691237	847.103998778815	888.214192507128	990.776821187618	848.982426400112	4111.21902561883	1320.36204187699	1707.97530600712	1852.56960713782	887.883789076948	1338.20946189867	4301.57034138606	2555.79845679977	1337.21317901437	1391.59568942392	1636.85221745891	1337.14558859727	1340.48738822684	4445.08155376405	1914.06607199084	890.394194151269	765.927303313234	1678.87764616121	681.68617000625	2777.98539475244	3524.18897473211	1913.71054490996	2276.79281994876	3381.64733785709	3036.90853200116	936.175707593791	4904.15316638157	5211.44016523318	1734.6595432958	3380.95328460645	1718.34710693187	812.275344960057	3028.8570172797	1466.21540192601	4715.80926281523	766.833385192643	1389.49629742438	1856.49750775743	5581.95146008386	765.635379186515	2553.89529281479	3966.20862166961	110.083708134067	711.939638439431	3806.24301671672	2075.87058903609	107.838481851176	947.461643915506	923.375617937155	1769.45519872746	2567.22936295772	2244.38691785201	2554.17311090121	3315.23545851551	125.957144641189	1909.42182341186	765.347422032448	846.936396534138	2073.55526952536	964.296629807018	2553.56357450689	314.380251691691	2879.38298692127	1326.00389342451	2829.23944403029	2308.18015835173	2614.02767049082	1854.15682632527	1211.70982357732	1955.99653237797	4866.72417984284	4806.20691065991	3939.55726342642
4666.51617368814	7112.30176922194	4121.65261943858	2142.3422920797	3733.44642826477	5344.80808196332	4911.24445144283	4824.1485850661	4622.29480635443	0	104.013615600477	299.162804613768	915.827397780242	6075.92123307658	8338.16928309515	4118.52656294321	2634.26507223917	2724.90979649664	3046.45752233549	3014.72129981434	3498.16016439554	3242.49578061394	4823.74343571087	4623.98270813935	3734.0806138473	3631.51798516681	4623.90376895308	522.848686753987	3622.59587264123	3994.53814817912	3513.10553465639	3734.41101727748	3284.08534445576	3179.63397235645	2066.49634955466	3285.08162734006	4766.42070545856	5899.92683526423	3285.14921775717	4636.17612595241	9067.37636011848	6035.45180928963	4114.37907293078	3856.3675030412	4902.86252494073	5303.98097636068	4487.86655683695	3659.37201552361	6038.90472103831	4825.88408531794	6069.27272601955	2920.76749721165	3686.11909876064	4694.0943806691	658.146522698132	5320.65227147152	6068.20185387971	2903.94769942256	5434.57015131449	6252.84189605922	4866.27514167395	1494.79559721096	3918.53466203151	6011.79110377881	5921.8357156307	6551.63483253003	3856.65942716792	2068.39951353964	656.086184684826	4732.3785144885	5009.78796611	3178.1725491362	4802.60937976546	4730.13328820561	5012.49331738208	3718.03699786463	3155.28464896995	4127.48193083882	2757.5092234282	2068.12169545322	6539.22033729503	4522.86381657834	2783.54115339055	3856.94738432198	4625.63243750275	2548.73953682907	4992.86335180536	2068.73123184754	4936.67505804612	7501.6777932757	5210.12482855669	1793.05536232414	2314.11464800271	5836.87099098653	3519.25068158042	5834.00462993175	2666.29827397647	295.535437958851	183.912104305479	2305.15525308838
4672.18218860259	7117.96778413639	4017.6390038381	2038.32867647922	3739.11244317921	5240.79446636284	4916.91046635727	4829.81459998054	4627.96082126888	104.013615600477	0	268.07008696889	921.493412694685	6081.58724799102	8343.83529800959	4072.86470771919	2639.93108715361	2730.57581141108	3052.12353724994	3020.38731472879	3503.82617930999	3248.16179552838	4829.40945062532	4629.64872305379	3739.74662876175	3637.18400008126	4629.56978386753	516.741795650048	3518.58225704075	4000.20416309356	3409.09191905591	3740.07703219193	3289.7513593702	3075.62035675598	2072.16236446911	3290.7476422545	4772.086720373	5905.59285017867	3290.81523267161	4641.84214086685	9073.04237503292	6041.11782420408	4073.29043237437	3862.03351795564	4798.84890934025	5309.64699127513	4493.5325717514	3665.03803043805	6044.57073595275	4831.55010023238	6074.93874093399	2926.43351212609	3691.78511367509	4699.76039558354	583.479343964306	5326.31828638596	6073.86786879416	2909.613714337	5440.23616622893	6148.82828045874	4871.94115658839	1390.78198161048	3861.12743607623	6017.45711869326	5927.50173054514	6557.30084744448	3862.32544208236	2074.06552845409	661.752199599269	4738.04452940294	5015.45398102444	3183.83856405064	4698.59576416498	4735.79930312005	5018.15933229652	3704.58520333172	3160.95066388439	4023.46831523835	2763.17523834265	2073.78771036766	6435.20672169455	4528.52983149279	2789.20716830499	3862.61339923643	4631.29845241719	2554.40555174352	4998.5293667198	2074.39724676198	4942.34107296057	7507.34380819015	5215.79084347113	1798.72137723859	2319.78066291715	5842.53700590098	3415.23706597994	5839.6706448462	2671.96428889091	238.763358573964	178.246089391035	2201.14163748791
4940.25227557148	7386.03787110528	4027.46390264208	2089.0972630396	4007.1825301481	5045.64527734955	5184.98055332616	5097.88468694943	4896.03090823777	299.162804613768	268.07008696889	0	1189.56349966358	6349.65733495991	8611.90538497848	4340.93479468808	2908.0011741225	2998.64589837997	3320.19362421883	3288.45740169768	3771.89626627888	3516.23188249727	5097.47953759421	4897.71881002268	4007.81671573064	3905.25408705015	4897.63987083642	784.811882618938	3575.66886636077	4268.27425006245	3213.94273004262	4008.14711916082	3557.82144633909	2880.47116774268	2340.232451438	3558.81772922339	5040.15680734189	6173.66293714756	3558.8853196405	4909.91222783574	9341.11246200181	6309.18791117296	4341.36051934326	4130.10360492453	4603.69972032696	5577.71707824402	4761.60265872029	3933.10811740694	6312.64082292164	5099.62018720127	6343.00882790288	3194.50359909498	3959.85520064398	4967.83048255243	358.983718084364	5594.38837335485	6341.93795576305	3177.68380130589	5708.30625319782	5953.67909144545	5140.01124355728	1195.63279259719	4129.19752304512	6285.52720566215	6195.57181751403	6825.37093441337	4130.39552905125	2342.13561542298	929.82228656816	5006.11461637183	5283.52406799333	3451.90865101953	4503.44657515169	5003.86939008894	5286.22941926541	3972.65529030061	3429.02075085328	3828.31912622505	3031.24532531154	2341.85779733655	6240.05753268126	4796.59991846168	3057.27725527388	4130.68348620532	4899.36853938608	2822.47563871241	5266.59945368869	2342.46733373087	5210.41115992946	7775.41389515904	5483.86093044002	2066.79146420748	2587.85074988604	6110.60709286987	3220.08787696665	6107.74073181509	2940.0343758598	29.3067283949269	323.097220482153	2005.99244847462
3750.6887759079	6196.4743714417	4692.29055166743	2712.98022430855	3185.30919042092	5915.44601419217	3995.41705366258	3908.32118728586	3794.62281100837	915.827397780242	921.493412694685	1189.56349966358	0	5160.09383529634	7422.34188531491	4689.16449517206	1718.43767445893	2050.00722734863	2130.63012455525	2098.8939020341	2582.3327666153	2326.66838283369	3907.91603793063	3708.15531035911	3183.02257923548	3870.8806541167	3708.07637117284	1093.48661898284	4193.23380487008	3078.71075039888	4083.74346688524	3186.92558234582	3625.76249958458	3750.27190458531	2071.67951814351	3623.23541000788	3850.59330767832	4984.09943748399	3625.89783918837	3720.34872817217	8151.54896233824	5119.62441150939	4685.01700515964	3729.05424690584	5473.50045716958	4388.15357858044	3572.03915905671	2743.54461774337	5123.07732325807	3910.0566875377	5153.44532823931	2004.94009943141	3324.89801842686	3778.26698288886	1504.97275665899	4404.82487369127	5152.37445609947	2417.20584802904	4518.74275353425	6823.47982828807	5260.83821293437	2065.43352943982	4489.17259426036	5095.96370599857	5651.1203187658	5635.80743474979	3725.94415839581	2071.16362386375	993.252924836255	3816.55111670826	4506.5624494478	2262.34515135595	5373.24731199431	3814.30589042537	4096.66591960184	4288.67493009349	2239.4572511897	4698.11986306768	1841.68182564796	2071.31474126139	7109.85826952388	3668.66566636718	1885.20098759651	3726.31502606359	3709.80503972251	2314.94069471099	4077.03595402512	2071.14328237501	4020.84766026588	6585.85039549546	4294.29743077644	2296.27447999058	2625.51505657151	4921.04359320629	4089.88861380928	4918.17723215151	3183.9994824791	1160.25677126865	1099.73950208572	2875.79318531724
1409.40505938844	1036.38053614537	3666.24067102763	4260.56007192031	2342.47480481181	4889.39613355237	1393.84477277023	1251.77264801048	2768.57293036857	6075.92123307658	6081.58724799102	6349.65733495991	5160.09383529634	0	2262.24805001857	3663.11461453226	3441.65616083741	3351.01143657994	3029.46371074109	3061.19993326224	2856.88531599569	3192.10578039833	1252.17779736571	1921.46893158975	2341.84061922927	2844.8307734769	1919.59050396846	5564.84545234097	3167.18392423029	2081.38308489746	3306.19603385996	2341.5102157991	2791.83588862082	5755.1967681082	4009.42488352192	2790.83960573652	1376.97724094465	1131.72071290966	2790.77201531941	1439.74510712417	2991.4551270419	854.506858377727	3658.96712451984	2703.00436626604	4447.45057652978	2203.06551907622	1588.05467623963	2416.54921755297	854.86238545861	1250.03714775864	613.074407488519	3155.15373586493	2389.80213431594	2135.580236013	6665.06659195533	1033.91338707277	612.380354237883	3171.97353365402	2900.87850486599	5797.42994764827	4234.78833229458	6169.43568953738	3463.12271362056	2409.5773002839	4625.070438126	2813.37852971529	2699.89427775601	4007.52171953693	5419.83504839175	2783.96464317663	3480.512568808	2897.74868394038	4347.19743135451	2781.43273100783	1821.11128645306	3262.62504945369	2920.63658410663	4020.85578967986	3318.41200964838	4007.79953762336	6083.80838888408	2642.61578572738	3292.38007968603	2700.26514542379	1921.63653383443	3527.18169624751	1804.27630056155	4007.19000122904	2483.46330861657	1425.75656019912	1442.56903694406	4282.86587075244	3761.80658507387	239.050242090045	3307.78325304742	2618.43188121568	3409.62295910011	6320.35060656499	6259.83333738206	5393.18369014857
3671.653109407	1225.8675138732	4584.4414823364	6522.80812193888	4604.72285483038	5415.21358870259	3426.92483165232	3514.02069802905	3715.87447674071	8338.16928309515	8343.83529800959	8611.90538497848	7422.34188531491	2262.24805001857	0	4270.9705902904	5703.90421085598	5613.25948659851	5291.71176075965	5323.44798328081	4840.00911869961	5095.67350248121	3514.42584738428	3714.1865749558	4604.08866924784	4706.65129792833	3714.26551414206	7827.09350235954	5036.23651861771	4343.63113491603	5568.44408387853	4603.75826581766	5054.08393863939	8017.44481812677	6271.67293354049	5053.08765575509	3571.74857763659	2438.24244783092	5053.02006533798	3701.99315714274	1227.64361388473	2302.71747380552	4270.54486563522	4481.80178005395	4577.07580425525	3034.18830673446	3850.30272625819	4678.79726757154	2299.26456205684	3512.28519777721	2268.8965570756	5417.4017858835	4652.05018433451	3644.07490242605	8927.3146419739	3017.51701162363	2269.96742921543	5434.22158367259	3030.50373259146	5927.05517537374	4364.41356002005	8431.68373955595	4482.70786193336	2539.20252800937	4754.69566585147	2683.75330198982	4481.50985592723	6269.7697695555	7682.08309841032	3605.79076860665	3610.13779653347	5159.99673395895	5791.7450657768	3608.03599488954	3325.67596571307	4639.25009467787	5182.8846341252	6283.10383969843	5580.66005966694	6270.04758764193	6213.43361660955	3815.3054665168	5554.6281297046	4481.22189877316	3712.5368455924	5789.42974626607	3345.30593128979	6269.43805124761	3401.49422504902	836.491489819444	3128.04445453846	6545.11392077101	6024.05463509244	2501.29829210861	5570.03130306599	2748.05710894115	5671.87100911868	8582.59865658355	8522.08138740063	7655.43174016714
3277.44199579991	3045.1030764172	313.470892046004	2251.83753164848	1503.85530475114	1226.28151902011	2269.26984176204	3171.08541787148	894.541684163693	4118.52656294321	4072.86470771919	4340.93479468808	4689.16449517206	3663.11461453226	4270.9705902904	0	5762.03764616985	6739.1717225207	6128.13914950875	6114.93294716709	6519.99993052795	6855.22039493059	3171.20608107606	1741.64568294251	1506.14191593658	818.283841055359	1743.52411056381	3595.67787618922	765.265928327306	2602.51699017082	1297.47349358813	1502.23891282624	1063.40199558748	3746.47422783637	2617.48497702855	1065.92908516418	2286.13737358761	2531.3939016226	1063.26665598369	2235.02907239053	5020.38345614246	2808.60775615454	4.1474900124241	960.110248266227	784.335961997518	1460.04909545604	3672.52707891613	4418.7306588958	2808.25222907365	3171.33450411245	4276.18902202078	3931.45021616486	1364.26647674521	5798.69485054526	4656.3440516835	2629.20122745949	4275.49496877015	2271.95864714302	1367.37145850974	2134.31533311601	799.076448869201	4160.71314926555	211.737271642957	1944.59241097407	1854.63702282595	6476.49314424755	963.220336776254	2618.00087130831	3695.91157033581	879.149971355629	942.589273305251	4700.78470088041	1520.7744754864	881.681883524437	1842.0033280792	400.489565078577	2663.99688289116	2012.13324940803	3138.9286020157	2617.84975391067	2420.69377435182	1020.49882880488	2803.96350757556	962.849469108471	1741.47808069783	2374.22380046107	1858.83831397071	2618.02121279706	1179.65130591569	3434.47910047096	2220.5455775882	2392.89001518149	2063.64943860055	3508.56935465451	1299.06071277558	1766.80593712701	1505.16501269297	4311.62806629315	4251.11079711023	3384.46114987674
2484.59565036994	4478.03669698278	5765.16370266521	3785.85337530634	4258.1823414187	6988.31916518996	3492.76780440781	2590.95222829836	4867.49596200615	2634.26507223917	2639.93108715361	2908.0011741225	1718.43767445893	3441.65616083741	5703.90421085598	5762.03764616985	0	977.13407635085	412.192450096325	380.456227575173	863.895092156373	1093.18274876075	2590.83156509378	4020.39196322734	4255.89573023327	4943.75380511449	4018.51353560604	2166.35976998063	5266.10695586787	3159.52065599903	5156.61661788303	4259.79873334361	4698.63565058237	4823.14505558309	3144.5526691413	4696.10856100567	3475.90027258224	3265.66176302506	4698.77099018616	3527.00857377932	6433.11128787931	3401.18673705046	5757.89015615742	4801.92739790362	6546.37360816737	4301.98855071381	2089.51056725372	1343.30698727405	3404.63964879914	2590.70314205739	3435.00765378038	1830.58743000499	4397.77116942464	2059.82930842993	3223.41043111792	3132.83641871035	3433.93678164054	3490.07899902682	4999.80153650357	7896.35297928585	6333.71136393216	3138.3066804376	5562.04574525815	4508.50033192149	6723.99346976358	3917.36976029086	4798.81730939359	3144.03677486153	2066.12607583404	4882.88767481422	5579.43560044558	1061.25294528943	6446.12046299209	4880.35576264541	3920.03431809065	5361.54808109127	3098.04076327869	5770.99301406546	2623.10904415414	3144.18789225917	8182.73142052166	4741.53881736496	2958.07413859429	4799.18817706138	4020.55956547202	3387.81384570878	3903.19933219914	3144.01643337279	4582.38634025416	4867.41272103654	3541.49206858165	3369.14763098836	3698.3882075693	3202.60591874737	5162.76176480706	4717.35491285326	4256.87263347688	2878.69444572758	2818.17717654465	3948.66633631502
3461.72972672079	4387.39197272531	6742.29777901606	4762.98745165719	5235.31641776955	7965.45324154081	4469.90188075866	3568.08630464921	5844.630038357	2724.90979649664	2730.57581141108	2998.64589837997	2050.00722734863	3351.01143657994	5613.25948659851	6739.1717225207	977.13407635085	0	611.032573011943	624.238775353612	773.250367898904	517.585984117298	3567.96564144463	4997.52603957819	5233.02980658412	5920.88788146534	4995.64761195689	3143.49384633148	6243.24103221872	4136.65473234988	6133.75069423388	5236.93280969446	5675.76972693322	5800.27913193394	4121.68674549215	5673.24263735652	4453.03434893309	4207.7778208981	5675.90506653701	4504.14265013017	6342.46656362184	3930.56396636616	6735.02423250827	5779.06147425447	7523.50768451822	5279.12262706466	3066.64464360457	2320.4410636249	3930.91949344704	3567.83721840825	3344.36292952291	2807.72150635584	5374.90524577549	1969.18458417246	3314.05515537539	4109.9704950612	3343.29205738308	4467.21307537767	5976.93561285443	8873.4870556367	7310.84544028301	4115.44075678845	6539.179821609	5485.63440827234	7701.12754611443	3826.72503603339	5775.95138574444	4121.17085121238	3043.26015218489	5860.02175116507	6556.56967679643	2038.38702164028	7423.25453934294	5857.48983899626	4897.1683944415	6338.68215744212	4075.17483962954	6748.12709041631	3600.24312050499	4121.32196861002	9159.86549687251	5718.67289371582	3935.20821494514	5776.32225341223	4997.69364182287	4364.94792205963	4880.33340854999	4121.15050972364	5559.52041660501	4776.76799677907	4518.6261449325	4346.28170733921	4675.52228392015	3230.60236786618	6139.89584115791	5694.48898920411	5234.00670982773	2969.33916998505	2908.82190080212	4925.80041266587
2850.69715370885	4065.84424688645	6131.26520600412	4151.95487864525	4624.28384475761	7354.42066852886	3858.86930774672	2957.05373163727	5233.59746534506	3046.45752233549	3052.12353724994	3320.19362421883	2130.63012455525	3029.46371074109	5291.71176075965	6128.13914950875	412.192450096325	611.032573011943	0	31.7362225211514	451.702642060049	727.08124542184	2956.93306843269	4386.49346656625	4621.99723357217	5309.8553084534	4384.61503894495	2535.38174159989	5632.20845920678	3525.62215933794	5522.71812122193	4625.90023668252	5064.73715392127	5189.246558922	3510.65417248021	5062.21006434457	3842.00177592114	3596.74524788616	5064.87249352507	3893.11007711822	6020.91883778299	3319.53139335422	6123.99165949633	5168.02890124253	6912.47511150627	4668.09005405272	2455.61207059262	1709.40849061295	3319.8869204351	2956.8046453963	3022.81520368405	2196.6889333439	4763.87267276355	1647.6368583336	3635.60288121424	3498.93792204926	3021.74433154422	3856.18050236573	5365.90303984248	8262.45448262476	6699.81286727107	3504.40818377651	5928.14724859706	4874.60183526039	7090.09497310249	3505.17731019454	5164.9188127325	3510.13827820044	2432.22757917295	5248.98917815313	5945.53710378449	1427.35444862834	6812.221966331	5246.45726598432	4286.13582142955	5727.64958443018	3464.1422666176	6137.09451740437	2989.21054749305	3510.28939559808	8548.83292386057	5107.64032070387	3324.1756419332	5165.28968040028	4386.66106881092	3753.91534904769	4269.30083553804	3510.1179367117	4948.48784359307	4455.22027094021	3907.59357192056	3735.24913432727	4064.4897109082	2790.41346865104	5528.86326814597	5083.45641619217	4622.97413681579	3290.8868958239	3230.36962664097	4314.76783965393
2837.49095136718	4097.5804694076	6118.05900366245	4138.74867630358	4611.07764241594	7341.21446618719	3845.66310540505	2943.8475292956	5220.39126300339	3014.72129981434	3020.38731472879	3288.45740169768	2098.8939020341	3061.19993326224	5323.44798328081	6114.93294716709	380.456227575173	624.238775353612	31.7362225211514	0	483.4388645812	740.287447763509	2943.72686609102	4373.28726422458	4608.79103123051	5296.64910611173	4371.40883660328	2519.25507097786	5619.00225686511	3512.41595699627	5509.51191888027	4612.69403434085	5051.53095157961	5176.04035658033	3497.44797013854	5049.0038620029	3828.79557357947	3583.53904554449	5051.6662911834	3879.90387477656	6052.65506030414	3306.32519101255	6110.78545715466	5154.82269890086	6899.2689091646	4654.88385171105	2442.40586825095	1696.20228827129	3306.68071809343	2943.59844305463	3054.55142620521	2183.48273100223	4750.66647042188	1679.37308085476	3603.86665869309	3485.73171970759	3053.48055406537	3842.97430002406	5352.69683750081	8249.24828028309	6686.6066649294	3491.20198143484	5914.94104625539	4861.39563291872	7076.88877076082	3536.91353271569	5151.71261039083	3496.93207585877	2419.02137683128	5235.78297581146	5932.33090144282	1414.14824628667	6799.01576398933	5233.25106364265	4272.92961908789	5714.44338208851	3450.93606427593	6123.8883150627	2976.00434515138	3497.08319325641	8535.6267215189	5094.4341183622	3310.96943959153	5152.08347805861	4373.45486646925	3740.70914670602	4256.09463319637	3496.91173437003	4935.2816412514	4486.95649346136	3894.38736957889	3722.0429319856	4051.28350856653	2822.14969117219	5515.6570658043	5070.2502138505	4609.76793447412	3259.15067330275	3198.63340411982	4301.56163731226
3242.55793472805	3614.1416048264	6523.12598702332	4543.81565966445	5016.14462577681	7746.28144954806	4250.73008876592	3348.91451265647	5625.45824636426	3498.16016439554	3503.82617930999	3771.89626627888	2582.3327666153	2856.88531599569	4840.00911869961	6519.99993052795	863.895092156373	773.250367898904	451.702642060049	483.4388645812	0	335.220464402639	3348.79384945189	4778.35424758545	5013.85801459137	5701.7160894726	4776.47581996415	2987.08438365994	6024.06924022598	3917.48294035714	5914.57890224114	5017.76101770172	5456.59793494048	5581.1073399412	3902.51495349941	5454.07084536377	4233.86255694034	3988.60602890536	5456.73327454427	4284.97085813743	5569.21619572294	3711.39217437342	6515.85244051553	5559.88968226173	7304.33589252547	5059.95083507192	2847.47285161182	2101.26927163215	3711.7477014543	3348.6654264155	2571.11256162401	2588.5497143631	5155.73345378275	1195.93421627356	4087.30552327429	3890.79870306846	2570.04168948417	4248.04128338493	5757.76382086168	8654.31526364396	7091.67364829027	3896.26896479571	6320.00802961626	5266.46261627959	7481.95575412169	3053.47466813449	5556.7795937517	3901.99905921964	2842.07397971072	5640.84995917233	6337.39788480369	1819.21522964754	7204.0827473502	5638.31804700352	4677.99660244875	6119.51036544938	3856.0030476368	6528.95529842357	3381.07132851225	3902.15017661728	8940.69370487977	5499.50110172307	3716.0364229524	5557.15046141948	4778.52184983012	4145.77613006689	4661.16161655724	3901.9787177309	5340.34862461227	4003.51762888016	4299.45435293976	4127.10991534647	4456.3504919274	3011.43057587344	5920.72404916517	5475.31719721137	5014.83491783499	3742.58953788395	3682.07226870102	4706.62862067313
3577.77839913069	3869.80598860801	6858.34645142596	4879.03612406708	5351.36509017945	8081.5019139507	4585.95055316856	3684.13497705911	5960.6787107669	3242.49578061394	3248.16179552838	3516.23188249727	2326.66838283369	3192.10578039833	5095.67350248121	6855.22039493059	1093.18274876075	517.585984117298	727.08124542184	740.287447763509	335.220464402639	0	3684.01431385453	5113.57471198809	5349.07847899401	6036.93655387524	5111.69628436679	3259.54251874137	6359.28970462862	4252.70340475978	6249.79936664377	5352.98148210436	5791.81839934311	5916.32780434384	4237.73541790205	5789.29130976641	4569.08302134298	4323.826493308	5791.95373894691	4620.19132254006	5824.88057950454	4046.61263877606	6851.07290491817	5895.11014666437	7639.55635692811	5395.17129947456	3182.69331601446	2436.48973603479	4046.96816585694	3683.88589081814	2826.77694540561	2923.77017876574	5490.95391818539	1451.59860005516	3831.64113949269	4226.0191674711	2825.70607326578	4583.26174778757	6092.98428526432	8989.5357280466	7426.89411269291	4231.48942919835	6655.2284940189	5601.68308068223	7817.17621852433	3309.1390519161	5892.00005815434	4237.21952362228	3159.30882459479	5976.07042357497	6672.61834920633	2154.43569405018	7539.30321175284	5973.53851140616	5013.21706685139	6454.73082985202	4191.22351203944	6864.17576282621	3716.29179291489	4237.37064101992	9275.91416928241	5834.72156612571	4051.25688735504	5892.37092582212	5113.74231423276	4480.99659446953	4996.38208095988	4237.19918213354	5675.56908901491	4259.18201266177	4634.6748173424	4462.33037974911	4791.57095633004	3346.65104027608	6255.94451356781	5810.53766161401	5350.05538223763	3486.92515410234	3426.40788491941	5041.84908507577
157.227262022729	2288.55833351107	3174.33213757143	3008.3822745546	1667.35077632492	4397.48760009617	901.936239314028	0.405149355228744	2276.66439691237	4823.74343571087	4829.40945062532	5097.47953759421	3907.91603793063	1252.17779736571	3514.42584738428	3171.20608107606	2590.83156509378	3567.96564144463	2956.93306843269	2943.72686609102	3348.79384945189	3684.01431385453	0	1429.56039813356	1665.06416513949	2352.92224002071	1427.68197051226	4312.66765497527	2675.27539077409	829.205287531752	2565.78505278924	1668.96716824983	2107.80408548859	4503.0189707425	2757.24708615621	2105.27699591188	885.068707488454	1076.18339955336	2107.93942509238	936.177008685535	4243.63292440761	1211.70837357876	3167.05859106364	2211.09583280984	3955.54204307358	1711.15698562003	501.320997840066	1247.52457781974	1215.16128532743	2.14064960706688	1245.52929030868	1902.97593849923	1806.93960433086	2627.4887694692	5412.88879458962	542.00485361657	1244.45841816884	1919.79573628831	2408.96997140979	5305.52141419207	3742.87979883838	4917.25789217167	2971.21418016437	1917.6687668277	4133.1619046698	3305.28706317149	2207.98574429981	2755.34392217123	4167.65725102605	2292.05610972044	2988.6040353518	1645.57088657468	3855.28889789831	2289.52419755163	1329.20275299687	2770.71651599749	1668.45878674093	3180.16144897168	2066.23421228267	2755.62174025765	5591.89985542788	2150.70725227118	2040.20228232032	2208.35661196759	1429.72800037823	2275.0038988818	1312.36776710535	2755.01220386333	1991.55477516038	2677.93435756483	950.660503487866	3030.68807338673	2509.62878770817	1013.12755527566	2571.93019971328	2126.52334775948	2157.44516173441	5068.17280919928	5007.65554001635	4141.00589278286
