0	3185.30418615979	1710.9842052379	1815.25899853642	3437.59854505535	2192.3582482026	4502.23139080478	975.014724393	2822.12964647631	2462.28528201111	2780.0611097408	2746.7993995322	2479.51196628648	2550.24935268629	2589.2076679204	2662.64943164264	2528.1136045343	2569.45245787629	2588.09057883786	3581.19700790722	1729.04041449243	3239.35949694038	466.765940827188	800.508574604822	2208.79051629817	3188.90337502539	1444.20067980118	479.698008214527	3254.40182490038	3571.27804471646	3691.06021381838	588.273752964356	1492.99965730893	588.397267318708	2225.3322124238	441.526958471945	1598.43053202164	805.421836166951	1414.88203888969	4221.22172401397	3141.95299715665	4879.68741674314	1254.90309300344	3027.2420017636	1674.60674073101	952.338362997127	1745.0549477322	1207.20541993858	1546.47003489014	2511.49309381304	1705.6565606433	795.907134714515	1466.88589872414	1752.25932225038	858.977566143196	1116.43745757782	1479.87448130229	2134.12831344649	3231.95243906783	588.273612969444	1609.34518653875	4846.59596625623	4586.03920111668	4808.79655989378	4178.1237236198	4578.42957568764	4914.42390933249	2112.60119993537	2719.59741078448	855.298830156839	2422.71897878888	3383.49854315295	2947.54944326607	3512.9624133655	1004.69986627784	1913.16703941137	2833.63395298208	2656.09159531704	893.885177105928	1961.56471621957	2351.55955241885	4806.23718681361	3492.42172594341	5370.89563899284	1417.67283031437	2511.43692481377	1416.23164573374	3363.62730156673	2320.56029388104	896.781224429144	1278.12310397647	2044.02900554882	2851.3768560417	1489.67738620138	2329.75715489289	3614.61063066064	4310.68541504813	2847.61711590483	274.393577041676	977.577585593698
3185.30418615979	0	2391.31369726842	2597.34172153536	5334.37399372081	992.945937957186	1316.92720464499	4160.31891055279	6007.4338326361	5647.5894681709	5965.36529590058	5932.10358569198	5664.81615244627	5735.55353884608	5774.51185408019	5847.95361780243	5713.41779069409	5754.75664403607	5773.39476499765	6766.50119406701	4914.34460065222	5951.08589704173	3178.49234092854	3512.23497470617	4443.41507316845	4.1233374340664	4155.92707990253	2705.60617794526	6439.70601106016	6756.58223087625	6876.36439997816	2648.85108323288	3638.41237931845	2648.65427881725	1346.1518560056	2893.77467266876	4783.73471818143	2379.88234999284	2330.56711015003	7406.52591017376	1352.79036001318	1855.3544125543	2875.08780468651	5738.96840186495	4859.9109268908	3664.06476309847	2362.83172887487	3938.21507593721	4731.77422104992	5696.79727997282	4890.96074680309	3507.63353481586	4024.85268462948	2563.42630813684	2326.32662001659	4301.74164373761	3431.64123464179	1587.21197462054	5943.67883916918	2648.80018709726	4321.07158664009	3206.73850560969	2081.97252918003	2506.53795796886	1466.39732351846	2233.8034106368	2407.83444665902	2050.02597139551	5431.32381088583	2330.00535600295	855.065629301443	2214.33304122399	1717.2093794129	3430.59995737856	3716.42626637919	4624.89343951271	775.510695646796	4337.73470691656	3994.43201692897	5146.86890237935	5063.28595252019	7517.96358691496	6204.14812604475	8556.19982515263	2333.92730318464	5696.74111097355	4127.95804583509	5215.96730737553	3891.34040923072	3608.50762453049	3828.41028897732	1909.6407030193	3932.68024417018	3632.5988732482	5041.48355499424	1730.21107526925	3404.23643836857	3927.95287855677	3229.41928247704	3689.30398569504
1710.9842052379	2391.31369726842	0	206.028024266938	3860.05401279892	1600.27414618037	2791.24718556688	2685.9989296309	4533.11385171421	4173.26948724901	4491.0453149787	4457.78360477009	4190.49617152438	4261.23355792419	4300.1918731583	4373.63363688054	4239.0978097722	4280.43666311418	4299.07478407576	5292.18121314512	3440.02461973033	3559.77219977331	1451.11942884091	1632.60463659599	2052.10137590003	2387.19035983435	2650.43948994469	1231.28619702337	4965.38603013827	5282.26224995436	5402.04441905627	1122.71045227354	1247.09868205003	1122.58693791919	1904.91950959087	1269.45724676595	3309.41473725954	905.562369070946	1094.46933605676	5932.20592925187	2821.54029432372	4246.66810982272	483.774107418092	3347.65470459653	3385.59094596891	1272.75106583005	34.0707424943076	2463.89509501532	3257.45424012803	4222.47729905093	3416.6407658812	1634.46675523589	1633.53898736106	172.112610868422	852.006639094701	2827.42166281572	1957.3212537199	1813.71561061356	3552.36514190076	1122.71059226845	1929.75788937167	4526.1832634233	4265.62649828375	4488.38385706086	3857.71102078688	4258.01687285471	4594.01120649956	1792.18849710244	3040.01011361741	855.685375081058	1536.24806796698	3063.08584032002	2627.13674043314	3192.54971053257	1325.11256911077	2233.5797422443	1615.80300162162	2863.41472599467	2520.11203600708	3672.54892145746	2671.97225525178	5126.64988964654	3812.83442877633	7081.87984423074	1097.26012748145	4222.42113005166	1736.64434856667	3741.64732645364	1500.0267119623	1724.21986308441	1437.09659170891	481.672994249122	2530.96415320877	1241.28517597978	2650.16985772582	1903.62642542274	2599.70120981024	2527.2044130719	1755.09930155515	1396.59816261017
1815.25899853642	2597.34172153536	206.028024266938	0	3964.32880609744	1806.30217044731	2686.97239226835	2790.27372292942	4637.38864501273	4277.54428054753	4595.32010827722	4562.05839806862	4294.7709648229	4365.50835122271	4404.46666645682	4477.90843017907	4343.37260307073	4384.71145641271	4403.34957737429	5396.45600644364	3544.29941302885	3353.74417550637	1555.39422213943	1736.87942989452	1846.07335163309	2593.21838410129	2754.71428324322	1335.5609903219	5069.6608234368	5386.53704325288	5506.3192123548	1226.98524557207	1041.07065778309	1226.86173121771	2110.94753385781	1373.73204006448	3413.68953055806	1009.83716236947	1300.4973603237	6036.48072255039	3027.56831859066	4452.69613408966	560.355905532986	3141.62668032959	3489.86573926743	1275.57891534138	234.509992660488	2568.16988831384	3361.72903342656	4326.75209234946	3520.91555917973	1738.74154853442	1427.51096309412	62.9996762860399	956.281432393227	2931.69645611424	2061.59604701843	2019.7436348805	3346.33711763382	1226.98538556698	1723.72986510474	4732.21128769024	4471.65452255069	4694.41188132779	4063.73904505382	4464.04489712165	4800.0392307665	1998.21652136938	2833.98208935047	959.960168379583	1742.27609223391	3269.11386458696	2833.16476470008	3398.57773479951	1413.30955906556	2027.55171797736	1821.83102588856	2967.6895192932	2624.3868293056	3776.82371475599	2465.94423098484	4920.6218653796	3606.8064045094	7186.15463752927	1303.28815174839	4326.69592335019	1530.61632429973	3845.92211975217	1293.99868769536	1828.49465638294	1231.06856744197	687.701018516059	2736.99217747571	1035.25715171284	2444.14183345888	1799.35163212422	2495.42641651171	2733.23243733884	1859.37409485368	1500.8729559087
3437.59854505535	5334.37399372081	3860.05401279892	3964.32880609744	0	4341.42805576362	6651.3011983658	3959.81440394467	1878.39056500768	2617.06493818225	1395.47270075817	2119.40413207112	3114.2858615737	2189.99721338784	2738.10810067168	2139.53487949248	2226.53822752678	2680.66708349433	2290.22872933466	4697.05716216718	4514.06608858057	6676.95804199573	3904.36448588254	4238.10711966017	5169.28721812245	5337.97318258641	4881.79922485654	3065.29421596262	1984.53350221864	2512.97654488255	2046.88077334542	3374.72322818688	4364.28452427246	3374.52642377125	3988.22213771521	3619.64681762276	3322.95663046093	3076.92058825983	3003.80688357078	5213.67896121061	3981.58363370763	7028.75722430416	3600.95994964052	6464.84054681895	2720.75328737983	4389.93690805248	3894.12475529322	2230.39312511677	3024.89902792936	3490.4684113627	3491.61893688833	4233.50567976987	4750.72482958348	3901.3291298114	3008.04737370422	4355.7344889118	1957.72406375306	3747.16201910026	6669.55098412318	3374.67233205127	5046.9437315941	2127.63548811111	3252.40146454078	2827.83603575195	4120.60351290194	3100.570583084	2926.53954706178	3284.3480223253	6157.19595583984	3004.36863771786	4571.7887863499	3120.04095249681	3617.16461430791	1903.77403634225	4442.29841133319	5350.76558446672	4982.7037605431	996.639286804245	2543.71336794942	3121.26626878924	5789.1580974742	8243.83573186896	6930.02027099876	5503.83113235356	3000.44669053617	3496.74581866225	4853.8301907891	118.406686345275	4617.21255418472	4334.3797694845	4554.28243393133	4193.09881310984	1401.69374955063	4358.4710182022	5767.35569994824	5763.68043822166	6459.75522260915	1406.42111516403	3163.20496801368	4415.17613064905
2192.3582482026	992.945937957186	1600.27414618037	1806.30217044731	4341.42805576362	0	2309.87314260217	3167.3729725956	5014.48789467891	4654.64353021371	4972.4193579434	4939.1576477348	4671.87021448908	4742.60760088889	4781.565916123	4855.00767984524	4720.47185273691	4761.81070607889	4780.44882704046	5773.55525610982	3921.39866269503	5160.04634595368	2387.45278984049	2721.19542361812	3652.3755220804	996.54512682279	3364.88752881448	1712.66023998807	5446.76007310298	5763.63629291906	5883.41846202098	1857.81153214483	2847.37282823041	1857.6147277292	353.20591804841	2102.73512158071	3790.78878022424	1560.00889221778	1337.62117219284	6413.57997221657	1221.26614814335	2687.32916854054	2084.04825359847	4947.92885077691	3866.96498893361	2873.02521201043	1571.79217778682	2945.26913798002	3738.82828309274	4703.85134201564	3898.01480884591	2716.59398372782	3233.81313354143	1772.3867570488	1459.21571106096	3308.79570578042	2438.69529668461	594.266036663356	5152.63928808113	1857.76063600922	3530.03203555205	2925.90911724293	2665.35235210338	2888.10971088048	2257.4368746065	2657.74272667434	2993.73706031919	1057.08003343832	4640.28425979779	1453.47576050571	230.360730586279	1462.81169413965	1026.86259425277	2437.65401942137	2925.38671529114	3833.85388842467	641.275704779479	3344.78876895938	3001.48607897178	4153.92296442217	4272.24640143215	6726.92403582691	5413.10857495671	7563.25388719545	1340.98136522745	4703.79517301637	3336.91849474705	4223.02136941835	3100.30085814267	2817.46807344245	3037.37073788928	1118.60115193125	2939.73430621299	2841.55932216015	4250.44400390619	1422.25238245804	2613.19688728053	2935.00694059959	2236.47334451985	2898.264434607
4502.23139080478	1316.92720464499	2791.24718556688	2686.97239226835	6651.3011983658	2309.87314260217	0	5477.24611519778	7324.36103728109	6964.51667281588	7282.29250054557	7249.03079033697	6981.74335709126	7052.48074349106	7091.43905872517	7164.88082244742	7030.34499533908	7071.68384868106	7090.32196964264	8083.428398712	6231.27180529721	5451.91074103528	4242.36661440779	4423.85182216287	3944.23991716199	1313.32801577938	5441.68667551157	4022.53338259025	7756.63321570515	8073.50943552124	8193.29160462315	3913.95763784042	3139.237223312	3913.83412348607	2663.07906065058	4060.70443233283	6100.66192282642	3696.80955463782	3647.49431479502	8723.45311481875	2669.71756465817	2354.52956856075	3247.32829780134	5239.7932458585	6176.83813153579	3962.55130760973	2757.17644307257	5255.14228058219	6048.70142569491	7013.72448461781	6207.88795144808	4425.71394080277	3525.67752862303	2749.97206855439	3643.25382466158	5618.6688483826	4748.56843928678	2904.13917926553	5444.50368316272	3913.95777783533	3821.89643063364	4523.66571025468	3398.89973382502	3823.46516261385	2530.69768546385	3550.73061528179	3724.76165130401	3366.9531760405	4932.14865487938	3646.93256064794	2079.5124120159	3531.26024586898	3034.13658405789	4747.52716202355	4100.28195133391	4661.2882692117	1668.5974378227	5654.66191156155	5311.35922157396	6463.79610702434	4564.11079651374	7018.7884309085	5704.9729700383	9873.12702979762	3650.85450782962	7013.66831561854	3628.78288982864	6532.89451202052	3392.16525322427	4515.46704865129	3329.23513297087	2458.20238525595	5249.60744881517	3133.42371724175	5117.53386069789	1231.0359192628	2905.06128236212	5244.88008320176	4546.34648712203	4187.84534817705
975.014724393	4160.31891055279	2685.9989296309	2790.27372292942	3959.81440394467	3167.3729725956	5477.24611519778	0	2081.42383893699	1487.27055761811	2564.3417031865	1840.41027187355	1504.49724189348	1769.81719055683	1614.1929435274	1820.27952445219	1733.27617641789	1594.43773348329	1669.58567461001	2606.18228351422	754.025690099432	2717.14363805106	1234.87950078999	1053.3942930349	3183.80524069117	4163.91809941839	921.984820911865	1454.71273260753	2279.38710050738	2596.26332032346	2716.04548942538	1563.28847735736	2468.01438170193	1563.41199171171	2814.16705454719	1416.54168286495	636.857773483743	1780.43656055995	1937.09789777901	3246.20699962097	3664.16885604597	5854.70214113614	2229.91781739644	2599.10803853082	1239.06111656484	1514.69480758805	2720.06967212521	1729.4212788279	934.91537601531	1536.47836942003	730.641836250303	1051.53217439501	2441.90062311714	2727.27404664338	1833.9922905362	395.920084967129	2002.09034019161	2656.3441723358	2709.73658017851	1563.28833736244	1862.61145037424	5368.81182514555	5108.255060006	5331.0124187831	4700.33958250912	5100.64543457696	5436.63976822181	2634.81705882468	2197.38155189517	1830.31355454984	3397.73370318188	3905.71440204227	3469.76530215539	4035.17827225482	1376.96416386387	1390.95118052205	3808.64867737508	3178.30745420636	1416.10103599525	986.549991826567	2138.49239119152	4284.02132792429	2970.20586705409	4395.88091459984	1939.88868920369	1536.42220042076	2301.1273340622	3885.84316045605	3295.57501827404	961.779066546488	2253.13782836947	3019.04372994182	3373.59271493102	2464.69211059438	1807.54129600357	4589.62535505364	5285.70013944113	3369.83297479415	930.899628075747	1289.40076702072
2822.12964647631	6007.4338326361	4533.11385171421	4637.38864501273	1878.39056500768	5014.48789467891	7324.36103728109	2081.42383893699	0	738.674373174577	482.917864249505	241.013567063441	1235.89529656603	311.606648380167	859.717535664001	261.144314484805	348.147662519101	802.276518486659	411.838164326984	2818.66659715951	2635.6755235729	4798.56747698806	3081.9944228733	2900.50921511821	5030.92016277448	6011.0330215017	3003.40865984886	3301.82765469084	432.272178424067	749.148398240152	868.930567342067	3410.40339944067	4315.12930378524	3410.52691379502	4661.2819766305	3263.65660494826	1444.56606545325	3627.55148264326	3676.86672248607	3335.28839620294	4654.64347262292	7701.81706321945	4077.03273947975	4586.44998181128	1147.5229057453	3361.80972967135	4567.18459420851	2069.21875669889	1275.65961158617	1612.07784635503	1613.22837188065	2898.64709647832	4289.01554520045	4574.38896872669	3681.10721261951	2477.34392390412	2575.79259799431	4420.22185801555	4791.16041911551	3410.40325944575	3709.72637245755	3287.38798620855	3925.46130345607	3500.89587466724	4793.66335181723	3773.63042199929	3599.59938597707	3957.40786124059	4278.80539083216	3677.42847663315	5244.84862526519	3793.1007914121	4290.2244532232	2576.83387525754	3224.07908594717	3472.37501945904	5655.76359945839	1669.69912571954	2013.00181570713	1242.87570378157	3985.60731327483	6365.44516686129	5051.62970599108	3625.44056734589	3673.50652945146	1618.35525365457	4148.24225614551	1804.41932151906	5142.68994035735	2808.8939886298	4100.25275045278	4866.15865202513	2074.75358846592	4311.80703267769	3888.96513494057	6436.74027713695	7132.81506152444	2079.48095407933	2778.01455015906	3136.51568910403
2462.28528201111	5647.5894681709	4173.26948724901	4277.54428054753	2617.06493818225	4654.64353021371	6964.51667281588	1487.27055761811	738.674373174577	0	1221.59223742408	497.660806111135	497.220923391452	427.06772479441	126.92238590929	477.530058689772	390.526710655475	107.167175865177	326.836208847593	2079.99222398493	1897.00115039832	4059.89310381348	2722.1500584081	2540.66485065301	4671.07579830928	5651.1886570365	2264.73428667428	2941.98329022563	792.116542889268	1108.99276270535	1228.77493180727	3050.55903497546	3955.28493932004	3050.68254932982	4301.4376121653	2903.81224048305	863.854749989466	3267.70711817806	3317.02235802087	2596.61402302836	4294.79910815772	7341.97269875425	3717.18837501455	4086.37859614893	787.678541280099	3001.96536520615	4207.34022974331	1709.37439223369	915.815247120972	873.40347318045	874.553998706078	2538.80273201312	3929.17118073525	4214.54460426149	3321.2628481543	1738.66955072955	2215.9482335291	4060.37749355035	4052.48604594093	3050.55889498055	3349.88200799234	4026.06235938313	3765.50559424358	3988.26295302068	4433.81898735203	3757.89596881454	4093.89030245939	3597.56349677539	3540.13101765758	3317.58411216795	4885.00426079999	3433.2564269469	3930.380088758	2692.4288064924	2864.23472148197	2733.70064628447	5295.91923499319	1835.55798844394	1653.15745124193	504.20133060699	3625.76294880963	5626.77079368671	4312.95533281651	2908.61035698174	3313.66216498626	879.680880479995	3788.39789168031	2543.09369469363	4782.84557589214	2449.0496241646	3740.40838598758	4506.31428755993	2030.8432491686	3951.96266821249	3150.29076176599	6076.89591267175	6772.97069705924	2027.08350903173	2418.17018569386	2776.67132463883
2780.0611097408	5965.36529590058	4491.0453149787	4595.32010827722	1395.47270075817	4972.4193579434	7282.29250054557	2564.3417031865	482.917864249505	1221.59223742408	0	723.931431312947	1718.81316081553	794.524512629673	1342.63539991351	744.06217873431	831.065526768607	1285.19438273616	894.756028576489	3301.58446140901	3118.5933878224	5281.48534123756	3039.92588613779	2858.4406783827	4988.85162603897	5968.96448476619	3486.32652409837	3259.75911795533	589.060801460465	1117.50384412438	910.999104077579	3368.33486270515	4273.06076704973	3368.45837705951	4619.21343989499	3221.58806821274	1927.48392970276	3585.48294590775	3634.79818575056	3818.20626045244	4612.57493588741	7659.74852648394	4034.96420274423	5069.36784606078	1325.28058662166	3319.74119293584	4525.116057473	2027.15021996338	1629.42632717119	2094.99571060453	2096.14623613016	2856.57855974281	4246.94700846494	4532.32043199118	3639.03867588399	2960.26178815363	2533.72406125879	4378.15332128004	5274.07828336501	3368.33472271024	3667.65783572203	2804.47012195905	3883.39276672056	3458.82733793173	4751.59481508172	3731.56188526378	3557.53084924156	3915.33932450508	4761.72325508167	3635.35993989764	5202.78008852968	3751.03225467659	4248.15591648769	2534.76533852203	3182.01054921166	3955.29288370855	5613.69506272288	1627.63058898402	1970.93327897162	1725.79356803107	4393.68539671603	6848.36303111079	5534.54757024059	4108.35843159539	3631.43799271595	2101.27311790408	4106.17371941	1321.50145726955	5100.62140362183	2938.90706872633	4058.18421371727	4824.09011528962	2032.68505173041	4269.73849594218	4371.88299919007	6394.67174040144	7090.74652478893	2037.41241734381	2735.94601342355	3094.44715236852
2746.7993995322	5932.10358569198	4457.78360477009	4562.05839806862	2119.40413207112	4939.1576477348	7249.03079033697	1840.41027187355	241.013567063441	497.660806111135	723.931431312947	0	994.881729502587	196.550046845908	618.70396860056	84.1499678895526	218.685794997892	561.262951423218	170.824597263542	2577.65303009606	2394.66195650946	4557.55390992462	3006.66417592918	2825.1789681741	4955.58991583037	5935.70277455759	2762.39509278542	3226.49740774672	507.602425368181	824.478645184266	944.260814286181	3335.07315249655	4239.79905684113	3335.1966668509	4585.95172968639	3188.32635800414	1203.55249838981	3552.22123569915	3601.53647554195	3094.2748291395	4579.31322567881	7626.48681627533	4001.70249253563	4370.89271367002	1072.19265880119	3286.47948272724	4491.8543472644	1993.88850975478	1200.32936464206	1371.06427929159	1372.21480481721	2823.3168495342	4213.68529825634	4499.05872178258	3605.77696567539	2236.33035684068	2500.46235105019	4344.89161107144	4550.14685205206	3335.07301250164	3634.39612551343	3528.40155327199	3850.13105651196	3490.60214690955	4718.33310487312	3698.30017505518	3596.22949634825	3882.07761429648	4037.79182376872	3602.09822968904	5169.51837832108	3717.77054446799	4214.89420627909	2501.50362831342	3148.74883900306	3231.3614523956	5580.43335251428	1594.36887877542	1937.67156876301	1001.86213671813	3910.27706633072	6124.43159979784	4810.61613892764	3384.42700028245	3598.17628250735	1377.34168659113	4072.9120092014	2045.4328885825	5067.35969341323	2733.56374168568	4024.92250350867	4790.82840508102	1999.42334152181	4236.47678573358	3647.95156787713	6361.41003019283	7057.48481458033	2004.15070713521	2702.68430321494	3061.18544215992
2479.51196628648	5664.81615244627	4190.49617152438	4294.7709648229	3114.2858615737	4671.87021448908	6981.74335709126	1504.49724189348	1235.89529656603	497.220923391452	1718.81316081553	994.881729502587	0	924.288648185861	376.177760902027	974.750982081224	887.747634046927	433.61877807937	824.057132239045	1582.77130059348	1399.78022700687	3562.67218042203	2739.37674268347	2557.89153492838	4688.30248258465	5668.41534131187	1767.51336328283	2959.20997450101	1129.75235935507	1091.76607842998	1211.5482475319	3067.78571925084	3972.51162359541	3067.90923360519	4318.66429644067	2921.03892475843	881.081434264839	3284.93380245343	3334.24904229624	2099.39309963691	4312.02579243309	7359.19938302962	3734.41505928992	4103.6052804243	804.905225555472	3019.19204948153	4224.56691401869	1726.60107650906	933.041931396346	376.182549788998	773.855405643178	2556.02941628849	3946.39786501063	4231.77128853686	3338.48953242968	1363.07450870866	2233.17491780448	4077.60417782573	3555.26512254948	3067.78557925593	3367.10869226772	4523.28328277458	4262.72651763503	4485.48387641214	4451.0456716274	4255.11689220599	4591.11122585084	3614.79018105076	3042.91009426613	3334.81079644332	4902.23094507536	3450.48311122227	3947.60677303337	3189.64972988385	2881.46140575735	2320.45508787956	5313.14591926856	2332.7789118354	1670.3841355173	517.947250066915	3642.98963308501	5129.54987029526	4287.71876944718	2891.38367270636	3330.88884926163	382.459957088543	3805.62457595568	3040.31461808509	4800.07226016752	2466.27630843997	3757.63507026295	4523.5409718353	2528.06417256005	3969.18935248787	2653.06983837454	6094.12259694712	6790.19738133462	2524.30443242318	2435.39686996923	2793.89800891421
2550.24935268629	5735.55353884608	4261.23355792419	4365.50835122271	2189.99721338784	4742.60760088889	7052.48074349106	1769.81719055683	311.606648380167	427.06772479441	794.524512629673	196.550046845908	924.288648185861	0	548.110887283834	112.400078956355	36.5410141389341	490.669870106492	100.231515946816	2507.05994877934	2324.06887519273	4486.96082860789	2810.11412908328	2628.62892132819	4759.03986898446	5739.15272771168	2691.80201146869	3029.94736090081	704.152472214089	1021.02869203017	1140.81086113209	3138.52310565064	4043.24900999522	3138.646620005	4389.40168284048	2991.77631115823	1132.95941707308	3355.67118885324	3404.98642869605	3023.68174782277	4382.7631788329	7429.93676942943	3805.15244568973	4274.84333343111	875.642611955278	3089.92943588133	4295.30430041849	1797.33846290887	1003.77931779615	1300.47119797486	1301.62172350049	2626.7668026883	4017.13525141043	4302.50867493667	3409.22691882948	2165.73727552396	2303.91230420428	4148.34156422553	4479.55377073534	3138.52296565573	3437.84607866752	3598.99463458872	3653.58100966605	3561.19522822628	4521.78305802721	3501.75012820927	3666.82257766498	3685.52756745057	3967.19874245199	3405.54818284313	4972.96833147517	3521.22049762208	4018.34415943318	2304.95358146752	2952.19879215715	3160.76837107888	5383.88330566837	1408.49026364953	1741.12152191711	931.269055401399	3713.72701948481	6053.83851848112	4740.02305761092	3313.83391896572	3401.62623566144	1306.7486052744	3876.36196235549	2116.02596989922	4870.80964656732	2537.01369483978	3828.37245666276	4594.27835823511	1802.8732946759	4039.92673888767	3577.3584865604	6164.85998334693	6860.93476773442	1807.6006602893	2506.13425636904	2864.63539531401
2589.2076679204	5774.51185408019	4300.1918731583	4404.46666645682	2738.10810067168	4781.565916123	7091.43905872517	1614.1929435274	859.717535664001	126.92238590929	1342.63539991351	618.70396860056	376.177760902027	548.110887283834	0	598.573221179196	511.5698731449	57.4410171773422	447.879371337018	1958.9490614955	1775.9579879089	3938.84994132406	2849.07244431739	2667.5872365623	4797.99818421857	5778.11104294579	2143.69112418486	3068.90567613492	753.574598453042	982.070376796064	1101.85254589798	3177.48142088475	4082.20732522933	3177.60493523911	4428.35999807459	3030.73462639234	990.777135898756	3394.62950408735	3443.94474393016	2475.57086053894	4421.72149406701	7468.89508466354	3844.11076092384	4213.30098205822	914.600927189388	3128.88775111544	4334.2626156526	1836.29677814298	1042.73763303026	752.360310691025	883.551107277095	2665.72511792241	4056.09356664454	4341.46699017078	3448.18523406359	1617.62638824012	2342.87061943839	4187.29987945964	3931.4428834515	3177.48128088984	3476.80439390164	4147.10552187255	3886.548756733	4109.30611551011	4560.74137326132	3878.93913130397	4214.93346494881	3724.48588268468	3419.08785516816	3444.50649807724	5011.92664670928	3560.17881285619	4057.30247466729	2813.47196898182	2991.15710739126	2612.65748379504	5422.84162090248	1956.60115093337	1780.07983715122	627.642951700831	3752.68533471892	5505.72763119729	4397.4144710811	2781.68797107245	3440.58455089555	758.63771799057	3915.3202775896	2664.13685718306	4909.76796180143	2575.97201007389	3867.33077189687	4633.23667346922	2151.88641165802	4078.88505412178	3029.24759927657	6203.81829858104	6899.89308296853	2148.12667152115	2545.09257160315	2903.59371054812
2662.64943164264	5847.95361780243	4373.63363688054	4477.90843017907	2139.53487949248	4855.00767984524	7164.88082244742	1820.27952445219	261.144314484805	477.530058689772	744.06217873431	84.1499678895526	974.750982081224	112.400078956355	598.573221179196	0	134.535827108339	541.132204001854	150.693849842179	2557.5222826747	2374.53120908809	4537.42316250325	2922.51420803963	2741.02900028455	4871.43994794081	5851.55280666803	2742.26434536405	3142.34743985717	591.752393257734	908.628613073819	1028.41078217573	3250.923184607	4155.64908895157	3251.04669896135	4501.80176179683	3104.17639011459	1183.42175096845	3468.0712678096	3517.3865076524	3074.14408171813	4495.16325778925	7542.33684838578	3917.55252464608	4325.30566732647	988.042690911633	3202.32951483769	4407.70437937485	1909.73854186522	1116.17939675251	1350.93353187022	1352.08405739585	2739.16688164465	4129.53533036679	4414.90875389303	3521.62699778584	2216.19960941932	2416.31238316064	4260.74164318189	4530.0161046307	3250.92304461209	3550.24615762388	3548.53230069336	3765.9810886224	3510.73289433091	4634.18313698357	3614.15020716563	3616.36024376962	3797.92764640692	4017.66107634736	3517.94826179948	5085.36841043152	3633.62057657844	4130.74423838953	2417.35366042387	3064.59887111351	3211.23070497424	5496.28338462472	1510.21891088587	1853.52160087346	981.731389296762	3826.12709844117	6104.30085237648	4790.48539150628	3364.29625286108	3514.02631461779	1357.21093916977	3988.76204131185	2065.56363600386	4983.20972552368	2649.41377379613	3940.77253561912	4706.67843719147	1915.27337363225	4152.32681784403	3627.82082045576	6277.26006230328	6973.33484669078	1920.00073924566	2618.53433532539	2977.03547427037
2528.1136045343	5713.41779069409	4239.0978097722	4343.37260307073	2226.53822752678	4720.47185273691	7030.34499533908	1733.27617641789	348.147662519101	390.526710655475	831.065526768607	218.685794997892	887.747634046927	36.5410141389341	511.5698731449	134.535827108339	0	454.128855967558	63.6905018078824	2470.5189346404	2287.5278610538	4450.41981446896	2787.97838093129	2606.49317317621	4736.90412083248	5717.0169795597	2655.26099732976	3007.81161274883	726.288220366072	1043.16444018216	1162.94660928407	3116.38735749866	4021.11326184323	3116.51087185301	4367.2659346885	2969.64056300625	1096.41840293415	3333.53544070126	3382.85068054406	2987.14073368384	4360.62743068091	7407.80102127744	3783.01669753774	4238.30231929218	853.506863803295	3067.79368772935	4273.16855226651	1775.20271475689	981.643569644168	1263.93018383592	1265.08070936155	2604.63105453631	3994.99950325845	4280.37292678469	3387.0911706775	2129.19626138502	2281.7765560523	4126.20581607355	4443.0127565964	3116.38721750375	3415.71033051554	3635.53564872765	3631.44526151406	3597.73624236521	4499.64730987523	3479.61438005729	3703.36359180391	3663.39181929858	3930.65772831306	3383.41243469114	4950.83258332318	3499.0847494701	3996.2084112812	2301.90209583692	2930.06304400517	3124.22735693994	5361.74755751638	1445.03127778847	1718.98577376512	894.728041262465	3691.59127133283	6017.29750434218	4703.48204347198	3277.29290482679	3379.49048750946	1270.20759113547	3854.22621420351	2152.56698403816	4848.67389841534	2514.87794668779	3806.23670851078	4572.14261008313	1780.73754652392	4017.79099073569	3540.81747242147	6142.72423519494	6838.79901958244	1785.46491213732	2483.99850821705	2842.49964716203
2569.45245787629	5754.75664403607	4280.43666311418	4384.71145641271	2680.66708349433	4761.81070607889	7071.68384868106	1594.43773348329	802.276518486659	107.167175865177	1285.19438273616	561.262951423218	433.61877807937	490.669870106492	57.4410171773422	541.132204001854	454.128855967558	0	390.438354159675	2016.39007867285	1833.39900508624	3996.2909585014	2829.31723427327	2647.83202651819	4778.24297417446	5758.35583290168	2201.1321413622	3049.15046609081	696.133581275699	1001.82558684018	1121.60775594209	3157.72621084064	4062.45211518522	3157.84972519499	4408.60478803048	3010.97941634823	971.021925854643	3374.87429404324	3424.18953388604	2533.01187771628	4401.9662840229	7449.13987461942	3824.35555087972	4193.54577201411	894.845717145276	3109.13254107133	4314.50740560849	1816.54156809887	1022.98242298615	809.801327868367	863.795897232982	2645.96990787829	4036.33835660043	4321.71178012667	3428.43002401948	1675.06740541746	2323.11540939428	4167.54466941553	3988.88390062885	3157.72607084573	3457.04918385752	4089.66450469521	3829.10773955566	4051.86509833277	4540.98616321721	3821.49811412662	4157.49244777147	3704.73067264056	3476.5288723455	3424.75128803313	4992.17143666516	3540.42360281208	4037.54726462318	2756.03095180448	2971.40189734715	2670.09850097239	5403.08641085837	1899.16013375603	1760.3246271071	607.887741656719	3732.93012467481	5563.16864837463	4377.65926103699	2823.16404885923	3420.82934085144	816.078735167913	3895.56506754549	2606.69584000572	4890.01275175732	2556.21680002977	3847.57556185276	4613.48146342511	2094.44539448068	4059.12984407767	3086.68861645391	6184.06308853692	6880.13787292442	2090.68565434381	2525.33736155903	2883.83850050401
2588.09057883786	5773.39476499765	4299.07478407576	4403.34957737429	2290.22872933466	4780.44882704046	7090.32196964264	1669.58567461001	411.838164326984	326.836208847593	894.756028576489	170.824597263542	824.057132239045	100.231515946816	447.879371337018	150.693849842179	63.6905018078824	390.438354159675	0	2406.82843283252	2223.83735924591	4386.72931266107	2847.95535523485	2666.47014747976	4796.88109513603	5776.99395386325	2591.57049552188	3067.78858705239	666.311246062515	983.1874658786	1102.96963498051	3176.36433180222	4081.09023614679	3176.48784615657	4427.24290899205	3029.61753730981	1032.72790112627	3393.51241500481	3442.82765484762	2923.45023187595	4420.60440498447	7467.777995581	3842.9936718413	4212.18389297568	913.483838106852	3127.77066203291	4333.14552657007	1835.17968906044	1041.62054394773	1200.23968202804	1201.39020755367	2664.60802883987	4054.97647756201	4340.34990108825	3447.06814498106	2065.50575957714	2341.75353035586	4186.18279037711	4379.32225478852	3176.36419180731	3475.6873048191	3699.22615053553	3691.42223581762	3661.42674417309	4559.62428417878	3539.59135436084	3767.0540936118	3723.36879360214	3866.96722650518	3443.3894089947	5010.80955762674	3559.06172377366	4056.18538558475	2365.5925976448	2990.04001830873	3060.53685513206	5421.72453181994	1508.72177959635	1778.96274806868	831.037539454583	3751.56824563639	5953.6070025343	4639.7915416641	3213.6024030189	3439.46746181301	1206.51708932759	3914.20318850706	2216.25748584604	4908.6508727189	2574.85492099135	3866.21368281433	4632.11958438668	1840.71452082747	4077.76796503925	3477.12697061358	6202.7012094985	6898.775993886	1845.44188644088	2543.97548252061	2902.47662146559
3581.19700790722	6766.50119406701	5292.18121314512	5396.45600644364	4697.05716216718	5773.55525610982	8083.428398712	2606.18228351422	2818.66659715951	2079.99222398493	3301.58446140901	2577.65303009606	1582.77130059348	2507.05994877934	1958.9490614955	2557.5222826747	2470.5189346404	2016.39007867285	2406.82843283252	0	1852.15659341479	4064.17809397608	3841.06178430421	3659.57657654912	5789.98752420539	6770.10038293261	2641.74172320042	4060.89501612175	2712.52365994855	2184.08061728463	2650.17638882176	4169.47076087158	5074.19666521615	4169.59427522593	5420.34933806141	4022.72396637916	1982.76647588558	4386.61884407417	4435.93408391698	640.02471610675	5413.71083405383	8460.88442465036	4836.10010091066	5205.29032204504	1976.30387478735	4120.87709110226	5326.25195563942	2828.2861181298	2034.72697301708	1206.58875080448	1875.54044726392	3657.71445790923	5048.08290663136	5333.4563301576	4440.17457405042	2464.7595503294	3334.85995942522	5179.28921944647	4061.97892859178	4169.47062087666	4468.79373388846	6106.05458336806	5845.49781822851	6068.25517700561	5552.73071324814	5837.88819279947	6173.88252644432	4716.4752226715	3937.38863894665	4436.49583806406	6003.9159866961	4642.95716026478	5049.29181465411	4772.42103047733	3983.14644737808	3422.1401295003	6414.8309608893	3915.55021242887	2772.06917713804	1619.63229168765	4744.67467470574	3746.43154092068	5389.40381106792	1789.69863108562	4432.57389088237	1200.31134350493	4907.30961757642	4623.08591867856	5901.75730178826	3567.96135006071	4859.32011188369	5625.22601345604	4110.83547315353	5070.8743941086	2965.89453801411	7195.80763856786	7891.88242295535	4107.07573301666	3537.08191158997	3895.58305053494
1729.04041449243	4914.34460065222	3440.02461973033	3544.29941302885	4514.06608858057	3921.39866269503	6231.27180529721	754.025690099432	2635.6755235729	1897.00115039832	3118.5933878224	2394.66195650946	1399.78022700687	2324.06887519273	1775.9579879089	2374.53120908809	2287.5278610538	1833.39900508624	2223.83735924591	1852.15659341479	0	2212.02150056129	1988.90519088942	1807.41998313433	3937.8309307906	4917.94378951782	789.585129785635	2208.73842270696	2529.53258636194	2001.08954369802	2467.18531523515	2317.31416745679	3222.04007180136	2317.43768181114	3568.19274464662	2170.56737296438	1191.10945811964	2534.46225065938	2583.77749050219	2492.18130952154	4218.42054068187	6608.72783123557	2983.94350749587	3353.13372863025	1793.31280120075	2268.72049768748	3474.09536222464	2283.6729634638	1489.16706065121	1023.59767721787	1022.44715169224	1805.55786449444	3195.92631321658	3481.29973674281	2588.01798063563	612.602956914612	2556.34202482751	3327.13262603168	2209.822335177	2317.31402746188	2616.63714047367	5923.06350978145	5662.5067446419	5885.264103419	5254.59126714503	5654.89711921286	5990.89145285771	3189.06874346059	2085.23204553187	2584.33924464927	4151.75939328131	4459.96608667817	4024.01698679129	4589.42995689072	2130.9898539633	1569.98353608551	4562.67436747451	3732.55913884226	1970.35272063115	1392.79981979133	2892.51808129096	3729.76964328839	3537.24721765314	3641.85522450041	2580.41729746758	1017.32026991833	3055.15302416163	4440.09484509195	4049.60070837347	1715.80475664592	3007.1635184689	3773.06942004125	3927.84439956692	3218.71780069382	1253.28961136767	5343.65104515307	6039.72582954057	3924.08465943005	1684.92531817518	2043.42645712016
3239.35949694038	5951.08589704173	3559.77219977331	3353.74417550637	6676.95804199573	5160.04634595368	5451.91074103528	2717.14363805106	4798.56747698806	4059.89310381348	5281.48534123756	4557.55390992462	3562.67218042203	4486.96082860789	3938.84994132406	4537.42316250325	4450.41981446896	3996.2909585014	4386.72931266107	4064.17809397608	2212.02150056129	0	2772.59355611319	2438.85092233556	1725.80943022931	5946.96255960766	1795.1588171392	3611.66382603311	4692.4245397771	4163.98149711318	4630.07726865031	3302.23481380885	2312.67351772328	3302.43161822448	5464.69170936418	3057.31122437297	3354.0014115348	3600.03745373591	4654.24153583007	4704.20281008283	6381.31249409703	7806.44030959603	3075.99809235522	1141.11222806896	3956.20475461591	2287.02113394325	3588.25416816686	4446.56491687896	3652.05901406637	3186.48963063303	3185.3391051074	2443.45236222587	1926.23321241225	3387.65958890489	3700.83063489272	2321.22355308393	4719.23397824267	5373.48781038687	7.40705787255251	3302.28570994447	1630.01431040163	8085.95546319661	7825.39869805706	8048.15605683417	7417.48322056019	7817.78907262802	8153.78340627287	5351.96069687575	519.762086155896	3706.57058544797	5096.02026774028	6622.85804009333	6186.90894020645	6752.32191030588	2234.65963066254	1326.19245752901	5175.57520139493	5895.45109225742	4133.24467404631	3555.69177320649	887.799944521533	1566.87768987323	1325.22571709185	5853.8767250617	4657.03232725476	3180.21222333349	1823.12785120664	6602.98679850712	2059.74548781101	2342.57827251124	2122.6756080644	4041.44519402243	6090.73635298208	2318.48702379353	1098.28355596197	4220.87482177248	3827.70432897928	6086.97661284521	3513.75307398206	2261.78191134668
466.765940827188	3178.49234092854	1451.11942884091	1555.39422213943	3904.36448588254	2387.45278984049	4242.36661440779	1234.87950078999	3081.9944228733	2722.1500584081	3039.92588613779	3006.66417592918	2739.37674268347	2810.11412908328	2849.07244431739	2922.51420803963	2787.97838093129	2829.31723427327	2847.95535523485	3841.06178430421	1988.90519088942	2772.59355611319	0	333.742633777634	1948.92573990118	3174.36900349447	1199.32006110379	839.070269919916	3514.26660129737	3831.14282111345	3950.92499021537	529.64125769566	1233.13488091194	529.838062111288	2692.09815325099	284.717668259778	1858.29530841863	827.443897622713	1881.64797971688	4481.08650041096	3608.71893798384	5033.84675348283	995.038316606448	2560.47606093641	1934.471517128	485.572422169938	1485.19017133522	1673.97136076577	1806.33481128712	2771.35787021002	1965.52133704029	329.141193887327	1207.02112232716	1492.39454585339	928.237078779526	1376.30223397481	1946.64042212948	2600.89425427367	2765.18649824064	529.692153831274	1142.57924571156	5313.36190708342	5052.80514194387	5275.56250072097	4644.88966444699	5045.19551651483	5381.18985015968	2579.36714076255	2252.8314699573	933.977029334782	2323.42671162709	3850.26448398014	3414.31538409326	3979.72835419269	537.933925450654	1446.40109858418	2573.76917658509	3122.85753614423	1360.65111793312	2221.42949261656	1884.79361159166	4339.47124598642	3025.65578511622	5630.76041538983	1884.43877114156	2771.30170121075	1066.24783327221	3830.39324239392	2060.69551748405	430.015283601956	1018.25832757948	1784.16422915183	3318.14279686888	1229.8126098044	1862.9912140657	3354.74585426365	4050.82063865115	3314.38305673202	741.159517868864	510.81164476651
