0	302.317730158396	129.430600250107	837.587927960297	238.259732186745	807.46708251795	1849.97348061769	1500.27034978887	3044.31674563511	2205.00420401349	3087.0627118713	4886.02084862593	3619.07549994768	4159.35095925365	1560.93194679037	1873.92825934528	1226.3341975883	3082.28073763103	855.211455499413	3073.32326694225	1831.28400163511	2347.44036528123	2688.89786568347	3822.19898978777	2097.5818009678	5257.09835136497	3082.26680741947	2709.84850699581	1333.8715324393	1937.54189305988	3087.160951136	3321.35111018548	1590.8038508328	2180.00602288333	1874.3288929657	3488.75565423874	2746.19850736761	3048.3075192257	4153.53094491332	3817.14470381771	3043.22197438351	2581.66674549103	1629.78315355039	2833.75478484624	1848.36187935382	1297.27932727926	1087.58453145302	699.000277524613	2784.97437921587	3864.35844659785	1628.19014476431	1799.62351387777	1854.55417334271	393.027137835364	2180.3831465029	2745.88159683386	2383.49853482864	2178.4886928149	2833.52430346236	2487.24799366927	2191.32958723821	981.033439689515	4627.57052479545	3569.96743584137	1840.84296294427	1595.13803655676	7068.33521594081	3327.36986074363	2622.80959630079	3065.47353175832	3664.72278262413	4190.65538133214	4522.11391685659	2540.28378152201	2297.38230630751	1046.47484152957	5257.0324307703	2375.83635585025	2220.63403868106	2968.25431872634	3695.7280100805	2708.99145710812	4406.55366060218	1336.87432776708	2297.62665974299	3615.4375277222	5518.78168817776	1118.54428162179	420.993387399948	1591.03933078239	1700.01311103281	4801.03204977036	2541.15607229348	3812.24340239433	4655.74160174483	2037.91741816669	426.765939461541	2618.32332840644	3680.24554450844	2203.31761133395
302.317730158396	0	172.887129908288	535.270197801901	116.209567066559	505.149352359554	2152.29121077609	1197.95261963047	3016.74476436391	1902.6864738551	3059.4907306001	4858.44886735473	3591.50351867648	4131.77897798245	1258.61421663198	1846.35627807409	1198.7622163171	3054.70875635983	552.893725341018	2771.00553678385	1803.71202036392	2319.86838401003	2661.32588441227	4124.51671994617	2399.89953112619	5559.41608152337	3054.69482614827	2682.27652572462	1031.55380228091	2239.85962321828	3059.5889698648	3623.66884034387	1893.12158099119	2482.32375304172	2176.6466231241	3516.32763550993	2718.62652609641	2745.9897890673	4125.95896364212	3789.57272254652	3015.64999311231	2554.09476421983	1602.21117227919	2806.18280357504	1820.78989808262	1599.59705743766	1389.90226161142	1001.31800768301	3087.29210937426	3836.78646532666	1600.61816349311	1772.05153260657	1694.02131374019	204.826407731999	2152.8111652317	3020.4687573176	2355.92655355744	2480.8064229733	2805.95232219116	2514.81997494046	2163.75760596701	953.461458418317	4599.99854352426	3542.39545457017	1617.54797671368	1567.56605528556	7370.65294609921	3354.94184201483	2595.23761502959	2763.15580159993	3692.29476389533	4218.22736260333	4549.68589812779	2567.85576279321	2324.95428757871	1348.79257168797	5559.3501609287	2348.26437457905	2193.06205740986	2940.68233745514	3668.1560288093	2406.67372694973	4708.87139076057	1639.19205792547	2270.05467847179	3587.865546451	5821.09941833616	816.226551463391	367.633177787867	1893.35706094078	1884.9017919583	5103.34977992876	2238.83834213508	3784.67142112313	4628.16962047363	2010.3454368955	399.193958190342	2590.75134713524	3982.56327466683	2175.74563006275
129.430600250107	172.887129908288	0	708.157327710189	142.36778915044	678.036482267842	1979.4040808678	1370.83974953876	3042.90298644779	2075.57360376339	3085.64895268398	4884.60708943862	3617.66174076036	4157.93720006633	1431.50134654026	1872.51450015797	1224.92043840099	3080.86697844371	725.780855249306	2943.89266669214	1829.8702424478	2346.02660609391	2687.48410649615	3951.62959003788	2227.0124012179	5386.52895161508	3080.85304823215	2708.4347478085	1204.4409321892	2066.97249330999	3085.74719194868	3450.78171043558	1720.2344510829	2309.43662313343	2003.75949321581	3490.16941342605	2744.78474818029	2918.87691897559	4152.117185726	3815.7309446304	3041.80821519619	2580.25298630372	1628.36939436308	2832.34102565892	1846.9481201665	1426.70992752937	1217.01513170313	828.43087777472	2914.40497946598	3862.94468741054	1626.77638557699	1798.20975469045	1725.1235730926	263.596537585256	2178.96938731558	2847.58162740931	2382.08477564132	2307.91929306501	2832.11054427504	2488.66175285658	2189.91582805089	979.619680502198	4626.15676560814	3568.55367665406	1711.41236269417	1593.72427736944	7197.76581619092	3328.78361993095	2621.39583711347	2936.04293150822	3666.13654181145	4192.06914051945	4523.52767604391	2541.69754070933	2298.79606549483	1175.90544177968	5386.46303102041	2374.42259666293	2219.22027949375	2966.84055953902	3694.31425089318	2579.56085685801	4535.98426085229	1466.30492801718	2296.21290055568	3614.02376853488	5648.21228842787	989.113681371679	393.791399871748	1720.4699310325	1712.01466205001	4930.46265002047	2411.72547204337	3810.82964320701	4654.32784255752	2036.50365897938	425.352180274223	2616.90956921912	3809.67614475855	2201.90385214663
837.587927960297	535.270197801901	708.157327710189	0	599.328195773552	30.1208454423469	2687.56140857799	1032.94448174285	2923.46495832771	1367.4162760532	2966.2109245639	4765.16906131853	3498.22371264027	4038.49917194624	1074.56133142111	2087.54958852492	1105.4824102809	2961.42895032363	278.868487216063	2235.73533898195	1710.43221432771	2226.58857797382	2568.04607837606	4659.78691774807	2935.16972892809	6094.68627932527	2961.41502011206	2588.99671968841	828.299642565377	2775.12982102018	2966.3091638286	4158.93903814577	2428.39177879309	3017.59395084362	2711.916820926	3609.60744154614	2625.3467200602	2333.51139986608	4032.67915760591	3696.29291651031	2922.3701870761	2460.81495818363	1508.93136624299	2712.90299753883	1727.51009204641	2134.86725523956	1925.17245941332	1536.58820548491	3622.56230717617	3743.50665929045	1507.3383574569	1678.77172657036	1600.74150770398	444.560790124933	2059.53135919549	3555.7389551195	2262.64674752124	3016.0766207752	2712.67251615495	2608.09978097667	2070.4777999308	1208.1777897952	4506.71873748805	3449.11564853397	1524.26817067748	1474.28624924935	7905.92314390111	3448.22164805103	2501.95780899338	2227.88560379803	3785.57456993153	4311.50716863954	4642.96570416399	2661.13556882941	2418.23409361492	1884.06276948987	6094.6203587306	2254.98456854284	2099.78225137366	2847.40253141894	3574.87622277309	1871.40352914782	5244.14158856248	2174.46225572737	2176.77487243559	3494.58574041479	6356.36961613806	280.95635366149	416.594540560349	2428.62725874269	2420.1719897602	5638.61997773066	1703.56814433318	3691.39161508692	4534.88981443743	1917.06563085929	675.596552198449	2497.47154109904	4517.83347246874	2082.46582402655
238.259732186745	116.209567066559	142.36778915044	599.328195773552	0	569.207350331205	2088.23321280443	1262.01061760213	2900.53519729735	1966.74447182675	2943.28116353354	4742.23930028818	3475.29395160992	4015.56941091589	1322.67221460363	1730.14671100753	1082.55264925055	2938.49918929327	616.951723312669	2835.0635347555	1687.50245329736	2203.65881694347	2545.11631734571	4060.45872197452	2335.84153315454	5495.35808355172	2938.48525908171	2566.06695865806	1095.61180025256	2175.80162524663	2943.37940279825	3559.61084237222	1829.06358301954	2418.26575507007	2112.58862515244	3632.53720257649	2602.41695902985	2810.04778703895	4009.74939657556	3673.36315547996	2899.44042604575	2437.88519715328	1486.00160521264	2689.97323650848	1704.58033101606	1535.53905946601	1325.84426363977	937.260009711358	3023.23411140261	3720.5768982601	1484.40859642655	1655.84196554001	1616.29444115597	321.035974798558	2036.60159816514	2956.41075934595	2239.71698649088	2416.74842500164	2689.7427551246	2631.02954200702	2047.54803890045	837.251891351758	4483.7889764577	3426.18588750362	1602.58323075753	1451.356488219	7306.59494812756	3471.15140908139	2479.02804796303	2827.21379957158	3808.50433096189	4334.43692966989	4665.89546519434	2684.06532985977	2441.16385464527	1284.73457371632	5495.29216295705	2232.05480751249	2076.85249034331	2824.47277038858	3551.94646174274	2470.73172492138	4644.81339278892	1575.13405995382	2153.84511140524	3471.65597938444	5757.04142036451	880.284549435042	251.423610721308	1829.29906296913	1820.84379398665	5039.29178195711	2302.89634010673	3668.46185405657	4511.96005340708	1894.13586982894	282.984391123783	2474.54178006869	3918.50527669518	2059.53606299619
807.46708251795	505.149352359554	678.036482267842	30.1208454423469	569.207350331205	0	2657.44056313564	1024.88812449496	2915.40860107982	1397.53712149554	2958.15456731601	4757.11270407064	3490.16735539239	4030.44281469836	1066.50497417323	2057.42874308257	1097.42605303301	2953.37259307574	270.812129968177	2265.8561844243	1702.37585707982	2218.53222072593	2559.98972112818	4629.66607230572	2905.04888348575	6064.56543388292	2953.35866286418	2580.94036244052	820.24328531749	2745.00897557783	2958.25280658071	4128.81819270343	2398.27093335075	2987.47310540128	2681.79597548365	3617.66379879403	2617.29036281232	2325.45504261819	4024.62280035802	3688.23655926242	2914.31382982821	2452.75860093574	1500.8750089951	2704.84664029095	1719.45373479853	2104.74640979721	1895.05161397097	1506.46736004256	3592.44146173382	3735.45030204256	1499.28200020902	1670.71536932247	1592.68515045609	414.439944682586	2051.4750019476	3525.61810967715	2254.59039027335	2985.95577533285	2704.61615890707	2616.15613822456	2062.42144268292	1178.05694435285	4498.66238024016	3441.05929128608	1516.21181342959	1466.22989200147	7875.80229845876	3456.27800529892	2493.9014517455	2258.00644924037	3793.63092717942	4319.56352588743	4651.02206141188	2669.1919260773	2426.2904508628	1853.94192404752	6064.49951328825	2246.92821129496	2091.72589412577	2839.34617417105	3566.81986552521	1901.52437459017	5214.02074312013	2144.34141028503	2168.7185151877	3486.5293831669	6326.24877069571	311.077199103837	386.473695118002	2398.50641330034	2390.05114431785	5608.49913228831	1733.68898977553	3683.33525783904	4526.83345718954	1909.0092736114	645.475706756102	2489.41518385115	4487.71262702639	2074.40946677866
1849.97348061769	2152.29121077609	1979.4040808678	2687.56140857799	2088.23321280443	2657.44056313564	0	3350.24383040656	2141.62243982978	4054.97768463118	2184.36840606597	3983.3265428206	2716.38119414235	3256.65665344832	3410.90542740806	971.233953539954	2243.66035415753	2179.5864318257	2705.1849361171	4923.29674755994	2739.44347538394	1444.7460594759	3443.29866911453	1972.22550917008	294.84217231433	3407.12487074728	2179.57250161414	2284.16275078405	3183.84501305699	2279.54519162859	2184.46664533067	1471.37762956779	1230.67715737181	1511.96257507708	1564.55410809968	4391.44996004407	1843.50420156228	4898.28099984339	3250.83663910799	2914.45039801238	2153.14811803028	2469.26560604464	1270.16075133069	1931.06047904091	3039.90736430368	1589.05139535191	825.457698921602	1182.35956923987	1216.93395868917	2961.66414079252	1267.45254152638	3345.08858138416	3704.5276539604	2243.00061845305	3619.22264971881	1843.18729102853	1480.80422902331	2410.03767569873	1930.82999765703	3389.9422994746	2890.9832362642	1479.38361878279	3724.87621899012	2667.27313003604	3690.81644356196	3218.2888931637	5218.36173532312	4230.06416654896	2660.7080892614	4915.44701237601	4567.41708842946	5093.34968713747	5424.80822266192	3690.12696420711	3200.07661211284	1613.79535147229	3407.05895015261	1473.14205004492	1619.42906661502	3076.25465849649	2793.03370427517	4558.96493772581	2556.58017998449	513.099152850613	3419.32441420457	2712.74322191687	3668.80820756007	2968.51776223948	2270.96686801764	288.736364201864	797.318805227475	2951.05856915267	4391.12955291117	2909.549096589	3753.0472959395	2365.92441487608	2011.96485637954	2655.25159475159	1830.27206389075	2085.01959250422
1500.27034978887	1197.95261963047	1370.83974953876	1032.94448174285	1262.01061760213	1024.88812449496	3350.24383040656	0	3571.08225533707	704.733854224624	1933.26644282105	3732.22457957568	2558.39682361737	3005.55469020339	60.6615970015022	2750.23201035349	1106.58347624903	1928.48446858078	754.075994526788	1573.05291715338	677.487732584858	1982.03111504961	1535.10159663321	5322.46933957664	3597.85215075667	6757.36870115384	1928.47053836921	1556.05223794556	204.644839177474	3437.81224284875	1933.36468208575	4821.62145997435	3091.07420062167	3680.2763726722	3374.59924275457	4642.55192328899	2152.16523066024	1548.03716943683	2999.73467586306	2663.34843476746	1889.42570533325	1427.87047644078	2080.08307907587	1833.50583850051	694.565610303563	2797.54967706813	2587.85488124189	2199.27062731348	4285.24472900474	3633.93610923779	2082.79128888018	645.827244827509	567.797025961129	1331.05069551106	1026.58687745264	4218.42137694807	2516.97807676935	3678.75904260377	1833.81473065393	3641.04426271952	1037.53331818795	1870.86021162377	3473.7742557452	2498.40600685763	491.323688934625	441.341767506501	8568.60556572968	4481.16612979388	1469.01332725053	1565.20318196945	4818.51905167439	5344.45165038239	5675.91018590684	3694.08005057226	3451.17857535777	2546.74519131844	6757.30278055917	2525.36886719371	1730.81476379154	1814.45804967609	2541.93174103024	1208.72110731925	5906.82401039105	2837.14467755595	1143.83039069274	2541.11562852866	7019.05203796663	969.842412243051	1079.27696238892	3091.30968057126	3082.85441158877	6301.30239955923	1040.88572250461	2658.44713334407	4538.75694631452	984.319415530481	1338.27897402702	1464.52705935619	5180.51589429731	1265.22423790234
3044.31674563511	3016.74476436391	3042.90298644779	2923.46495832771	2900.53519729735	2915.40860107982	2141.62243982978	3571.08225533707	0	4275.81610956169	2326.04900574576	1841.70410299082	1012.68543171969	1115.03421361854	3631.74385233857	1170.38848628983	2464.49877908803	2321.26816664702	2926.02336104761	5144.13517249045	2960.28190031444	1589.05114028746	3664.13709404504	1896.65785912753	2436.46461214411	3186.28644581678	2321.81539669892	2505.00117571456	3404.6834379875	4421.16763145837	2326.27149190748	3037.18808691865	3372.29959720159	3653.58501490686	3706.17654792946	6533.07239987385	1418.91702467683	5119.11942477389	1109.21419927821	2914.76495437	2373.98654296079	2690.10403097515	1490.9991762612	1737.57641683656	3260.74578923419	3730.67383518169	2967.08013875138	3323.98200906965	924.688481140608	820.041700962744	1488.29096645689	3565.92700631467	3925.36607889091	3221.57117209591	3840.06107464932	647.339121611007	1054.10417856772	4551.66011552851	1737.26752468314	5531.56473930438	3111.82166119471	2063.2833059456	1583.25377916034	1072.67624847943	3911.65486849247	3439.1273180942	4997.52331039262	6371.68660637874	2881.5465141919	5136.28543730652	6709.03952825924	7234.97212696725	7566.4306624917	5584.60052715712	5341.69905194262	3755.41779130206	3186.22052522211	1045.71338814336	1840.26749154553	3297.09308342699	2687.28434082144	4779.80336265632	2335.74175505398	1934.21601270867	3640.16283913508	1029.96662680841	3447.96978262956	3189.35618716998	2649.11158657604	1852.88607562792	1344.30363460231	4894.43086068668	4611.96797784167	2909.28470137435	1611.42485610972	2586.76283980659	2617.55080617357	2876.09001968209	3346.37567621244	2305.85801743473
2205.00420401349	1902.6864738551	2075.57360376339	1367.4162760532	1966.74447182675	1397.53712149554	4054.97768463118	704.733854224624	4275.81610956169	0	1949.76710381593	3691.96767196707	3263.130677842	3409.39269498596	644.072257223122	3454.96586457811	1811.31733047366	1954.54794291467	1349.79274851408	868.319062928754	1315.53420924725	2686.76496927423	1494.84468902461	6027.20319380127	4302.58600498129	7462.10255537847	1954.00071286277	1770.81493384713	871.13267157419	4142.54609707338	1949.54461765421	5526.35531419897	3795.80805484629	4385.01022689682	4079.33309697919	4682.8088308976	2856.89908488486	1260.31001051463	3411.85008634329	2623.09152715885	1901.8295666009	1585.71207858654	2784.81693330049	2538.23969272514	1015.0703203275	3502.28353129276	3292.58873546651	2904.00448153811	4989.97858322936	4338.66996346242	2787.5251431048	709.889103247025	527.540118352525	1811.97706617813	986.329969844036	4923.1552311727	3221.71193099397	4383.49289682839	2538.54858487855	3923.28635791546	1163.99444836698	2575.5940658484	4114.73015805922	3203.13986108226	451.066781326021	836.688791467488	9273.33941995431	4521.42303740249	1428.75641964193	860.469327744829	4858.77595928299	5384.708557991	5716.16709351545	3734.33695818087	3491.43548296637	3251.47904554307	7462.0366347838	3230.10272141833	2435.54861801616	1774.20114206748	2501.67483342164	503.987253094627	6611.55786461567	3541.87853178057	1103.57348308413	3245.84948275328	7723.78589219125	1086.45992239171	1784.01081661355	3796.04353479588	3787.5882658134	7006.03625378386	336.151868279983	2618.19022573547	5243.49080053915	1689.0532697551	2043.01282825165	1424.27015174758	5885.24974852193	1969.95809212696
3087.0627118713	3059.4907306001	3085.64895268398	2966.2109245639	2943.28116353354	2958.15456731601	2184.36840606597	1933.26644282105	2326.04900574576	1949.76710381593	0	1798.95813675463	1313.36357402606	1459.62559117003	1891.64959314278	1505.19876076218	1860.728514283	4.78197424026962	2687.34243734783	2818.08616674469	1255.77871023619	739.622346590075	1338.08808829928	4077.43608998533	2479.2105783803	5512.33545156254	4.79590445183442	377.214204875487	2137.91128199852	4463.91359769456	0.222486161717484	3576.58821038304	3415.04556343778	3696.33098114305	3748.92251416565	6575.81836611004	907.131981068927	2793.07041902814	1462.08298252736	730.081991946412	47.9375372150272	505.395966380268	1457.27955832091	588.472588909204	1238.70083251748	3773.41980141788	3009.82610498757	3366.72797530584	3040.21147941343	2388.90285964649	1458.87256710699	1287.43919799354	1599.31707314515	3264.3171383321	1514.01206890356	2973.38812735677	1271.94482717804	4594.4060817647	588.781481062619	5574.31070554057	895.733124633093	2106.02927218179	2164.96305424329	1253.37275726632	1585.60586274671	1491.92467531454	7323.57231613838	6414.43257261493	555.497508446145	2810.23643156076	6751.78549449543	7277.71809320344	7609.17662872789	5627.34649339331	5384.44501817881	3798.16375753826	5512.26953096786	1280.3356176024	866.428673190238	971.044077681234	608.665298209197	2453.75435691056	4661.79076079974	1976.96197894486	1314.11383338932	1296.08237893735	5774.01878837532	2903.1088550641	2691.85755281224	1895.63204186411	1837.82116199746	5056.26914996792	2285.91897209591	725.180690523028	3293.72369672321	1049.14529370461	2660.29677240976	550.041013936334	3935.482644706	883.745100537351
4886.02084862593	4858.44886735473	4884.60708943862	4765.16906131853	4742.23930028818	4757.11270407064	3983.3265428206	3732.22457957568	1841.70410299082	3691.96767196707	1798.95813675463	0	1266.94534867826	726.669889372287	3690.60772989742	3012.09258928065	3659.68665103763	1803.7401109949	4486.30057410247	3947.29299019867	3054.73684699082	2538.58048334471	2467.29491175326	3738.36196211836	4278.16871513493	4383.12862810855	1803.75404120647	2176.17234163012	3936.86941875315	6262.87173444919	1798.85989748993	4878.89218990947	5214.00370019241	5495.28911789768	5547.88065092028	8374.77650286467	2139.82234125833	3922.27724248212	732.489903712617	1717.92277207823	1842.79887424243	2304.3541031349	3256.23769507554	2052.26606377969	3037.65896927211	5572.37793817252	4808.78424174221	5165.68611206048	2766.39258413143	1259.6960361925	3257.83070386162	3086.39733474817	3164.42755361455	5063.27527508673	2705.63770212304	2140.13925179207	2502.52231379729	6393.36421851933	2052.49654516358	7373.2688422952	2694.69126138773	3904.98740893642	1035.75623078931	1316.05341278456	3240.90089064105	3290.88281206918	6194.36549268439	8213.39070936956	2263.21125232515	3939.44325501474	8550.74363125006	9076.67622995807	9408.13476548252	7426.30463014794	7183.40315493344	5597.12189429289	4383.06270751388	2510.18449277569	2665.38680994487	2100.25090113522	1490.44215852966	3995.28132886365	3532.58393734576	3775.9201156995	2588.39418888294	1270.58332090374	4644.81196492134	4702.06699181873	4490.81568956687	3694.59017861874	3186.00773759313	6736.1349636775	3415.1257955499	1712.44251908257	2164.51687326923	2848.10343045924	4459.25490916439	2267.69752021949	5188.07977920326	2682.70323729198
3619.07549994768	3591.50351867648	3617.66174076036	3498.22371264027	3475.29395160992	3490.16735539239	2716.38119414235	2558.39682361737	1012.68543171969	3263.130677842	1313.36357402606	1266.94534867826	0	540.275459305969	2619.05842061887	1745.14724060239	2392.74130235937	1308.58273492733	3219.35522542421	4131.44974077075	1947.59646859475	1271.63513466645	2651.45166232534	2764.07251595927	3011.22336645668	4198.97187753647	1309.12996497922	1492.31574399487	2669.9240700749	4995.92638577093	1313.58606018778	3611.94684123122	3947.05835151415	4228.34376921943	4280.93530224203	7107.83115418641	872.876992580071	4106.4339930542	534.455444965639	1902.07952265031	1361.30111124109	1677.41859925545	1989.29234639728	785.320715101438	2248.06035751449	4305.43258949426	3541.83889306395	3898.74076338222	1726.84790538737	1075.53928562042	1990.88535518337	2553.24157459497	2912.68064717121	3796.32992640848	2827.37564292962	1660.0245533307	1235.57696511904	5126.41886984108	785.55119648532	6106.32349361694	2099.13622947502	2638.04206025816	1008.49502484778	59.9908167597399	2898.96943677278	2426.44188637451	6010.20874211231	6946.44536069131	1868.86108247221	4123.60000558683	7283.79828257181	7809.73088127981	8141.18941680427	6159.35928146969	5916.45780625519	4330.17654561463	4198.9059569418	1243.23914409743	1398.44146126661	2284.4076517073	1674.59890910175	3767.11793093662	3348.42718677368	2508.97476702124	2627.47740741538	17.2811950887133	4460.65521434926	3435.12164314047	3223.87034088861	2427.64482994048	1919.06238891487	5469.18961499924	3599.28254612198	1896.59926965465	1980.36012269715	1581.15808178098	3192.30956048614	1863.4045879624	3921.13443052501	1415.75788861373
4159.35095925365	4131.77897798245	4157.93720006633	4038.49917194624	4015.56941091589	4030.44281469836	3256.65665344832	3005.55469020339	1115.03421361854	3409.39269498596	1459.62559117003	726.669889372287	540.275459305969	0	2963.93784052513	2285.42269990836	2933.01676166534	1454.84475207129	3759.63068473018	4277.71175791472	2328.06695761853	1811.91059397242	2797.71367946931	3011.69207274607	3551.49882576265	4052.70986039251	1455.39198212319	1638.57776113883	3210.19952938086	5536.2018450769	1459.84807733175	4152.22230053719	4487.33381082012	4768.6192285254	4821.210761548	7648.10661349238	1413.15245188604	4252.69601019817	5.82001434033009	2048.34153979427	1507.56312838506	1823.68061639942	2529.56780570325	1325.59617440741	2394.32237465846	4845.70804880023	4082.11435236992	4439.01622268819	2039.72269475914	929.277268476454	2531.16081448934	2699.50359173894	3058.94266431518	4336.60538571445	2973.63766007359	1513.76253618673	1775.852424425	5666.69432914704	1325.82665579129	6646.59895292291	2245.39824661898	3178.31751956413	705.33746307326	589.383523412274	3045.23145391674	2572.70390351847	5863.94672496834	7486.72081999727	2015.12309961618	4269.86202273079	7824.07374187778	8350.00634058578	8681.46487611023	6699.63474077565	6456.73326556116	4870.4520049206	4052.64393979783	1783.5146034034	1938.71692057258	2430.66966885127	1820.86092624571	3913.37994808059	3202.16516962971	3049.25022632721	2773.73942455935	543.913431531451	4314.39319720529	3975.39710244644	3764.14580019458	2967.92028924645	2459.33784822084	6009.46507430521	3745.54456326595	2042.86128679862	1834.09810555318	2121.43354108695	3732.58501979211	2009.66660510637	4461.40988983098	1956.0333479197
1560.93194679037	1258.61421663198	1431.50134654026	1074.56133142111	1322.67221460363	1066.50497417323	3410.90542740806	60.6615970015022	3631.74385233857	644.072257223122	1891.64959314278	3690.60772989742	2619.05842061887	2963.93784052513	0	2810.89360735499	1167.24507325054	1886.86761890251	795.69284420505	1512.39132015188	671.461952024125	2042.69271205111	1493.48474695495	5383.13093657814	3658.51374775817	6818.03029815535	1886.85368869095	1514.4353882673	246.261688855736	3498.47383985026	1891.74783240748	4882.28305697585	3151.73579762317	3740.9379696737	3435.26083975607	4684.16877296725	2212.82682766174	1487.37557243533	2958.1178261848	2621.7315850892	1847.80885565499	1386.25362676252	2140.74467607737	1894.16743550201	652.948760625301	2858.21127406963	2648.51647824339	2259.93222431498	4345.90632600624	3694.59770623929	2143.45288588168	604.210395149247	526.180176282867	1372.66754518932	984.970027774378	4279.08297394958	2577.63967377085	3739.42063960527	1894.47632765543	3682.66111239778	995.91646850969	1931.52180862527	3470.6579008361	2559.06760385913	449.706839256363	399.724917828239	8629.26716273119	4522.78297947215	1427.39647757227	1504.54158496795	4860.13590135265	5386.06850006065	5717.52703558511	3735.69690025053	3492.79542503603	2607.40678831995	6817.96437756067	2586.03046419521	1791.47636079304	1772.84119999782	2500.31489135198	1148.05951031775	5967.48560739255	2897.80627455745	1102.21354101448	2601.77722553016	7079.71363496813	1011.45926192131	1139.93855939042	3151.97127757276	3143.51600859027	6361.96399656073	980.224125503105	2616.83028366581	4599.41854331602	1044.98101253198	1398.94057102852	1422.91020967792	5241.17749129881	1325.88583490384
1873.92825934528	1846.35627807409	1872.51450015797	2087.54958852492	1730.14671100753	2057.42874308257	971.233953539954	2750.23201035349	1170.38848628983	3454.96586457811	1505.19876076218	3012.09258928065	1745.14724060239	2285.42269990836	2810.89360735499	0	1643.64853410446	1500.41792166345	2105.17311606403	4323.28492750687	2139.43165533087	768.200895303881	2843.28684906146	2572.23732922315	1266.07612585428	4007.13669080035	1500.96515171534	1684.15093073098	2583.83319300392	3250.77914516854	1505.4212469239	2071.38944962086	2201.91111091176	2483.19652861703	2535.78806163963	5362.68391358402	872.270248022323	4298.26917979032	2279.60268556803	2093.91470938643	1553.13629797721	1869.25378599157	670.148931277623	959.826525500955	2439.89554425061	2560.28534889187	1796.69165246156	2153.59352277982	1535.01271865125	1990.43018725257	667.440721473312	2745.07676133109	3104.51583390733	2051.18268580608	3019.21082966574	1468.18936659458	509.570275483358	3381.27162923868	959.596044117073	4361.17625301455	2290.97141621114	892.894819655769	2753.64226545017	1696.03917649609	3090.8046235089	2618.27707311063	5818.37355537619	5201.29812008891	2060.69626920833	4315.43519232294	5538.65104196941	6064.58364067742	6396.04217620187	4414.21204086729	4171.3105656528	2585.02930501224	4007.07077020568	501.908096504963	1019.41724656195	2476.24283844342	1866.43409583786	3958.95311767274	3156.59200003756	763.827526418848	2819.3125941515	1741.50926837691	4268.82002761314	2368.50594218641	1670.95504796457	682.49758933809	332.622401235281	3724.04237439685	3791.1177328581	2088.43445639077	2781.81334239955	1765.91259482301	1447.16231988374	2055.23977469852	2430.28388394382	1485.00777245115
1226.3341975883	1198.7622163171	1224.92043840099	1105.4824102809	1082.55264925055	1097.42605303301	2243.66035415753	1106.58347624903	2464.49877908803	1811.31733047366	1860.728514283	3659.68665103763	2392.74130235937	2933.01676166534	1167.24507325054	1643.64853410446	0	1855.94654004273	826.613923064834	2679.63639340241	604.949804046812	1121.10616769292	1462.56366809517	4215.88586332761	2491.26867450763	5650.78522490481	1855.93260983116	1483.51430940751	940.184658899467	2603.18508341156	1860.8267535477	3715.03798372531	1984.49072437263	2573.69289642316	2268.01576650554	4715.08985182704	1519.8643097793	2654.62064568586	2927.19674732501	2590.81050622941	1816.8877767952	1355.33254790273	973.499602826834	1607.42058725794	796.247010146155	1912.69128713489	1481.27140499286	1505.99946102284	3178.6612527557	2638.02424900955	976.207812631145	1101.42822722663	1460.86729980287	1403.5886240491	1375.56229556128	3111.83790069904	1410.39460052031	2733.6775674817	1607.19010587406	3713.58219125757	964.995389649906	764.276735374738	3401.23632720715	2343.63323825307	1447.15608940444	974.628539006169	7462.02208948065	4553.70405833193	1396.47539871249	2671.78665821849	4891.05698021243	5416.98957892044	5748.44811444489	3766.61797911031	3523.71650389581	1937.43524325526	5650.71930431014	1418.78539094467	994.299841092761	1741.92012113804	2469.3938124922	2315.30458356828	4800.24053414201	1730.56120130691	1175.66406004704	2389.10333013389	5912.4685617176	1042.3803407811	831.129038529238	1984.72620432222	1976.27093533974	5194.7189233102	2147.46919875364	2585.90920480603	3432.17347006549	811.583220578391	799.568258126763	1391.98913081814	4073.93241804827	976.983413745647
3082.28073763103	3054.70875635983	3080.86697844371	2961.42895032363	2938.49918929327	2953.37259307574	2179.5864318257	1928.48446858078	2321.26816664702	1954.54794291467	4.78197424026962	1803.7401109949	1308.58273492733	1454.84475207129	1886.86761890251	1500.41792166345	1855.94654004273	0	2682.56046310756	2822.86700584342	1250.99673599592	734.840372349806	1342.86892739801	4072.6552508866	2474.42860414003	5507.5546124638	0.547230051893052	372.432230635217	2133.12930775825	4459.13162345429	5.00332526045383	3571.8073712843	3410.26358919751	3691.54900690278	3744.14053992538	6571.03639186977	902.351141970191	2797.85125812687	1457.30214342862	734.863966186682	52.7183763137635	500.613992139999	1452.49758408064	583.691749810467	1233.91885827721	3768.63782717761	3005.0441307473	3361.94600106557	3035.43064031469	2384.12202054775	1454.09059286672	1282.65722375327	1604.09791224388	3259.53516409183	1518.7929080023	2968.60728825803	1267.1639880793	4589.62410752443	584.000641963882	5569.5287313003	890.951150392823	2101.24729794152	2160.18221514455	1248.59191816759	1590.38670184545	1487.14270107427	7318.79147703964	6409.65059837466	560.278347544881	2815.0172706595	6747.00352025516	7272.93611896317	7604.39465448762	5622.56451915304	5379.66304393854	3793.38178329799	5507.48869186913	1275.55477850366	861.646698949968	975.82491677997	613.447272449467	2458.53519600929	4657.009921701	1972.1800047046	1318.89467248805	1291.30153983861	5769.23794927659	2898.32688082383	2687.07557857197	1890.85006762384	1833.04032289873	5051.48831086919	2290.69981119465	729.962664763298	3288.94285762448	1044.36331946434	2655.51479816949	554.82185303507	3930.70180560726	878.963126297082
855.211455499413	552.893725341018	725.780855249306	278.868487216063	616.951723312669	270.812129968177	2705.1849361171	754.075994526788	2926.02336104761	1349.79274851408	2687.34243734783	4486.30057410247	3219.35522542421	3759.63068473018	795.69284420505	2105.17311606403	826.613923064834	2682.56046310756	0	2218.11181144283	1431.56372711165	1947.72009075776	2289.17759116	4677.41044528718	2952.79325646721	6112.30980686439	2682.546532896	2310.12823247235	549.431155349314	2792.7533485593	2687.44067661253	4176.56256568489	2446.01530633221	3035.21747838274	2729.54034846511	3888.4759287622	2346.47823284414	2193.09606372628	3753.81067038985	3417.42442929425	2643.50169986004	2181.94647096756	1435.02418478641	2434.03451032277	1448.64160483035	2152.49078277868	1942.79598695243	1554.21173302403	3640.18583471528	3464.63817207439	1437.73239459072	1399.9032393543	1321.87302048792	576.974700984269	1780.66287197943	3573.36248265862	1983.77826030517	3033.70014831431	2433.80402893889	2886.96826819273	1791.60931271474	1225.80131733431	4227.85025027199	3170.24716131791	1245.39968346141	1195.41776203329	7923.54667144023	3727.0901352671	2223.08932177732	2210.26207625891	4064.4430571476	4590.3756558556	4921.83419138006	2940.00405604548	2697.10258083098	1901.68629702899	6112.24388626972	1976.11608132678	1820.9137641576	2568.53404420287	3296.00773555703	1853.78000160871	5261.76511610159	2192.08578326649	1897.90638521953	3215.71725319873	6373.99314367717	263.332826122373	434.218068099465	2446.2507862818	2437.79551729932	5656.24350526978	1685.94461679406	3412.52312787086	4256.02132722136	1638.19714364323	693.220079737565	2218.60305388297	4535.45700000785	1803.59733681048
3073.32326694225	2771.00553678385	2943.89266669214	2235.73533898195	2835.0635347555	2265.8561844243	4923.29674755994	1573.05291715338	5144.13517249045	868.319062928754	2818.08616674469	3947.29299019867	4131.44974077075	4277.71175791472	1512.39132015188	4323.28492750687	2679.63639340241	2822.86700584342	2218.11181144283	0	2183.853272176	3555.08403220299	1479.99807844541	6895.52225673002	5170.90506791005	8330.42161830722	2822.31977579153	2639.13399677588	1739.45173450294	5010.86516000213	2817.86368058297	6394.67437712773	4664.12711777504	5253.32928982557	4947.65215990795	5311.92268818326	3725.21814781361	770.40258629549	4280.16914927204	2229.37021812044	2770.14862952966	2454.0311415153	3653.13599622925	3406.55875565389	1883.38938325626	4370.60259422151	4160.90779839527	3772.32354446686	5858.29764615812	5206.98902639117	3655.84420603356	1578.20816617578	1218.76909359954	2680.29612910688	1304.07409784113	5791.47429410145	4090.03099392273	5251.81195975715	3406.8676478073	4791.60542084421	2032.31351129573	3443.91312877715	4983.04922098798	4071.45892401101	1232.48030399797	1705.00785439624	10141.6584828831	5011.33046162162	2262.58865829854	7.84973518392508	5348.68338350212	5874.61598221013	6206.07451773458	4224.2443824	3981.34290718551	4119.79810847182	8330.35569771255	4098.42178434709	3303.86768094492	1847.04208906345	2456.850831669	793.221081115711	7479.87692754443	4410.19759470933	1503.97233335537	4114.16854568204	8592.10495512001	1954.77898532046	2652.3298795423	4664.36259772464	4655.90732874215	7874.35531671261	532.167194648771	2234.8504711161	6111.8098634679	2557.37233268386	2911.3318911804	2268.04515280835	6753.56881145069	2838.27715505572
1831.28400163511	1803.71202036392	1829.8702424478	1710.43221432771	1687.50245329736	1702.37585707982	2739.44347538394	677.487732584858	2960.28190031444	1315.53420924725	1255.77871023619	3054.73684699082	1947.59646859475	2328.06695761853	671.461952024125	2139.43165533087	604.949804046812	1250.99673599592	1431.56372711165	2183.853272176	0	1371.23076002699	857.613864048355	4711.66898455402	2987.05179573404	6146.56834613122	1250.98280578435	878.5645053607	882.132571762332	3208.13488745837	1255.87694950089	4210.82110495172	2480.27384559904	3069.47601764957	2763.79888773195	5320.03965587385	1541.36487563761	2158.83752445945	2322.2469432782	1985.8607021826	1211.93797274839	750.382743855919	1469.28272405324	1222.70548347789	300.463888919745	2517.6410911817	1977.05452621927	2110.94926506966	3674.44437398212	3023.13575421517	1471.99093385756	605.645106000222	965.084178576463	2008.53842809592	879.779174334875	3607.62102192545	1906.17772174673	3338.62737152851	1223.0143756313	4318.53199530438	360.045585603094	1260.05985660115	2799.19594881198	1887.60565183501	951.372968178028	478.845417779759	7957.80521070706	5158.65386237874	791.525594665674	2176.00353699208	5496.00678425924	6021.93938296725	6353.3979184917	4371.56778315712	4128.66630794263	2542.38504730207	6146.50242553655	1914.56851217108	1120.01440876892	1136.97031709123	1864.44400844538	1819.52146234187	5296.02365536843	2226.34432253332	679.880938820632	1930.31527350604	6408.25168294401	1647.33014482791	1436.07884257605	2480.50932554864	2472.05405656615	5690.50204453661	1651.68607752723	1980.95940075921	3927.9565912919	373.519060507857	1404.51806217357	787.039326771328	4569.71553927468	654.423882879718
2347.44036528123	2319.86838401003	2346.02660609391	2226.58857797382	2203.65881694347	2218.53222072593	1444.7460594759	1982.03111504961	1589.05114028746	2686.76496927423	739.622346590075	2538.58048334471	1271.63513466645	1811.91059397242	2042.69271205111	768.200895303881	1121.10616769292	734.840372349806	1947.72009075776	3555.08403220299	1371.23076002699	0	2075.08595375758	3340.43822452703	1739.58823179023	4775.33758610424	734.826442138241	915.950035427103	1815.63229770004	3724.29125110448	739.720585854776	2839.59034492474	2675.4232168477	2956.70863455298	3009.30016757558	5836.19601951996	398.758142086381	3530.06828448644	1806.09057963209	1469.70433853649	784.935402673329	1101.05289068769	717.657211730833	486.314419565013	1671.69464894673	3033.79745482781	2270.2037583975	2627.10562871577	2303.21361395513	1651.90499418818	719.250220516916	1976.87586602721	2336.31493860345	2524.69479174203	2251.00993436186	2236.39026189846	534.946961719739	3854.78373517462	486.083938181132	4834.68835895049	1522.77052090726	1366.40692559171	2280.13015951423	1222.52707056015	2322.60372820501	1850.07617780675	6586.57445068007	5674.81022602485	1292.49537390445	3547.23429701906	6012.16314790536	6538.09574661336	6869.55428213781	4887.72414680323	4644.82267158874	3058.54141094818	4775.27166550956	543.337752144097	251.216351258072	1708.04194313954	1348.28764479927	3190.75222236886	3924.79289534144	1237.33963235479	2051.11169884762	1267.99716244097	5037.02092291702	2163.48650847402	1952.23520622216	1156.00969527403	1100.82329653916	4319.27128450962	3022.91683755422	1464.8030371131	2556.72583126491	997.711699519129	1920.67442581969	1287.03887939464	3198.4847792477	716.806877147269
2688.89786568347	2661.32588441227	2687.48410649615	2568.04607837606	2545.11631734571	2559.98972112818	3443.29866911453	1535.10159663321	3664.13709404504	1494.84468902461	1338.08808829928	2467.29491175326	2651.45166232534	2797.71367946931	1493.48474695495	2843.28684906146	1462.56366809517	1342.86892739801	2289.17759116	1479.99807844541	857.613864048355	2075.08595375758	0	5415.52417828461	3690.90698946464	6850.42353986181	1342.32169734612	1159.13591833048	1739.74643581069	4065.74875150673	1337.86560213756	4914.67629868232	3184.12903932963	3773.33121138017	3467.65408146254	6177.65351992221	2245.2200693682	1454.98233072886	2800.17107082664	1128.24683813424	1290.15055108425	974.033063069888	2173.13791778384	1926.56067720848	840.53598632965	3375.25495523005	2680.90971994986	2968.56312911801	4378.29956771271	3726.99094794576	2175.84612758815	889.274351805704	967.304570672084	2866.15229214427	508.514719180573	4311.47621565604	2610.03291547732	4196.24123557687	1926.8695693619	5176.14585935274	552.315432850325	1963.91505033174	3503.05114254257	2591.4608455656	1043.77790769859	1093.75982912671	8661.66040443765	6016.2677264271	782.590579853133	1472.14834326148	6353.6206483076	6879.5532470156	7211.01178254006	5229.18164720548	4986.28017199098	3399.99891135042	6850.35761926714	2618.42370590168	1823.86960249951	367.044010618044	1006.83014439703	1798.15834592118	5999.87884909902	2930.19951626392	391.271205940476	2634.17046723663	7112.1068766746	2504.94400887626	2293.6927066244	3184.36451927923	3175.90925029674	6394.3572382672	1194.2570414604	1123.34553671086	4631.81178502249	1077.37425423845	2262.13192622193	788.047074362944	5273.57073300528	1358.27907661031
