0	1503.80713556567	2257.71505119922	2077.74610805637	899.117121543378	746.663184011782	1174.74679504532	1254.01768954886	2793.34138931764	3596.90623600364	2647.56893486319	2899.29960945756	384.499748868987	2316.16377973837	4474.60231108553	1356.34695260497	2144.37741072772	2277.39990744648	3596.67265192898	1297.8555823435	2218.22115798281	1710.94180640312	1450.23941849678	1376.09711835536	1576.84077131084	1104.25364546555	1158.17174273407	909.529851031216	1261.63468485097	4155.8045856632	4618.82879203049	4300.40951953504	3868.85553089355	4226.80147240934	1831.59964643867	5241.96120957889	2984.33983897603	903.240490113581	1266.33868986169	8754.81948446857	3730.50701688366	2963.00673818579	3988.41085759203	4015.07771458443	2183.24353078312	804.759432012965	4646.56253959018	1534.48744582769	3325.2873749891	5843.49203363744	4682.41473553408	5405.10745733688	5330.51780580932	4751.24122283865	4532.897780346	5356.29814078746	4964.48667875766	4853.14799427918	1762.54879295156	1694.39672980207	1119.38487340715	1844.58689898893	3458.62174731587	1690.67692693973	1555.08068020117	2248.82305828691	544.214167160817	2653.98518035215	539.587978516949	848.56322147189	1801.28534969949	587.916929572626	1607.24144548839	3188.21498833664	2474.64520272274	2422.26389127979	4315.74412748637	1692.80893308409	1705.6688594127	3785.79630739348	4619.83400082349	1576.0713559462	3146.85560711512	3430.6461429612	1894.35104483352	1700.90653533681	2460.32599835835	703.637409555833	5464.51471060725	4623.00157867819	258.636737714725	1872.11405580113	859.987312641444	1179.13578779194	231.81442638739	457.390966035667	1398.8154893491	1262.18779539691	2060.92058934337	3727.16753358697
1503.80713556567	0	1682.69649686708	3581.55324362204	2402.92425710905	757.143951553892	923.703744383815	393.28589726546	2218.32283498551	3021.8876816715	4151.37607042887	2324.28105512543	1199.09094633504	812.356644172701	3899.5837567534	2114.99337674165	1202.8276238519	1702.38135311435	3021.65409759685	264.176540747465	2359.08990523307	3214.7489419688	2954.04655406245	127.710017210315	1621.70527258036	1679.27219979768	1876.27647600762	2413.33698659689	2640.84271651299	3580.78603133107	4043.81023769836	3725.39096520291	3293.83697656142	3651.78291807721	1541.10534438682	4666.94265524676	4488.14697454171	2407.04762567925	2644.83733561268	8179.80093013644	2226.69988131799	2387.98818385366	2484.60372202636	2511.27057901876	1608.22497645099	1290.77598193835	4071.54398525805	3038.29458139337	1821.48023942342	4339.68489807177	3178.60759996841	3901.3003217712	3826.71067024364	3247.43408727297	3029.09064478033	3852.49100522179	3460.67954319199	3349.34085871351	1187.53023861943	2550.34333835676	1982.82780601361	1482.79727068662	2883.60319298373	1115.6583726076	1131.47352667703	2131.51471973099	1895.81155988996	4157.79231591782	1900.14197162547	1309.94338608539	1226.26679536736	2091.7240651383	1032.22289115625	2613.19643400451	3049.66375705487	2997.28244561192	4004.07503385153	3196.61606864977	3209.47599497838	4360.81486172562	4044.81544649136	2151.08991027834	2167.50507452405	2045.25026183711	2432.18489754055	2275.92508966894	2103.29551424039	1465.47030549863	3960.70757504158	4047.98302434606	1741.57927479771	454.430354696066	643.81982292423	1856.74430219144	1271.99270917828	1046.41616953001	268.672562790524	1837.20634972904	1485.90203501124	2706.56504879638
2257.71505119922	1682.69649686708	0	2564.44788499617	2620.01280821095	1908.88709730815	1082.9682561539	1289.41059960162	535.626338118422	1339.19118480442	3079.68435871697	641.584558258343	2642.2148000682	1884.0483558846	2729.95178546527	1043.30166502975	1712.26198687395	1321.74124455745	1338.95760072977	1946.87303761455	1287.39819352117	2143.0572302569	1882.35484235055	1794.18842141785	680.874279888373	3361.96869666476	1099.54330846515	2489.29243019336	3519.34973605018	1898.08953446398	2361.11374083127	2042.69446833583	1611.14047969434	1969.08642121012	3223.80184125391	2984.24615837968	3416.45526282981	2488.87861156488	3524.05374106091	6497.10443326935	3298.39159302989	705.291686986577	3719.18129620029	3582.96229073066	362.08623281252	1452.95561918625	2388.84748839097	1966.60286968147	2893.17195113532	5411.37660978367	4250.29931168031	4972.9920334831	4898.40238195554	4319.12579898487	4100.78235649223	4924.18271693369	4532.37125490389	4421.03257042541	495.166258247655	3952.11178100128	3377.09992460636	413.12815221029	1200.90669611665	658.413997324253	702.634370998049	1059.82300801909	1713.5008840384	3086.10060420592	1718.12707268227	1409.15182972733	456.429701499728	2146.5451879551	1156.33164870684	930.499937137428	4732.36025392195	4679.978942479	2932.38332213963	2124.92435693787	2137.78428326648	6043.5113585927	2362.11894962427	3833.78640714542	3850.20157139113	3727.9467587042	4114.88139440764	3958.62158653603	3785.99201110747	1554.07764164338	5032.39928675348	2365.28652747897	1999.07831348449	2137.12685156315	1918.75410555485	3436.85083899116	2459.71224206907	2231.93568606128	1414.02393407656	3519.90284659613	196.794461855848	3295.05210973319
2077.74610805637	3581.55324362204	2564.44788499617	0	1178.62898651299	2824.40929206815	2657.84949923823	3331.76379760523	3100.07422311459	3903.63906980059	569.822826806822	3206.03244325451	2382.46229728701	4393.90988779474	4781.33514488248	1663.07978640192	4222.12351878409	3831.6027764676	3903.40548572593	3375.60169039987	2524.95399177976	1628.2156701048	785.828978235087	3453.84322641173	1959.84797104169	2134.47930368045	1705.27676761442	1168.21625702515	954.901851054014	4462.53741946015	4925.56162582744	4607.14235333199	4175.5883646905	4533.53430620629	3909.34575449504	5548.69404337584	906.593730919662	1174.50561794279	959.605856064742	9061.55231826552	5808.25312494003	3269.73957198275	6066.1569656484	6092.8238226408	2871.94776472266	2290.77726168369	4953.29537338714	956.5548470447	5403.03348304547	7921.23814169381	6760.16084359045	7482.85356539325	7408.26391386569	6828.98733089502	6610.64388840237	7434.04424884383	7042.23278681403	6930.89410233555	2548.29199243854	1387.66389600512	1598.72543760844	2151.31973278588	3765.35458111282	3168.2755292344	2450.07971694501	2555.55589208386	1685.74168373208	576.239072295777	1681.41127199658	2271.60985753665	2635.53946457494	1489.82917848374	3666.19318061699	3494.9478221336	3615.23821756987	3671.14779282706	4622.47696128332	1885.80031236617	1632.79346720307	3479.06347359653	4926.56683462044	3356.34742649135	5224.60171517149	5508.39225101757	3972.09715288989	3527.40482100283	4538.07210641472	2116.08293812341	7542.26081866362	4929.73441247514	1839.97396882433	3949.8601638575	2937.73342069781	1724.80894143061	2309.56053444376	2535.13707409204	3476.56159740547	2538.65745823232	2633.06839868403	5804.91364164334
899.117121543378	2402.92425710905	2620.01280821095	1178.62898651299	0	1645.78030555516	1537.04455205705	2153.13481109224	3155.63914632937	3959.20399301537	1748.45181331982	3261.59736646929	1203.83331077402	3215.28090128175	4836.90006809726	1718.6447096167	3043.4945322711	2652.9737899546	3958.97040894071	2196.97270388687	2580.51891499454	1683.78059331958	841.393901449867	2275.21423989874	1939.13852832258	955.850317167462	1520.4694997458	130.720378017584	899.336927839234	4518.10234267493	4981.12654904222	4662.70727654677	4231.15328790528	4589.09922942107	2730.71676798204	5604.25896659063	2085.22271743266	131.134196646073	904.040932849962	9117.1172414803	4629.62413842704	3325.30449519753	4887.52797913541	4914.19483612781	2545.54128779486	1167.0571890247	5008.86029660192	1012.11977025948	4224.40449653247	6742.60915518082	5581.53185707746	6304.22457888026	6229.63492735269	5650.35834438202	5432.01490188938	6255.41526233084	5863.60380030104	5752.26511582256	2124.84654996329	1332.09897279033	757.087116395413	2206.88465600066	3820.9195043276	2052.97468395146	1917.3784372129	2611.12081529864	906.51192417255	1754.86805880877	901.885735528681	1210.86097848362	2163.58310671122	473.467620255852	2487.564194104	3550.51274534838	2436.60923105688	2492.51880631406	4678.0418844981	1941.36523558095	1688.35839041785	3423.49855038175	4982.13175783522	2177.71843997836	4045.9727286585	4329.76326450458	2793.4681663769	2348.77583448984	3359.44311990173	1065.93516656757	6363.63183215063	4985.29933568992	661.34498231134	2771.23117734451	1759.10443418482	816.838030780207	1130.93154793077	1356.50808757905	2297.93261089248	1360.02847171933	2423.2183463551	4626.28465513035
746.663184011782	757.143951553892	1908.88709730815	2824.40929206815	1645.78030555516	0	825.918841154251	619.476497706525	2444.51343542657	3248.07828211257	3394.23211887497	2550.47165556649	733.327702760054	1569.50059572659	4125.77435719446	1357.84942518776	1429.01822429297	1928.57195355541	3247.84469803791	551.192398331714	1869.39320409174	2457.6049904149	2196.90260250856	629.433934343577	1228.01281741978	1453.08159935661	1119.13252445373	1656.193035043	1883.6987649591	3806.97663177213	4270.00083813942	3951.58156564398	3520.02757700248	3877.97351851827	1314.91474394576	4893.13325568783	3731.00302298781	1649.90367412536	1887.69338405879	8405.9915305775	2983.84383287188	2614.17878429473	3241.74767358025	3268.41453057265	1834.41557689206	533.632030384461	4297.73458569912	2281.15062983948	2578.62419097731	5096.82884962566	3935.7515515223	4658.4442733251	4583.85462179753	4004.57803882686	3786.23459633422	4609.63495677568	4217.82349474588	4106.4848102674	1413.72083906049	2043.22468369313	1468.21282729821	1495.75894509786	3109.7937934248	1341.84897304866	1206.2527263101	1899.99510439584	1138.66760833607	3400.64836436393	1142.99802007157	552.799434531501	1452.45739580842	1334.58011358441	1258.41349159732	2839.38703444558	2823.47315661381	2771.09184517085	3966.9161735953	2439.47211709588	2452.33204342449	4134.62426128455	4271.00604693242	1924.89930983727	2400.19242310334	2683.98295894942	2205.99429709949	2049.73448922788	1877.10491379933	708.326353944741	4717.85152659547	4274.17362478712	984.43532324382	1125.45087178935	113.324128629662	1527.96374168301	550.82514476092	323.048588753129	652.152305337319	1611.01574928798	1712.0926354523	2980.50434957519
1174.74679504532	923.703744383815	1082.9682561539	2657.84949923823	1537.04455205705	825.918841154251	0	673.914298367005	1618.59459427232	2422.15944095832	3227.67232604505	1724.55281441224	1559.2465439143	1736.06038855652	3299.85551604021	1191.28963235784	1564.27401954587	1173.75327722937	2421.92585688366	863.904781460651	1435.38616084926	2291.04519758498	2030.34280967863	795.9937271735	698.001528196542	2279.00044051086	952.572731623808	1489.63324221307	2436.38147989628	2981.05779061788	3444.08199698517	3125.66272448972	2694.10873584823	3052.05467736402	2140.83358510001	4067.21441453357	3564.44323015789	1483.34388129544	2441.08548490701	7580.07268942325	3150.40362570181	1788.25994314048	3408.30746641017	3434.97432340257	1008.49673573781	369.987363032353	3471.81574454487	2114.59083700955	2745.18398380724	5263.38864245558	4102.31134435222	4825.00406615502	4750.41441462746	4171.13783165679	3952.79438916414	4776.1947496056	4384.38328757581	4273.04460309732	587.801997906242	2869.14352484739	2294.13166845246	669.840103943608	2283.87495227055	515.930131894414	380.333885155849	1207.81097534717	972.107815506145	3234.08857153401	976.438227241651	386.239641701578	626.53855465417	1168.02032075448	1008.34368137876	2013.46819329133	3649.39199776806	3597.0106863251	3140.99733244105	2272.91232426595	2285.77225059456	4960.5431024388	3445.08720577817	2750.81815099152	2767.23331523723	2850.54275177934	3031.91313825374	2875.65333038213	2703.02375495358	541.766561114817	4884.41131942539	3448.25478363287	916.110057330593	1292.01066461927	835.785849400952	2353.88258283726	1376.74398591517	1148.96742990738	818.712098167242	2436.93459044223	886.17379429805	3147.06414240511
1254.01768954886	393.28589726546	1289.41059960162	3331.76379760523	2153.13481109224	619.476497706525	673.914298367005	0	1825.03693772005	2628.60178440604	3901.58662441206	1930.99515785997	1352.80420046658	1062.14609018951	3551.85405116036	1865.20393072484	890.35972117886	1309.09545584889	2628.36820033139	657.462438012925	2109.30045921626	2964.95949595199	2704.25710804564	504.777821816224	1371.91582656355	2072.55809706314	1626.48702999081	2163.54754058008	2391.05327049618	3187.5001340656	3650.52434043289	3332.10506793745	2900.55107929596	3258.49702081175	1934.39124165228	4273.6567579813	4238.3575285249	2157.25817966245	2395.04788959587	7786.51503287098	2476.4893273348	1994.7022865882	2734.39316804317	2761.06002503557	1214.93907918553	1040.98653592154	3678.25808799259	2788.50513537656	2071.26968544023	4589.47434408858	3428.39704598522	4151.08976778801	4076.50011626045	3497.22353328978	3278.88009079714	4102.2804512386	3710.4689892088	3599.13030473032	794.244341353968	2662.70118139966	2087.68932500474	1233.00782466981	2490.31729571827	722.372475342139	881.684080660223	1881.72527371418	1646.02211387315	3908.00286990101	1650.35252560866	1060.15394006858	832.980898101895	1841.93461912149	638.936993890793	2219.91053673905	3442.94965432033	3390.56834287738	3754.28558783472	2946.82662263296	2959.68654896157	4754.10075899108	3651.52954922589	2544.3758075438	2560.79097178951	2438.53615910258	2825.47079480601	2669.2109869344	2496.58141150585	1215.68085948182	4210.49702105839	3654.6971270806	1491.7898287809	847.716251961526	629.343505953226	2147.44023938953	1170.30164246744	942.525086459654	144.797799800237	2230.4922469945	1092.61613774578	2473.14984403811
2793.34138931764	2218.32283498551	535.626338118422	3100.07422311459	3155.63914632937	2444.51343542657	1618.59459427232	1825.03693772005	0	803.564846685998	3585.95155508031	105.958220139921	3177.84113818662	2094.79244628074	3236.21898182861	1549.56886139309	1205.99479051061	815.474048194113	803.331262611343	2482.49937573297	1793.66538988451	2649.32442662024	2388.62203871389	2329.81475953627	1216.50061800679	3897.59503478318	1635.16964658357	3024.91876831179	4054.9760741686	1362.46319634556	1825.48740271285	1507.0681302174	1075.51414157591	1433.4600830917	3759.42817937233	2448.61982026125	3922.72245919315	3024.5049496833	4059.68007917933	5961.47809515093	2792.12439666655	492.996807413266	4254.80763431872	3076.69509436732	610.097858534514	1988.58195730467	1853.22115027255	2472.87006604481	2386.90475477198	4905.10941342033	3744.03211531697	4466.72483711976	4392.1351855922	3812.85860262153	3594.51516012889	4417.91552057035	4026.10405854055	3914.76537406207	1030.79259636608	4487.7381191197	3912.72626272478	948.754490328712	1406.59911334378	1102.66446237791	1238.26070911647	1566.09020438243	2249.12722215682	3592.36780056926	2253.75341080069	1944.77816784575	992.05603961815	2682.17152607352	1186.09994382925	697.985329064263	5267.98659204038	5215.60528059742	3438.65051850297	2631.19155330121	2644.05147962982	6579.13769671112	1826.49261150585	4369.41274526384	4385.82790950955	4263.57309682262	4650.50773252606	4494.24792465445	4321.6183492259	2089.7039797618	4526.13209039014	1829.66018936055	2534.70465160291	2672.75318968157	2454.38044367327	3972.47717710958	2995.33858018749	2767.5620241797	1949.65027219498	4055.52918471455	732.42079997427	2788.78491336986
3596.90623600364	3021.8876816715	1339.19118480442	3903.63906980059	3959.20399301537	3248.07828211257	2422.15944095832	2628.60178440604	803.564846685998	0	4352.78630942846	818.41647036854	3981.40598487262	2898.35729296674	4003.05373617677	2316.40361574125	1819.0600578196	1319.50632855715	0.233584074654914	3286.06422241897	2560.50014423267	3416.15918096839	3155.45679306205	3133.37960622227	2020.06546469279	4701.15988146918	2438.73449326957	3828.48361499778	4858.5409208546	986.174370115679	1593.1926353009	703.503283531407	438.340535395025	629.895236405702	4562.99302605833	2111.12780325215	4689.5572135413	3828.0697963693	4863.24492586533	5157.91324846493	2469.44981205249	1259.83156176142	5058.37248100471	2309.86034001916	1413.66270522051	2792.14680399067	1049.65630358655	3239.70482039296	1726.37537253147	4138.27465907217	2977.19736096881	3699.89008277161	3625.30043124405	3046.02384827338	2827.68040578073	3651.08076622219	3259.26930419239	3147.93061971391	1834.35744305208	5291.3029658057	4716.29110941078	1752.31933701471	2173.43386769194	1906.2293090639	2041.82555580247	2332.92495873058	3052.69206884282	4359.20255491742	3057.31825748669	2748.34301453175	1795.62088630415	3485.73637275952	1989.66479051525	1464.82008341242	6071.55143872637	6019.17012728342	4205.48527285112	3398.02630764936	3410.88623397797	7382.70254339712	2267.87624269092	5172.97759194984	5189.39275619555	5067.13794350862	5454.07257921206	5297.81277134045	5125.18319591189	2893.2688264478	3759.29733604198	2263.37564233163	3338.26949828891	3476.31803636757	3257.94529035927	4776.04202379558	3798.90342687349	3571.1268708657	2753.21511888098	4859.09403140055	1535.98564666027	2021.9501590217
2647.56893486319	4151.37607042887	3079.68435871697	569.822826806822	1748.45181331982	3394.23211887497	3227.67232604505	3901.58662441206	3585.95155508031	4352.78630942846	0	3534.36983905992	2952.28512409383	4963.73271460157	5055.43787697223	2036.38269368722	4791.94634559092	4401.42560327442	4352.83410952654	3945.42451720669	2799.05672386952	1902.31840219456	1197.32951636642	4023.66605321855	2529.67079784851	2704.30213048728	2275.09959442124	1738.03908383198	1510.53335391587	4736.6401515499	5199.66435791719	4881.24508542175	4449.69109678026	4807.63703829604	4479.16858130186	5822.7967754656	802.842148790087	1744.32844474961	1506.53873481618	9335.65505035527	6378.07595174686	3543.8423040725	6635.97979245523	6662.64664944762	3441.77059152949	2860.60008849051	5227.39810547689	1230.65757913445	5972.85630985229	8491.06096850063	7329.98367039727	8052.67639220007	7978.08674067251	7398.81015770184	7180.4667152092	8003.86707565065	7612.05561362086	7500.71692914237	3118.11481924536	1601.0327320721	2168.54826441526	2668.57879974225	4039.45731320257	3738.09835604122	3019.90254375183	2829.65862417361	2255.56451053891	6.41624548895447	2251.2340988034	2841.43268434347	3205.36229138176	2059.65200529057	4236.01600742381	3769.05055422335	4185.06104437669	4240.97061963388	4896.57969337307	2159.90304445592	1906.89619929282	3204.96074150678	5200.66956671019	3926.17025329817	5794.42454197831	6078.21507782439	4541.91997969671	4097.22764780965	5107.89493322154	2685.90576493023	8112.08364547045	5203.83714456489	2409.79679563115	4519.68299066432	3507.55624750464	2294.63176823743	2879.38336125058	3104.95990089886	4046.38442421229	3108.48028503914	3202.89122549085	6374.73646845016
2899.29960945756	2324.28105512543	641.584558258343	3206.03244325451	3261.59736646929	2550.47165556649	1724.55281441224	1930.99515785997	105.958220139921	818.41647036854	3534.36983905992	0	3283.79935832655	2200.75066642066	3184.63726580823	1542.95265685259	1257.57650653099	867.055764214496	818.464270466614	2588.45759587289	1742.08367386413	2597.74271059985	2420.20346501942	2435.77297967619	1322.45883814672	4003.5532549231	1741.12786672349	3130.87698845171	4160.93429430853	1256.50497620564	1719.52918257293	1401.10991007748	969.555921435993	1327.50186295178	3865.38639951225	2342.66160012133	3871.14074317276	3130.46316982322	4165.63829931925	5855.51987501101	2843.70611268694	441.415091392883	4360.76585445864	3128.2768103877	716.056078674435	2094.54017744459	1747.26293013262	2421.28835002442	2438.48647079237	4956.69112944071	3795.61383133735	4518.30655314015	4443.71690161259	3864.44031864192	3646.09687614927	4469.49723659073	4077.68577456093	3966.34709008245	1136.750816506	4593.69633925963	4018.6844828647	1054.71271046863	1355.0173973234	1208.62268251783	1344.21892925639	1514.50848836204	2355.08544229674	3540.78608454888	2359.71163094061	2050.73638798567	1098.01425975807	2788.12974621344	1292.05816396917	646.403613043879	5373.9448121803	5321.56350073734	3387.06880248258	2579.60983728082	2592.46976360943	6685.09591685104	1720.53439136593	4475.37096540376	4491.78612964947	4369.53131696254	4756.46595266598	4600.20614479437	4427.57656936582	2195.66219990173	4577.71380641052	1723.70196922063	2640.66287174283	2778.71140982149	2560.33866381319	4078.4353972495	3101.29680032741	2873.52024431962	2055.6084923349	4161.48740485447	838.379020114191	2840.36662939024
384.499748868987	1199.09094633504	2642.2148000682	2382.46229728701	1203.83331077402	733.327702760054	1559.2465439143	1352.80420046658	3177.84113818662	3981.40598487262	2952.28512409383	3283.79935832655	0	2011.44759050774	4859.10205995452	1740.84670147396	2162.34592705302	2661.89965631547	3981.17240079797	993.139393112858	2602.7209068518	2015.65799563376	1754.95560772741	1071.38092912472	1961.34052017983	719.753896596558	1542.67149160306	1214.24604026185	1441.75177017796	4540.30433453218	5003.32854089947	4684.90926840403	4253.35527976254	4611.30122127833	1526.88345720803	5626.46095844788	3289.05602820667	1207.95667934422	1445.74638927765	9139.31923333756	3425.79082765303	3347.50648705478	3683.69466836139	3710.36152535379	2567.74327965211	1189.25918088195	5031.06228845917	1839.20363505833	3020.57118575846	5538.7758444068	4377.69854630344	5100.39126810624	5025.80161657868	4446.52503360801	4228.18159111536	5051.58195155682	4659.77048952703	4548.43180504854	2147.04854182055	1351.25239202173	783.736859678573	2229.08664785791	3843.12149618485	2075.17667580872	1939.58042907015	2633.3228071559	928.713916029804	2958.70136958279	924.087727385936	1233.06297034088	2185.78509856847	892.633118803265	1991.74119435737	3572.71473720563	2090.14545385375	2037.7641424108	4700.24387635535	1997.52512231473	2010.38504864334	3401.2965585245	5004.33374969247	1191.57160707722	2842.13941788448	3125.92995373056	1589.63485560288	1316.40678646782	2155.60980912771	1088.13715842482	5159.79852137661	5007.50132754718	643.136486583712	1567.39786657049	723.460694513353	794.636038922953	182.502557999134	410.279114006925	1228.19086599164	877.688046527924	2445.42033821236	3666.0833519975
2316.16377973837	812.356644172701	1884.0483558846	4393.90988779474	3215.28090128175	1569.50059572659	1736.06038855652	1062.14609018951	2094.79244628074	2898.35729296674	4963.73271460157	2200.75066642066	2011.44759050774	0	4614.00014134987	2927.35002091435	1079.29723514714	1578.85096440959	2898.12370889209	1018.30819739488	3171.44654940577	4027.1055861415	3766.40319823515	940.066661383016	2434.06191675306	2259.43058411429	2688.63312018032	3225.69363076959	3453.19936068569	3457.2556426263	3920.27984899359	3601.86057649815	3170.30658785666	3528.25252937244	1664.63573309159	4543.412266542	5300.50361871441	3219.40426985196	3457.19397978538	8056.27054143167	1414.34323714529	2264.4577951489	2160.01518803797	1698.91393484606	1521.96212307208	2103.13262611105	3948.01359655329	3850.65122556607	1171.98192043527	3527.32825389907	2366.25095579571	3088.9436775985	3014.35402607094	2435.07744310027	2216.73400060763	3040.13436104909	2648.32289901929	2536.98421454081	1845.61789535621	3362.69998252947	2795.18445018631	2295.15391485932	2784.38027286504	1225.63435856035	1943.83017084973	2943.87136390369	2708.16820406266	4970.14896009052	2712.49861579817	2122.30003025809	1758.37042321981	2904.080709311	908.692502451491	2489.66604529975	3173.19414575963	3120.81283431668	4816.43167802423	4008.97271282247	4021.83263915108	4484.34525043038	3921.28505778659	2274.6202989831	2291.03546322881	2168.78065054188	2555.71528624531	2399.45547837371	2226.82590294515	2277.82694967133	3148.35093086888	3924.45263564129	2553.93591897041	577.960743400829	1456.17646709693	2669.10094636414	2084.34935335098	1858.77281370271	917.348290389274	1960.73673843381	1760.84148911072	2583.03466009162
4474.60231108553	3899.5837567534	2729.95178546527	4781.33514488248	4836.90006809726	4125.77435719446	3299.85551604021	3551.85405116036	3236.21898182861	4003.05373617677	5055.43787697223	3184.63726580823	4859.10205995452	4614.00014134987	0	3118.25535848056	4442.21377233922	4051.69303002272	4003.10153627484	4163.76029750086	2256.38115310272	3153.11947477768	3995.5061666474	4011.07568130416	2897.76153977469	5578.85595655107	3316.43056835146	4706.17969007968	5736.2369959365	3016.87936606109	2409.86110087587	3509.57129526968	3564.71320078174	4317.94768590524	5440.68910114022	1891.92593292461	4252.59572818215	4705.76587145119	5740.94100094722	6204.38340983286	6028.34337849516	2743.22217441534	6286.24721920353	6312.91407619593	3092.03801827779	3669.84287907257	3183.36641547982	3824.78029783778	5623.12373660059	8141.32839524894	6980.25109714558	7702.94381894837	7628.35416742081	7049.07758445014	6830.7341419575	7654.13450239896	7262.32304036916	7150.98435589068	2768.38224599366	6168.9990408876	5593.98718449268	2630.0154120966	1829.61986848483	3388.36578278952	2919.52163088436	2225.77925279862	3930.38814392471	5061.48794850334	3935.01433256858	3626.03908961364	2855.62971813006	4363.43244784141	3886.28343417211	2538.23365276435	6949.24751380827	6896.86620236532	202.431536674359	2895.53483251631	3148.54167767941	8260.39861847902	1735.17749348585	6050.67366703173	6067.08883127744	5944.83401859051	6331.76865429395	6175.50884642234	6002.87927099379	3770.9649015297	7762.35107221875	1739.67809384514	4215.96557337081	4354.01411144946	4135.64136544116	5653.73809887747	4676.59950195538	4448.82294594759	3696.6518509606	5736.79010648244	2853.15865223915	6025.00389519847
1356.34695260497	2114.99337674165	1043.30166502975	1663.07978640192	1718.6447096167	1357.84942518776	1191.28963235784	1865.20393072484	1549.56886139309	2316.40361574125	2036.38269368722	1542.95265685259	1740.84670147396	2927.35002091435	3118.25535848056	0	2755.5636519037	2365.0429095872	2316.45141583932	1909.04182351947	861.874205377842	1099.75556522715	877.250808166835	1987.28335953134	493.288104161294	2460.60059807051	238.716900734027	1587.92433159912	2617.98163745594	2799.45763305823	3262.48183942552	2944.06256693007	2512.50857828858	2870.45451980437	2442.78588761464	3885.61425697392	2373.15359780006	1587.51051297063	2622.68564246666	7398.4725318636	4341.69325805964	1606.65978558082	4599.59709876801	4626.26395576041	1405.38789784227	824.217394803297	3290.21558698521	923.301204651718	3936.47361616507	6454.67827481342	5293.60097671006	6016.29369851285	5941.70404698529	5362.42746401462	5144.08402152198	5967.48438196344	5575.67291993364	5464.33423545516	1081.73212555814	3050.74368240704	2475.73182601212	632.196106055032	2102.2747947109	1701.715662354	983.519850064617	892.476105681941	812.132785444152	2042.79893917617	816.758974088021	805.049990656257	1168.97959769455	1245.17708936085	2199.63331373659	1831.86803573167	3830.99215532771	3778.61084388476	2959.3971748814	1081.62269190812	1094.48261823673	5142.14325999845	3263.48704821852	2932.41830855117	3758.0418482911	4041.83238413718	3213.51329581339	3057.25348794178	3071.51223953433	652.709543049136	6075.70095178323	3266.65462607322	1097.71021489024	2483.30029697711	1471.17355381742	2535.48274039691	1558.34414347482	1330.56758746703	2010.00173052508	2618.53474800188	1166.50853180363	4338.35377476295
2144.37741072772	1202.8276238519	1712.26198687395	4222.12351878409	3043.4945322711	1429.01822429297	1564.27401954587	890.35972117886	1205.99479051061	1819.0600578196	4791.94634559092	1257.57650653099	2162.34592705302	1079.29723514714	4442.21377233922	2755.5636519037	0	499.553729262446	1818.82647374495	1467.00416459937	2999.66018039512	3855.31921713085	3594.6168292245	1314.31954840267	2262.27554774241	2882.09982364958	2516.84675116967	3053.90726175894	3281.41299167504	2377.95840747916	2840.98261384645	2522.56334135101	2091.00935270952	2448.9552942253	2743.93296823873	3464.11503139486	5128.71724970376	3047.61790084131	3285.40761077473	6976.97330628453	1586.12960615594	1698.99159792388	3239.31242318511	1870.70030385671	1350.17575406143	1931.3462571004	2868.71636140615	3678.86485655542	1180.90996426137	3699.11462290972	2538.03732480636	3260.73004660915	3186.14039508159	2606.86381211092	2388.52036961828	3211.92073005974	2820.10926802994	2708.77058355146	1673.83152634556	3472.2429079861	2897.23105159118	2123.36754584867	2612.59390385439	1053.8479895497	1772.04380183908	2772.08499489304	2536.38183505201	4798.36259107987	2540.71224678752	1950.51366124744	1586.58405420916	2732.29434030035	555.930338167106	1903.98011957487	4252.49138090677	4200.11006946382	4644.64530901358	3837.18634381182	3850.04627014043	5563.64248557752	2841.98782263945	3353.91753413024	3370.33269837595	3248.07788568902	3635.01252139246	3478.75271352085	3306.12313809229	2106.04058066068	3320.13729987953	2845.15540049415	2382.14954995976	1657.25797854797	1438.88523253967	2956.98196597598	1979.84336905389	1752.0668130461	934.155061061379	3040.03397358095	1589.05512010007	1582.79012285925
2277.39990744648	1702.38135311435	1321.74124455745	3831.6027764676	2652.9737899546	1928.57195355541	1173.75327722937	1309.09545584889	815.474048194113	1319.50632855715	4401.42560327442	867.055764214496	2661.89965631547	1578.85096440959	4051.69303002272	2365.0429095872	499.553729262446	0	1319.2727444825	1966.55789386181	2609.13943807862	3464.79847481435	3204.096086908	1813.87327766511	1871.75480542591	3381.65355291203	2126.32600885318	2663.38651944244	3539.03459229745	1878.40467821672	2341.42888458401	2023.00961208856	1591.45562344707	1949.40156496286	3243.48669750117	2964.56130213241	4738.19650738726	2657.09715852481	3543.73859730818	6477.41957702209	1976.65034847244	1308.47085560738	3738.86615244756	2261.2210461732	959.655011744932	1540.82551478391	2369.1626321437	3288.34411423892	1571.43070657787	4089.63536522622	2928.55806712285	3651.25078892565	3576.66113739809	2997.38455442742	2779.04111193478	3602.44147237624	3210.63001034644	3099.29132586795	1283.31078402906	3971.79663724855	3396.78478085363	1732.84680353217	2222.0731615379	663.327247233199	1381.52305952259	2381.56425257654	2145.86109273551	4407.84184876337	2150.19150447102	1559.99291893095	1196.06331189266	2341.77359798385	670.158461958096	1513.45937725838	4752.04511016922	4699.66379872627	4254.12456669708	3446.66560149532	3459.52552782393	6063.19621483997	2342.43409337701	3853.47126339268	3869.88642763839	3747.63161495146	4134.5662506549	3978.30644278329	3805.67686735474	1715.51983834419	3710.65804219603	2345.60167123171	2018.76316973176	2156.81170781042	1938.43896180212	3456.53569523842	2479.39709831633	2251.62054230854	1433.70879032383	3539.58770284339	1198.53437778357	1973.31086517574
3596.67265192898	3021.65409759685	1338.95760072977	3903.40548572593	3958.97040894071	3247.84469803791	2421.92585688366	2628.36820033139	803.331262611343	0.233584074654914	4352.83410952654	818.464270466614	3981.17240079797	2898.12370889209	4003.10153627484	2316.45141583932	1818.82647374495	1319.2727444825	0	3285.83063834431	2560.54794433074	3416.20698106647	3155.50459316012	3133.14602214761	2019.83188061814	4700.92629739453	2438.50090919491	3828.25003092313	4858.30733677995	986.222170213754	1593.24043539897	703.736867606062	438.388335493099	630.128820480357	4562.75944198367	2111.17560335023	4689.60501363938	3827.83621229464	4863.01134179068	5158.14683253959	2469.21622797784	1259.8793618595	5058.13889693006	2309.81253992109	1413.42912114586	2791.91321991602	1049.8898876612	3239.75262049104	1726.14178845682	4138.2268589741	2977.14956087074	3699.84228267353	3625.25263114597	3045.9760481753	2827.63260568266	3651.03296612412	3259.22150409432	3147.88281961584	1834.12385897742	5291.06938173105	4716.05752533613	1752.08575294006	2173.48166779001	1905.99572498925	2041.59197172781	2332.97275882866	3052.45848476816	4359.25035501549	3057.08467341203	2748.10943045709	1795.38730222949	3485.50278868486	1989.4312064406	1464.86788351049	6071.31785465172	6018.93654320877	4205.5330729492	3398.07410774744	3410.93403407605	7382.46895932246	2267.92404278899	5172.74400787518	5189.15917212089	5066.90435943396	5453.8389951374	5297.57918726579	5124.94961183724	2893.03524237315	3759.24953594391	2263.4234424297	3338.03591421426	3476.08445229291	3257.71170628461	4775.80843972092	3798.66984279883	3570.89328679104	2752.98153480632	4858.86044732589	1535.75206258561	2021.90235892363
1297.8555823435	264.176540747465	1946.87303761455	3375.60169039987	2196.97270388687	551.192398331714	863.904781460651	657.462438012925	2482.49937573297	3286.06422241897	3945.42451720669	2588.45759587289	993.139393112858	1018.30819739488	4163.76029750086	1909.04182351947	1467.00416459937	1966.55789386181	3285.83063834431	0	2153.13835201089	3008.79738874662	2748.09500084027	152.684616196701	1415.75371935818	1415.09565905021	1670.32492278545	2207.38543337471	2434.89116329082	3844.96257207853	4307.98677844582	3989.56750595038	3558.01351730888	3915.95945882467	1276.92880363936	4931.11919599423	4282.19542131953	2201.09607245708	2438.8857823905	8443.9774708839	2432.65143454017	2652.16472460113	2690.55527524854	2717.22213224093	1872.40151719846	1084.82442871618	4335.72052600552	2832.34302817119	2027.4317926456	4545.63645129395	3384.55915319059	4107.25187499338	4032.66222346582	3453.38564049515	3235.04219800251	4058.44255844397	3666.63109641417	3555.29241193568	1451.70677936689	2344.39178513459	1776.87625279143	1533.74488540426	3147.7797337312	1379.83491335506	1244.2386666165	1937.98104470224	1689.86000666778	3951.84076269564	1694.19041840329	1103.99183286322	1490.44333611482	1885.77251191612	1296.39943190372	2877.37297475198	2785.48721630741	2733.10590486445	4004.9021139017	2990.66451542759	3003.5244417562	4096.63832097815	4308.99198723882	1886.91336953087	1903.32853377658	2132.7905606177	2168.00835679309	2011.74854892148	1839.11897349293	1259.51875227646	4166.65912826376	4312.15956509352	1535.62772157553	574.258473457632	437.868269702052	1650.79274896926	1066.04115595611	840.464616307828	532.849103537989	1573.02980898158	1750.0785757587	2970.74158954385
2218.22115798281	2359.08990523307	1287.39819352117	2524.95399177976	2580.51891499454	1869.39320409174	1435.38616084926	2109.30045921626	1793.66538988451	2560.50014423267	2799.05672386952	1742.08367386413	2602.7209068518	3171.44654940577	2256.38115310272	861.874205377842	2999.66018039512	2609.13943807862	2560.54794433074	2153.13835201089	0	896.73832167496	1739.12501354468	2231.37988802276	737.384632652715	3322.47480344836	1060.04941524874	2449.79853697696	3479.85584283378	1937.58342768039	2400.60763404768	2082.18836155223	2122.15960883764	2875.39409396114	3184.3079480375	3023.74005159608	2129.05706930863	2449.38471834847	3484.55984784451	6536.59832648576	4585.78978655106	1300.66858247125	4843.69362725943	4870.36048425183	1649.48442633369	1413.46172596985	2428.34138160737	1568.39914473506	4180.57014465649	6698.77480330484	5537.69750520148	6260.39022700428	6185.80057547671	5606.52399250604	5388.1805500134	6211.58091045486	5819.76944842506	5708.43076394658	1325.82865404956	3912.61788778488	3337.60603138996	876.292634546453	1240.40058933305	1945.81219084543	1227.61637855604	227.575185502086	1674.00699082199	2805.10679540062	1678.63317946586	1369.65793651092	1413.07612618597	2107.05129473869	2443.72984222802	1095.68006082025	4692.86636070555	4640.4850492626	2097.52296950355	837.526163416696	892.160524576692	6004.0174653763	2401.61284284068	3794.29251392902	4002.13837678252	4285.9289126286	4075.38750119123	3919.12769331962	3746.49811789107	1514.58374842698	6319.79748027465	2404.78042069538	1959.58442026809	2727.39682546853	1879.26021233845	3397.35694577475	2420.21834885266	2192.44179284487	2254.0982590165	3480.40895337972	1410.60506029505	4582.45030325437
1710.94180640312	3214.7489419688	2143.0572302569	1628.2156701048	1683.78059331958	2457.6049904149	2291.04519758498	2964.95949595199	2649.32442662024	3416.15918096839	1902.31840219456	2597.74271059985	2015.65799563376	4027.1055861415	3153.11947477768	1099.75556522715	3855.31921713085	3464.79847481435	3416.20698106647	3008.79738874662	896.73832167496	0	842.386691869717	3087.03892475848	1593.04366938844	2425.7364817734	1338.47246596117	1553.060215302	2583.11752115882	2834.32174935535	3297.34595572264	2978.92668322719	2977.81864557337	3731.05313069686	3542.54145284179	3920.47837327104	1273.39803257291	1552.64639667351	2587.82152616955	7433.33664816072	5441.44882328679	2156.32761920697	5699.35266399516	5726.01952098755	2505.14346306942	1923.97296003044	3325.07970328233	671.660823060105	5036.22918139222	7554.43384004056	6393.3565419372	7116.04926374	7041.45961221244	6462.18302924177	6243.83958674913	7067.23994719058	6675.42848516079	6564.0898006823	2181.48769078529	3015.87956610992	2440.867709715	1731.95167128218	2137.13891100801	2801.47122758115	2083.27541529176	1083.23422223781	1318.93738207884	1908.36847372566	1314.60697034333	1904.8055558834	2268.73516292169	1210.31297306373	3299.38887896374	1951.33909755597	3796.12803903059	3743.74672758764	2994.26129117851	257.584642261364	5.27294699041909	5107.27914370134	3298.35116451563	2989.5431248381	4857.79741351824	5141.58794936432	3605.29285123664	3160.60051934958	4171.26780476147	1749.27863647016	7175.45651701038	3301.51874237034	1473.16966717109	3583.05586220425	2570.92911904457	2500.61862409979	1942.75623279051	2168.33277243879	3109.75729575222	2583.67063170476	2266.26409703078	5438.10933999009
1450.23941849678	2954.04655406245	1882.35484235055	785.828978235087	841.393901449867	2196.90260250856	2030.34280967863	2704.25710804564	2388.62203871389	3155.45679306205	1197.32951636642	2420.20346501942	1754.95560772741	3766.40319823515	3995.5061666474	877.250808166835	3594.6168292245	3204.096086908	3155.50459316012	2748.09500084027	1739.12501354468	842.386691869717	0	2826.33653685213	1332.34128148209	1583.34978990368	1077.77007805483	710.673523432284	1740.7308292891	3676.70844122506	4139.73264759235	3821.31337509691	3389.75938645542	3747.7053279712	3281.83906493544	4762.86506514076	1534.10042047926	710.259704803795	1745.43483429983	8275.72334003043	5180.74643538044	2483.91059374766	5438.65027608881	5465.31713308121	2244.44107516307	1663.2705721241	4167.46639515205	170.725868809613	4775.52679348587	7293.73145213422	6132.65415403086	6855.34687583365	6780.75722430609	6201.48064133542	5983.13719884278	6806.53755928424	6414.72609725444	6303.38741277596	1920.78530287894	2173.4928742402	1598.48101784528	1471.24928337583	2979.52560287773	2540.7688396748	1822.57302738542	1769.72691384878	1058.23499417249	1203.74576185537	1053.90458243698	1644.10316797706	2008.03277501534	862.322488924149	3038.68649105739	2709.11884389851	2987.73152801027	3043.64110326746	3836.64798304823	1099.97133413108	846.964488967985	4264.89245183162	4140.73785638535	2728.84073693176	4597.0950256119	4880.88556145797	3344.59046333029	2899.89813144323	3910.56541685512	1488.57624856382	6914.75412910403	4143.90543424005	1212.46727926474	3322.3534742979	2310.22673113822	1658.23193223007	1682.05384488417	1907.63038453244	2849.05490784588	1911.15076867273	2005.56170912443	5177.40695208375
