0	622.897706794236	3983.75123751043	2218.2888848509	6646.75981764327	3796.7312806823	3062.64832365177	3480.11925122248	619.738047664629	1965.16588940635	5460.73281228271	4934.05796781631	5502.89573201724	810.496139980452	2716.22730549463	3615.1710012795	3264.93585863265	3760.68586150962	2518.04264063529	3591.28697690088	3859.2645593513	2394.81311049048	1966.70200204834	4630.32796375118	5871.60318096516	3019.79493322142	2486.42445200725	2710.67013737813	4436.68543384471	481.963504930592	4301.98082482529	1653.15427972515	3161.47604782004	3660.05715134943	1965.7110289882	5442.99128174365	1876.62984909199	837.023376627653	4065.46551995925	2508.43746676623	1472.80378084445	1780.36364681557	1473.00646657138	2094.70150636173	2976.36787844332	3035.50181418947	2931.39226885873	3058.53969004966	685.202662966786	2825.91400986348	3946.90396192039	1302.41818252646	2215.29905800675	3710.68130345777	4409.09815672338	2448.61419557685	2566.0841265507	2585.22733618083	2608.78846341308	2900.59666848989	2497.9604925051	3224.00930565444	2004.15496014284	3738.66014269939	1253.23879962891	943.634026841898	7772.31060000749	3451.21358426014	2486.12279001482	2004.26131556744	2976.59127190485	1999.49805885839	1966.64545111998	2163.53500895305	1422.40001132204	909.001864401532	690.080279555217	1038.10938983348	1150.84615658984	2340.98604237396	904.823792897743	701.685054739029	3446.18255973826	1655.67382063519	1898.41234768111	2317.35641349078	2452.74679116518	7443.55406888067	3569.84590991472	1964.1754529185	1248.16626460194	1581.31667137872	2306.04638717233	8801.2849732949	2316.14094331868	1984.64140620093	4819.46296357492	4644.71860505893	4476.2322595646	4568.76956361685
622.897706794236	0	3360.85353071619	1595.39117805667	6023.86211084903	3173.83357388807	2439.75061685753	2857.22154442824	3.15965912960678	1556.8288647381	4837.83510548847	4311.16026102208	5074.42294007266	1238.96893192503	2093.32959870039	2992.27329448526	2642.03815183841	4189.15865345419	1895.14493384105	2968.38927010664	3236.36685255707	3017.71081728472	1556.87045291579	4007.43025695695	5248.70547417093	2396.89722642718	2914.89724395183	3139.14292932271	3813.78772705047	520.713672321139	3679.08311803106	1030.25657293091	2538.57834102581	3231.58435940485	1558.811710585	4820.09357494941	2338.72300452091	214.125669833417	3442.56781316502	2079.96467482165	1901.27657278903	1203.84291349576	1901.47925851595	1471.80379956749	2547.89508649874	2607.0290222449	2502.91947691415	2630.06689810508	1308.10036976102	2397.4412179189	3324.00625512615	1730.89097447104	1943.16428957504	4139.15409540235	3786.20044992915	1825.71648878262	2994.55691849528	2156.75454423625	2180.3156714685	2472.12387654531	2926.43328444968	2601.1115988602	2432.62775208742	3115.76243590516	1527.87696012234	320.736320047662	7343.83780806291	3879.68637620472	2914.59558195939	2432.73410751201	3405.06406384943	1571.02526691381	1556.90235129108	1540.63730215881	993.927219377458	480.529072456954	67.1825727609813	415.211683039244	724.288081078421	1912.51325042938	281.926086103507	112.015144143548	2823.28485294402	1032.77611384096	2521.31005447535	1694.45870669654	1829.84908437094	6820.65636208643	2946.94820312049	1558.76984751622	1871.06397139617	1152.84387943414	1772.48539648904	8178.38726650066	1693.24323652445	2413.11419814551	4196.56525678068	4021.82089826469	3853.33455277036	3945.87185682261
3983.75123751043	3360.85353071619	0	1765.46235265952	2663.00858013284	1387.89746660363	1492.43468849575	935.118429495608	3364.0131898458	2018.58534810408	2533.64634000939	4036.27988075492	5191.34306763857	4491.45847943873	1267.5239320158	1202.84383463573	718.81537887778	5526.0429429262	1465.70859687514	1775.29108942446	1971.6656696428	6378.56434800091	2017.04923546209	646.576726240758	1887.85194345474	963.956304289006	2799.57765984815	3022.22280175679	2077.41582351006	3501.78773257983	3455.42553368268	2330.59695778528	1576.56651533151	3348.50448697076	2018.04020852223	1844.55725104867	5699.5765352371	3146.72786088277	2181.69044472532	2196.88480238757	3682.23868288556	2203.38759069485	3679.58623234054	1889.0497311487	2664.81521406466	2723.94914981081	2619.83960448006	2746.987025671	4668.95390047721	3334.27793041677	1669.70767956925	3279.04971774699	1826.24416200913	4022.23396783644	490.178074237917	1535.13704193357	3472.42113844555	4455.39890554913	4287.03411521567	4395.18564912768	2968.55292156266	759.741931855985	2532.11610001962	2409.3420613146	4888.73049083853	3040.11721066853	7460.75793562882	3762.7662486388	2802.18635942348	2533.98967331289	4789.43669906124	3179.53861122328	2017.10578639044	1820.21622855738	2965.38639732029	3104.18623544438	3293.67095795521	2945.64184767695	2832.90508092059	2600.65367842195	3078.92744461268	3282.0661827714	1027.51263636309	2328.07741687523	5882.16358519154	1666.39482401965	1654.35270463958	3459.80283137024	600.838850783668	2019.57578459193	5231.91750211236	3744.60173529632	1677.7048503381	4817.53373578447	1667.61029419174	2296.1940705796	1147.16116240498	804.803101511249	1253.21556781488	1030.28929168041
2218.2888848509	1595.39117805667	1765.46235265952	0	4428.47093279237	1578.4423958314	844.359438800863	1261.83036637158	1598.55083718627	323.286199994285	3650.26887718729	5152.90241793282	6307.96560481648	2725.9961267792	497.938420643725	1396.88211642859	1365.30804160051	3760.58059026668	1560.84743094745	1372.99809204998	1640.9756745004	4613.10199534138	323.327788171974	2412.03907890028	3653.31429611426	1873.95424022202	1681.35457920802	1905.60026457889	2218.39654899381	1736.32537992031	2338.80299650477	628.236814228546	943.187162969143	4465.12702414867	325.26904584118	3224.70239689274	3934.11418257757	1381.26550822325	3298.31298190322	3313.50733956547	1916.77633022604	437.925238035329	1914.12387968102	211.659045734866	3781.43775124256	3840.57168698871	3736.46214165797	3863.6095628489	2903.49154781769	3630.98388266272	2786.33021674715	1513.58736508747	709.621624831228	2905.61143065854	2190.80927187248	1816.71825611761	1761.01425375146	3390.29720898007	3413.85833621231	3705.66654128913	1692.89061970586	1005.72042080354	1199.0850873436	1520.37125784849	3123.26813817901	1274.654858009	8577.38047280672	2646.1437114609	1681.05291721558	1199.1914427682	3023.97434640172	2804.56793165762	323.359686547268	2150.32857674498	2227.46988412127	1714.07173720077	1528.20860529568	1600.72562339019	1067.44272826107	3146.05591517319	1327.83456931616	1516.60383011187	2144.13517354099	633.270732905684	4116.70123253201	1310.03315710607	537.730167461679	5225.26518402976	1717.46138796157	325.227182772404	3466.45514945284	2386.38654417796	538.942731745228	6582.996088444	1310.75207920461	1179.57153340169	2601.17407872402	2426.42972020803	2257.9433747137	2350.48067876594
6646.75981764327	6023.86211084903	2663.00858013284	4428.47093279237	0	3406.72948860214	3584.1114939915	3166.64056642079	6027.02176997864	4681.59392823692	1186.02700536056	2017.44785875642	6387.25089151422	7154.46705957157	3930.53251214864	3221.67585663423	3381.82395901062	8189.05152305905	4128.71717700798	3794.12311142297	3990.4976916413	9041.57292813375	4680.05781559493	2649.64340945092	938.71527249403	3626.96488442185	5462.58623998099	5265.50607795041	4096.24784550857	6164.79631271268	5474.25755568118	4993.60553791812	3595.39853733001	3071.44554853761	4681.04878865507	3863.38927304718	8362.58511536994	5809.73644101562	2581.29429768402	4741.54633276439	6345.2472630184	4866.3961708277	6342.59481247339	4552.05831128154	4323.47949168729	4294.73698830718	4637.03626037629	4296.66223536259	7331.96248061006	5997.28651054961	2699.85585572288	5942.05829787984	4431.46075963652	6041.06598983494	2509.01009623642	4198.14562206642	6135.4297185784	7118.40748568197	6950.04269534852	7058.19422926052	5631.5615016955	3422.75051198883	5195.12468015246	4428.17408331311	7551.73907097137	5703.12579080137	5441.92591363032	6098.31186472441	5465.19493955632	5196.99825344573	7452.44527919408	5842.54719135613	4680.11436652329	4483.22480869022	5628.39497745314	5767.19481557722	5956.67953808805	5608.65042780979	5495.91366105343	5263.6622585548	5741.93602474553	5945.07476290424	3200.57725790501	4991.08599700808	8545.17216532438	4329.40340415249	4194.01302647809	796.794251237397	3076.91390772855	4682.58436472477	7894.92608224521	6407.61031542917	4340.71343047094	2154.52515565163	4330.61887432458	4695.30451962684	3165.99318440348	2823.63512350975	3272.04758981338	3049.12131367891
3796.7312806823	3173.83357388807	1387.89746660363	1578.4423958314	3406.72948860214	0	734.082957030539	452.779037108025	3176.99323301767	1831.56539127596	3921.54380661303	5424.17734735855	6579.24053424221	4304.43852261061	1080.50397518768	185.053631967906	1636.58297102624	5339.02298609808	1832.12236037318	387.393622820831	583.768203039166	6191.54439117279	1830.02927863397	833.596683068879	2468.01421610811	2145.22916964775	2612.55770302003	2415.47754098944	689.51835690643	3314.76777575171	2067.52806707904	2143.57700095716	635.25523286226	4736.4019535744	1831.0202516941	1646.26000106134	5512.55657840897	2959.70790405465	3569.58791132895	3584.7822689912	3495.21872605744	2016.36763386673	3492.56627551242	1702.02977432058	4052.71268066829	4111.84661641444	4007.7370710837	4134.88449227463	4481.93394364909	3902.25881208845	3057.60514617288	3092.02976091887	1581.43222267555	2634.3365012328	897.719392365716	2087.99318554334	3285.40118161743	4268.37894872101	4100.01415838755	4208.16569229956	2781.53296473454	819.903164576444	2345.0961431915	1021.44459471097	4701.71053401041	2853.09725384041	8848.65540223246	3248.28332776344	2615.16640259536	2346.96971648477	4602.41674223312	3075.84286108335	1830.08582956232	2421.60350617071	2778.36644049217	2917.16627861626	3106.65100112709	2758.62189084882	2645.88512409247	3417.33084459893	2891.90748778456	3095.04622594327	2415.41010296672	2141.05746004711	5695.14362836342	1581.3080865318	1343.98448951713	3646.82278819836	1988.7363173873	1832.5558277638	5044.89754528424	3557.5817784682	1490.68489350998	5004.55369261259	1582.02700863034	1845.27598266587	1022.73168289261	847.987324376623	679.500978882294	772.038282934542
3062.64832365177	2439.75061685753	1492.43468849575	844.359438800863	3584.1114939915	734.082957030539	0	557.316259000145	2442.91027598714	1097.48243424542	4026.08102850514	5528.71456925067	6683.77775613433	3570.35556558007	449.592604604238	552.522677627731	1741.12019291836	4604.94002906754	1936.6595822653	528.638653249112	796.616235699539	5457.46143414225	1095.94632160343	1567.67964009942	2808.9548573134	2249.76639153987	1878.47474598949	1681.39458395891	1374.03711019294	2580.68481872117	1962.99084518692	1409.49404392662	98.8277241682792	4840.93917546652	1096.93729466357	2380.34295809188	4778.47362137844	2225.62494702411	3674.12513322107	3689.31949088332	2761.1357690269	1282.28467683619	2758.48331848188	967.94681729004	4157.24990256041	4216.38383830656	4112.27429297582	4239.42171416675	3747.85098661855	4006.79603398057	3162.142368065	2357.94680388833	847.349265645015	2529.79927934068	1346.44983307162	2192.53040743546	2551.31822458689	3766.10936029792	3789.67048753016	4081.47869260698	2047.450007704	924.440386468564	1611.01318616096	916.90737281885	3967.62757697987	2119.01429680987	8953.19262412458	2514.2003707329	1881.08344556482	1612.88675945423	3868.33378520258	3180.38008297547	1096.00287253178	2526.14072806283	2603.28203543912	2183.08332158572	2372.56804409655	2024.53893381829	1911.80216706193	3521.86806649105	2157.82453075402	2360.96326891274	2519.94732485884	1406.97450301657	4961.06067133288	1685.84530842392	609.901532486588	4380.9057452289	2093.27353927942	1098.47287073327	4310.8145882537	2823.49882143766	756.601936479438	5738.63664964313	1686.56423052246	1111.19302563534	1756.81463992315	1582.07028140716	1413.58393591283	1506.12123996508
3480.11925122248	2857.22154442824	935.118429495608	1261.83036637158	3166.64056642079	452.779037108025	557.316259000145	0	2860.38120355785	1514.95336181613	3468.764769505	4971.39831025053	6126.46149713418	3987.82649315078	763.891945727851	267.725405140119	1183.80393391822	5022.41095663826	1379.34332326515	840.172659928857	1036.54724014719	5874.93236171296	1513.41724917414	1150.2087125287	2391.48392974268	1692.45013253973	2295.9456735602	2098.86551152962	1142.29739401446	2998.15574629189	2520.30710418707	1826.96497149733	641.4480858359	4283.62291646637	1514.40822223428	1962.87203052117	5195.94454894915	2643.09587459483	3116.80887422093	3132.00323188317	3178.60669659761	1699.75560440691	3175.9542460526	1385.41774486075	3599.93364356027	3659.06757930642	3554.95803397567	3682.10545516661	4165.32191418927	3449.47977498042	2604.82610906485	2775.41773145904	1264.82019321573	3087.11553834083	928.978905500907	1635.21414843531	2968.7891521576	3951.76691926118	3783.40212892773	3891.55366283973	2464.92093527471	367.124127468418	2028.48411373167	1474.223631819	4385.09850455058	2536.48522438058	8395.87636512443	2931.67129830362	2298.55437313553	2030.35768702494	4285.80471277329	2675.90662493534	1513.47380010249	1968.82446906268	2461.75441103235	2600.55424915643	2790.03897166726	2442.009861389	2329.27309463264	2964.5518074909	2575.29545832474	2778.43419648345	1962.6310658587	1824.44543058729	5378.53159890359	1162.7628377317	1027.3724600573	3963.43481765819	1535.95728027928	1515.94379830398	4728.28551582442	3240.96974900838	1174.07286405015	5321.16572207242	1163.97830790379	1528.66395320605	1339.34371235244	1164.59935383645	996.113008342119	1088.65031239437
619.738047664629	3.15965912960678	3364.0131898458	1598.55083718627	6027.02176997864	3176.99323301767	2442.91027598714	2860.38120355785	0	1557.89984647663	4840.99476461808	4314.31992015169	5073.35195833413	1240.03991366356	2096.48925783	2995.43295361487	2645.19781096802	4190.22963519272	1898.30459297066	2971.54892923625	3239.52651168668	3014.55115815511	1557.94143465432	4010.58991608655	5251.86513330053	2400.05688555679	2915.96822569036	3140.21391106124	3816.94738618008	521.784654059667	3682.24277716066	1033.41623206052	2541.73800015542	3230.51337766632	1559.88269232352	4823.25323407902	2335.5633453913	217.285328963024	3445.72747229462	2078.89369308313	1902.34755452756	1204.91389523428	1902.55024025448	1474.9634586971	2546.82410476022	2605.95804050637	2501.84849517562	2628.99591636656	1304.94071063142	2396.37023618038	3327.16591425576	1731.96195620957	1944.23527131357	4140.22507714088	3789.36010905876	1828.87614791222	2995.62790023381	2155.68356249772	2179.24468972997	2471.05289480679	2927.5042661882	2604.27125798981	2433.69873382595	3118.92209503476	1524.71730099273	323.895979177269	7342.76682632438	3880.75735794324	2915.66656369792	2433.80508925054	3406.13504558795	1569.95428517528	1557.97333302961	1543.79696128842	992.85623763893	479.458090718426	70.3422318905881	418.371342168851	725.359062816949	1911.44226869085	285.085745233114	110.94416240502	2826.44451207363	1035.93577297056	2518.15039534574	1697.61836582615	1833.00874350055	6823.81602121604	2950.10786225009	1559.84082925475	1867.90431226657	1151.77289769561	1773.55637822757	8181.54692563027	1696.40289565406	2414.18517988404	4199.72491591029	4024.9805573943	3856.49421189997	3949.03151595222
1965.16588940635	1556.8288647381	2018.58534810408	323.286199994285	4681.59392823692	1831.56539127596	1097.48243424542	1514.95336181613	1557.89984647663	0	3973.55507718158	5476.1886179271	6631.25180481076	2472.87313133465	751.06141608828	1650.00511187315	1688.5942415948	3507.45759482213	1884.13363094173	1626.12108749453	1894.09866994496	4359.97899989683	1.53611264199162	2665.16207434484	3906.43729155881	2197.24044021631	1358.06837921373	1582.31406458461	2471.51954443836	1483.20238447576	2336.81493541895	951.523014222831	1196.3101584137	4788.41322414295	1.98284584689588	3477.8253923373	3680.99118713302	1361.10548042288	3621.59918189751	3636.79353955975	1663.65333478148	352.985951242344	1661.00088423646	129.535616955378	4104.72395123684	4163.857886983	4059.74834165225	4186.89576284318	2650.36855237313	3954.270082657	3109.61641674143	1260.46436964291	386.335424836943	2582.32523066425	2443.93226731704	2140.00445611189	1453.83579034147	3713.58340897435	3737.1445362066	4028.95274128341	1369.60441971158	1258.84341624809	875.79888734932	1773.49425329304	2870.14514273445	1428.72565775582	8900.66667280101	2322.85751146662	1357.76671722129	875.905242773914	2770.85135095716	3127.85413165191	1.47956171363683	2473.61477673926	2550.75608411556	2037.35793719505	1534.7415182931	1924.01182338447	832.540783659678	3469.34211516748	1651.12076931044	1668.84400888165	2467.42137353528	956.556932899968	3863.57823708746	1633.31935710035	487.58090175883	5478.38817947432	2040.74758795585	1.94098277811929	3213.33215400829	2709.67274417224	340.88049776598	6836.11908388855	1634.0382791989	856.28533340741	2854.29707416857	2679.55271565258	2511.06637015825	2603.6036742105
5460.73281228271	4837.83510548847	2533.64634000939	3650.26887718729	1186.02700536056	3921.54380661303	4026.08102850514	3468.764769505	4840.99476461808	3973.55507718158	0	1502.63354074553	5201.22388615366	5968.44005421101	3576.48842390091	3736.49017464512	2284.96083558678	7003.02451769849	2942.69017164742	4308.93742943386	4505.31200965219	7855.54592277319	3973.59666535927	3164.45772746181	1453.52959050492	2440.93787906129	5331.62345639531	5555.86914176619	4611.06216351945	4978.76930735212	5989.07187369207	3807.57853255756	4110.2128553409	1885.41854317705	3975.53792302847	4378.20359105807	7176.55811000938	4623.70943565506	1395.26729232346	3555.51932740383	5159.22025765784	3680.36916546714	5156.56780711283	3861.92792292216	3137.45248632673	3108.70998294662	3451.00925501572	3110.63523000203	6145.93547524949	4811.25950518905	1513.82885036232	4756.03129251927	4359.89050201852	6555.88030784583	3023.82441424731	3012.11861670586	5411.28313093875	5932.38048032141	5764.01568998796	5872.16722389996	5343.15949689315	3101.64064203658	4849.3539645309	4942.988401324	6365.71206561081	4517.09878544081	4927.11159561943	6296.41258864819	5331.32179440287	4849.46031995549	6266.41827383352	4656.52018599557	3973.62856373456	3297.19780332966	4442.36797209258	4581.16781021666	4770.65253272749	4422.62342244923	4309.88665569287	4077.63525319424	4555.90901938497	4759.04775754368	2014.55025254445	3805.05899164752	7359.14515996382	3143.37639879193	4187.99904464897	1982.82125659796	1932.80748922572	3975.4960599597	6708.89907688465	5221.58331006861	4189.21160893252	3340.55216101219	3144.59186896402	4829.84041058899	3680.80750241437	3338.44944152064	3786.86190782427	3563.9356316898
4934.05796781631	4311.16026102208	4036.27988075492	5152.90241793282	2017.44785875642	5424.17734735855	5528.71456925067	4971.39831025053	4314.31992015169	5476.1886179271	1502.63354074553	0	4674.54904168727	5441.76520974462	5079.12196464643	5239.12371539064	3787.59437633231	8108.5184066432	3592.05498698537	5811.57097017938	6007.94555039772	7328.8710783068	5476.23020610479	4667.09126820733	2956.16313125045	3278.9481777108	6834.25699714084	7058.50268251171	6113.69570426498	4452.09446288572	7491.70541443759	4524.66560370427	5612.84639608643	1358.74369871066	5478.171463774	5880.83713180359	6649.88326554299	4115.08313750422	1854.5894360296	3028.84448293744	5820.63632597803	5123.20266668476	5820.83901170496	5364.56146366768	2610.77764186034	2582.03513848023	2924.33441054933	2583.96038553563	5619.2606307831	4284.58466072265	2366.57220118567	5650.25072766005	5862.52404276405	8058.51384859135	4526.45795499283	3336.18416181521	6913.91667168428	5405.70563585502	5237.34084552156	5345.49237943357	6845.79303763868	4604.27418278211	6351.98750527642	6445.62194206952	5839.03722114442	4047.46296017128	3424.47805487391	7799.04612939372	6833.9553351484	6352.09386070102	7324.42381703843	4129.84534152917	5476.26210448009	3002.57384118784	3915.69312762618	4054.49296575027	4243.9776882611	3895.94857798283	4643.64783426743	3550.96040872784	4029.23417491857	4232.37291307728	3008.76724439183	4519.63168502714	6832.47031549743	3842.86926082675	5690.6325853945	2753.13965947019	3435.44102997125	5478.12960070522	6182.22423241825	4694.90846560221	5691.84514967805	3867.22700547858	3842.15033872821	6332.47395133451	5183.4410431599	4841.08298226617	5289.49544856979	5066.56917243533
5502.89573201724	5074.42294007266	5191.34306763857	6307.96560481648	6387.25089151422	6579.24053424221	6683.77775613433	6126.46149713418	5073.35195833413	6631.25180481076	5201.22388615366	4674.54904168727	0	6313.39187199769	6234.18515153009	6394.1869022743	4942.65756321596	9263.58159352685	4747.11817386903	6966.63415706304	7163.00873728137	7729.10331476405	6631.29339298845	5822.15445509099	5612.09425483611	4434.01136459445	7989.32018402449	8213.56586939537	7268.75889114864	5595.1366123938	8646.76860132125	5679.72879058793	6767.90958297008	3315.80534297661	6633.23465065766	7035.90031868725	3626.26588292525	5270.14632438788	3805.9565938302	2994.45826525101	6975.69951286169	6278.26585356842	6975.90219858861	6519.62465055134	2526.52785357392	2467.39391782777	2571.50346315851	2444.35604196758	5818.6990231629	2676.98172215376	3687.39503579134	6805.3139145437	7017.5872296477	9213.57703547501	5681.52114187649	4491.24734869887	8068.97985856794	2917.66839583641	2894.10726860416	2602.29906352735	8000.85622452234	5759.33736966576	7507.05069216008	7600.68512895318	4249.65693238833	5202.52614705494	4023.33035644666	8954.10931627738	7989.01852203205	7507.15704758467	8479.48700392209	3503.39767315885	6631.32529136374	4157.6370280715	4080.4957206952	4593.89386761571	5096.51028651766	4707.23998142629	5798.71102115108	3161.90968964328	4980.13103550032	4962.40779592911	4163.83043127548	5674.69487191079	6041.55527298395	4997.93244771041	6845.69577227815	7184.04514275162	4590.50421685491	6633.19278758888	4986.75671806976	3921.57906063852	6846.9083365617	8541.77604716585	4997.21352561186	7487.53713821817	6338.50423004355	5996.14616914982	6444.55863545345	6221.63235931899
810.496139980452	1238.96893192503	4491.45847943873	2725.9961267792	7154.46705957157	4304.43852261061	3570.35556558007	3987.82649315078	1240.03991366356	2472.87313133465	5968.44005421101	5441.76520974462	6313.39187199769	0	3223.93454742293	4122.8782432078	3772.64310056095	2950.18972152916	3025.74988256359	4098.99421882918	4366.97180127961	1887.10586856218	2474.40924397664	5138.03520567949	6379.31042289346	3527.50217514972	1691.88081959058	1900.17399739768	4944.39267577301	989.670746858894	4809.6880667536	2160.86152165345	3669.18328974835	4470.55329132988	2473.4182709165	5950.69852367195	2687.12598907244	1344.73061855596	4573.17276188755	3318.93360674668	809.219796553168	2288.07088874388	811.872247098185	2602.40874829003	3786.86401842377	3845.99795416992	3741.88840883918	3869.03583003011	494.692848834795	3636.41014984393	4454.61120384869	1212.40876169174	2723.00629993505	3714.45369496292	4916.80539865169	2956.32143750515	1755.58798657025	3395.72347616128	3419.28460339353	3711.09280847034	1687.46435252465	3731.71654758274	1959.34237941911	4246.36738462769	2063.73493960936	1451.3412687702	8582.80673998794	2640.71744427969	1689.27212001525	1957.46880612584	2166.0951319244	2809.99419883884	2474.35269304829	2671.24225088135	2232.89615130249	1719.49800438198	1216.88158548003	1606.1518905714	1658.55339851814	3151.48218235441	1412.53103482605	1350.98407606858	3953.88980166656	2163.3810625635	1390.70510575281	2825.06365541908	2960.45403309348	7951.26131080897	4077.55315184302	2471.8826948468	1326.63515392793	2391.81281135917	2813.75362910063	9308.9922152232	2823.84818524699	2459.16253994473	5327.17020550322	5152.42584698723	4983.9395014929	5076.47680554515
2716.22730549463	2093.32959870039	1267.5239320158	497.938420643725	3930.53251214864	1080.50397518768	449.592604604238	763.891945727851	2096.48925783	751.06141608828	3576.48842390091	5079.12196464643	6234.18515153009	3223.93454742293	0	898.943695784869	1291.52758831413	4258.51901091041	1487.06697766106	875.05967140625	1143.03725385668	5111.04041598511	749.525303446288	1914.10065825656	3155.37587547053	1800.17378693564	1755.1350324944	1979.38071786528	1720.45812835008	2234.26380056404	2412.58344979116	1063.07302576948	533.724431439993	4391.34657086228	750.516276506428	2726.76397624902	4432.0526032213	1879.20392886697	3224.53252861683	3239.72688627908	2414.71475086976	935.863658679055	2412.06230032474	621.525799132902	3707.65729795617	3766.79123370232	3662.68168837158	3789.82910956251	3401.42996846141	3557.20342937633	2712.54976346076	2011.52578573119	783.402078117614	2979.39188394492	1692.87085122876	1742.93780283122	2204.89720642975	3316.51675569368	3340.07788292593	3631.88608800274	1766.67107299225	507.782000159813	1272.86554062999	1366.49997742309	3621.20655882273	1772.59327865273	8503.60001952034	2719.92416474729	1754.83337050196	1272.97189605459	3521.91276704544	2730.78747837124	749.581854374643	2076.54812345859	2153.68943083489	1836.66230342858	2026.14702593941	1678.11791566115	1565.38114890479	3072.27546188681	1811.40351259688	2014.5422507556	2070.35472025461	1060.55348485943	4614.63965317574	1236.25270381968	611.510620748065	4727.32676338604	1643.68093467518	752.051852576128	3964.39357009657	2477.07780328053	612.723185031615	6085.05766780027	1236.97162591822	1253.35198668808	2103.23565808029	1928.4912995643	1760.00495406997	1852.54225812222
3615.1710012795	2992.27329448526	1202.84383463573	1396.88211642859	3221.67585663423	185.053631967906	552.522677627731	267.725405140119	2995.43295361487	1650.00511187315	3736.49017464512	5239.12371539064	6394.1869022743	4122.8782432078	898.943695784869	0	1451.52933905834	5157.46270669528	1647.06872840527	572.447254788737	768.821835007072	6009.98411176998	1648.46899923116	1015.15696247169	2282.9605841402	1960.17553767985	2430.99742361722	2233.91726158664	874.571988874336	3133.2074963489	2252.58169904695	1962.01672155435	453.694953459452	4551.34832160649	1649.4599722913	1827.82028046415	5330.99629900617	2778.14762465184	3384.53427936105	3399.72863702329	3313.65844665463	1834.80735446392	3311.00599610961	1520.46949491777	3867.65904870039	3926.79298444654	3822.68343911579	3949.83086030673	4300.37366424628	3717.20518012054	2872.55151420497	2910.46948151606	1399.87194327275	2819.39013320071	793.927155443889	1902.93955357543	3103.84090221462	4086.8186693182	3918.45387898474	4026.60541289675	2599.97268533173	634.849532608538	2163.53586378869	1206.49822667888	4520.1502546076	2671.5369744376	8663.60177026455	3066.72304836063	2433.60612319255	2165.40943708196	4420.85646283031	2890.78922911545	1648.52555015951	2236.5498742028	2596.80616108936	2735.60599921345	2925.09072172428	2577.06161144602	2464.32484468966	3232.27721263102	2710.34720838175	2913.48594654047	2230.35647099882	1959.4971806443	5513.58334896061	1396.25445456389	1162.42421011432	3828.38306760117	1803.6826854194	1650.995548361	4863.33726588144	3376.02149906539	1309.12461410717	5186.1139720154	1396.97337666244	1663.71570326307	1204.29196229542	1029.54760377943	861.061258285102	953.598562337349
3264.93585863265	2642.03815183841	718.81537887778	1365.30804160051	3381.82395901062	1636.58297102624	1741.12019291836	1183.80393391822	2645.19781096802	1688.5942415948	2284.96083558678	3787.59437633231	4942.65756321596	3772.64310056095	1291.52758831413	1451.52933905834	0	4807.22756404842	746.893217997359	2023.97659384707	2220.35117406541	5659.74896912313	1688.63582977249	1365.39210511854	2606.66732233252	508.646198621511	3046.66262080853	3270.9083061794	2326.10132793267	2782.97235370205	3704.11103810529	1611.7815789075	1825.25201975412	3099.81898254815	1690.57708744169	2178.055423111	4980.76115635932	2427.91248200499	1933.00494030271	1948.19929796496	2963.42330400778	1484.57221181707	2960.77085346276	1576.96708733538	2416.12970964205	2475.2636453882	2371.15410005745	2498.30152124839	3950.13852159943	2615.46255153899	1421.02217514664	2560.23433886921	2074.92966643174	4270.91947225905	1144.16229809074	816.321663055794	3126.32229535197	3736.58352667135	3568.21873633789	3676.3702702499	3058.19866130637	816.6798064498	2564.39312894412	2658.02756573721	4169.91511196075	2321.30183179075	7212.07243120621	4011.45175306141	3046.36095881609	2564.49948436871	4070.62132018346	2460.7232323455	1688.66772814778	1101.4008496796	2246.57101844251	2385.3708565666	2574.85557907743	2226.82646879917	2114.08970204281	1881.83829954417	2360.1120657349	2563.25080389362	778.82713194048	1609.26203799745	5163.34820631376	947.579445141867	1903.03820906219	4178.61821024802	352.153346361058	1690.53522437292	4513.10212323458	3025.78635641854	1904.25077334574	5536.34911466225	948.794915313961	2544.87957500221	1554.52710494227	1379.78274642628	1501.90107223749	1303.8337049842
3760.68586150962	4189.15865345419	5526.0429429262	3760.58059026668	8189.05152305905	5339.02298609808	4604.94002906754	5022.41095663826	4190.22963519272	3507.45759482213	7003.02451769849	8108.5184066432	9263.58159352685	2950.18972152916	4258.51901091041	5157.46270669528	4807.22756404842	0	4516.46341965782	5133.57868231666	5401.55626476708	1534.4782787628	3508.99370746412	6172.61966916696	7413.89488638094	4829.5702289324	2726.46528307805	2923.54544510864	5978.97713926049	3668.44498113305	5844.27253024107	3583.85280293892	4703.76775323582	7420.74301285904	3508.00273440398	6985.28298715942	5637.3157106016	3993.43526913898	6253.9289706136	6269.12332827585	2287.88208066516	3322.65535223135	2287.67939493824	3636.9932117775	6737.05373995294	6796.18767569909	6692.07813036834	6819.22555155928	3444.88257036396	6586.5998713731	5741.94620545753	2458.26767898315	3757.59076342253	4749.0381584504	5951.38986213916	4772.33424482798	2053.62180448065	6345.91319769044	6369.47432492269	6661.28252999951	2557.49002136355	4766.30101107022	2993.92684290659	5280.95184811517	5013.92466113853	4061.05544647191	11532.9964615171	2090.73965833464	2723.85658350272	2992.05326961331	784.094589604768	5760.183920368	3508.93715653576	5105.94456545535	5183.08587283165	4669.68772591115	4167.07130700919	4556.34161210056	3464.87057237577	6101.67190388357	4283.45055802653	4301.17379759774	5099.75116225137	3588.88672161606	3222.0263205429	4265.64914581644	3995.03849658096	8985.84577429645	5112.1376153305	3506.46715833428	4276.82487545709	5342.00253288833	3848.33809258811	10343.5766787107	4266.36806791499	3493.74700343221	6361.7546689907	6187.0103104747	6018.52396498038	6111.06126903263
2518.04264063529	1895.14493384105	1465.70859687514	1560.84743094745	4128.71717700798	1832.12236037318	1936.6595822653	1379.34332326515	1898.30459297066	1884.13363094173	2942.69017164742	3592.05498698537	4747.11817386903	3025.74988256359	1487.06697766106	1647.06872840527	746.893217997359	4516.46341965782	0	2219.51598319401	2415.89056341234	4912.85575112577	1884.17521911942	2112.2853231159	3353.56054032987	501.752292586133	3242.20201015546	3466.44769552634	2521.64071727961	2036.07913570469	3899.65042745222	932.610616718899	2020.79140910105	2904.27959320122	1886.11647678863	2924.94864110836	4233.86793836196	1681.01926400763	1737.46555095578	1752.65990861802	2228.58133899266	1531.14767969939	2228.78402471958	1772.50647668231	2220.59032029511	2279.72425604127	2175.61471071052	2302.76213190145	3203.24530360207	2070.13645171527	1428.8613212851	2058.19574067467	2270.46905577867	4466.45886160598	1891.0555160881	255.870825170162	3321.86168469891	2989.69030867399	2821.32551834053	2929.47705225254	3253.73805065331	1012.21919579673	2759.93251829105	2853.56695508415	3423.02189396339	1574.40861379339	7016.53304185928	4206.99114240835	3241.90034816302	2760.03887371564	3732.36883005306	1713.83001434814	1884.20711749471	589.48114579753	1499.67780044515	1638.47763856924	1827.96236108007	1479.93325080181	1367.19648404545	1585.20848422575	1613.21884773754	1816.35758589626	928.139919102974	927.576698041761	4416.4549883164	250.814273841379	2098.57759840912	4925.51142824538	1051.80326927943	1886.07461371985	3766.20890523722	2278.89313842118	2099.79016269267	6283.24233265961	250.095351742834	2740.41896434914	2301.42032293963	2126.67596442364	1958.18961892931	2050.72692298156
3591.28697690088	2968.38927010664	1775.29108942446	1372.99809204998	3794.12311142297	387.393622820831	528.638653249112	840.172659928857	2971.54892923625	1626.12108749453	4308.93742943386	5811.57097017938	6966.63415706304	4098.99421882918	875.05967140625	572.447254788737	2023.97659384707	5133.57868231666	2219.51598319401	0	267.977582450428	5986.10008739136	1624.58497485254	1144.47970197205	2855.40783892894	2532.62279246859	2407.1133992386	2210.03323720802	845.398456943832	3109.32347197029	1680.13444425821	1938.13269717573	429.810929080832	5123.79557639523	1625.57594791268	1851.70430484277	5307.11227462755	2754.26360027322	3956.98153414978	3972.17589181203	3289.77442227601	1810.9233300853	3287.12197173099	1496.58547053915	4440.10630348912	4499.24023923527	4395.13069390453	4522.27811509546	4276.48963986766	4289.65243490928	3444.99876899371	2886.58545713744	1375.98791889413	2246.94287841197	1285.11301518655	2475.38680836417	3079.956877836	4062.93464493958	4072.52688845888	4364.33509353569	2576.08866095311	1207.29678739728	2139.65183941007	634.050971890139	4496.26623022898	2647.65295005898	9236.04902505329	3042.83902398201	2409.72209881393	2141.52541270334	4396.97243845169	3463.23648390419	1624.64152578089	2808.99712899154	2886.13843636784	2711.72197483483	2901.20669734566	2553.1775870674	2440.44082031104	3804.72446741976	2686.46318400313	2889.60192216185	2802.80372578755	1935.61315626568	5489.69932458199	1968.70170935263	1138.5401857357	3852.26709197979	2376.12994020813	1627.11152398238	4839.45324150282	3352.13747468678	1285.24058972855	5209.99799639402	1969.42063145117	1639.83167888445	1228.17598667404	1053.43162815805	884.945282663721	977.482586715969
3859.2645593513	3236.36685255707	1971.6656696428	1640.9756745004	3990.4976916413	583.768203039166	796.616235699539	1036.54724014719	3239.52651168668	1894.09866994496	4505.31200965219	6007.94555039772	7163.00873728137	4366.97180127961	1143.03725385668	768.821835007072	2220.35117406541	5401.55626476708	2415.89056341234	267.977582450428	0	6254.07766984179	1892.56255730297	1340.85428219039	3051.78241914727	2728.99737268692	2675.09098168903	2478.01081965845	577.420874493404	3377.30105442071	1483.75986403988	2206.11027962616	697.78851153126	5320.17015661356	1893.55353036311	1583.72672239234	5575.08985707798	3022.24118272365	4153.35611436812	4168.55047203037	3557.75200472644	2078.90091253573	3555.09955418142	1764.56305298958	4636.48088370746	4695.61481945361	4591.50527412286	4718.6526953138	4544.46722231809	4486.02701512762	3641.37334921205	3154.56303958787	1643.96550134455	2050.56829819364	1481.48759540488	2671.7613885825	3347.93446028643	4330.91222739001	4268.90146867721	4560.70967375403	2844.06624340354	1403.67136761561	2407.6294218605	437.676391671804	4764.24381267941	2915.63053250941	9432.42360527162	3310.81660643244	2677.69968126436	2409.50299515377	4664.95002090212	3659.61106412252	1892.61910823132	3005.37170920987	3082.51301658617	2979.69955728526	3169.18427979609	2821.15516951783	2708.41840276147	4001.09904763809	2954.44076645356	3157.57950461227	2999.17830600589	2203.59073871611	5757.67690703242	2165.07628957096	1406.51776818613	3584.28950952936	2572.50452042647	1895.08910643281	5107.43082395324	3620.1150571372	1553.21817217898	4942.02041394359	2165.79521166951	1907.80926133488	960.198404223614	1166.86256813155	718.450101827923	941.376377962388
2394.81311049048	3017.71081728472	6378.56434800091	4613.10199534138	9041.57292813375	6191.54439117279	5457.46143414225	5874.93236171296	3014.55115815511	4359.97899989683	7855.54592277319	7328.8710783068	7729.10331476405	1887.10586856218	5111.04041598511	6009.98411176998	5659.74896912313	1534.4782787628	4912.85575112577	5986.10008739136	6254.07766984179	0	4361.51511253882	7025.14107424167	8266.41629145564	5414.6080437119	3578.98668815276	3776.06685018334	6831.49854433519	2876.77661542107	6696.79393531578	4047.96739021563	5556.28915831053	5970.12737959614	4360.52413947868	7837.80439223413	4102.8374318388	3231.83648711813	6460.27863044973	4734.64504951305	2696.32566511535	4175.17675730606	2698.97811566036	4489.51461685221	5202.57546119014	5261.70939693629	5157.59985160554	5284.74727279648	1910.40429160116	5052.1215926103	6341.71707241087	3099.51463025392	4610.11216849723	5601.5595635251	6803.91126721387	4843.42730606733	2906.14320955536	4811.43491892765	4834.99604615989	5126.80425123671	3410.01142643825	5618.82241614492	3846.44824798129	6133.47325318987	3479.44638237573	3338.44713733238	9998.5181827543	2943.26106340934	3576.37798857743	3844.57467468802	1589.12764893967	4225.7056416052	4361.45856161047	4558.34811944353	3648.60759406885	3274.37811255653	3084.8933900457	3432.92250032396	3545.65926708032	4567.19362512077	3299.63690338823	3096.49816522951	5840.99567022874	4050.48693112567	1687.5480417801	4712.16952398126	4847.55990165566	9838.36717937115	5964.6590204052	4358.98856340898	2742.34659669429	3807.52425412553	4700.85949766281	11196.0980837854	4710.95405380917	4346.26840850691	7214.2760740654	7039.53171554941	6871.04537005508	6963.58267410733
1966.70200204834	1556.87045291579	2017.04923546209	323.327788171974	4680.05781559493	1830.02927863397	1095.94632160343	1513.41724917414	1557.94143465432	1.53611264199162	3973.59666535927	5476.23020610479	6631.29339298845	2474.40924397664	749.525303446288	1648.46899923116	1688.63582977249	3508.99370746412	1884.17521911942	1624.58497485254	1892.56255730297	4361.51511253882	0	2663.62596170284	3904.90117891682	2197.282028394	1358.02679103604	1582.27247640692	2469.98343179637	1484.73849711775	2335.27882277695	951.56460240052	1194.77404577171	4788.45481232064	1.94125766920604	3476.28927969531	3682.52729977501	1361.14706860058	3621.6407700752	3636.83512773744	1665.18944742347	353.027539420034	1662.53699687846	127.999504313386	4104.76553941453	4163.89947516068	4059.78992982994	4186.93735102087	2651.90466501512	3954.31167083469	3109.65800491912	1262.00048228491	386.293836659253	2582.28364248656	2442.39615467505	2140.04604428958	1455.37190298347	3713.62499715204	3737.18612438429	4028.9943294611	1369.56283153389	1257.3073036061	875.75729917163	1771.95814065105	2871.68125537644	1428.76724593351	8900.7082609787	2322.81592328893	1357.7251290436	875.863654596225	2772.38746359915	3127.8957198296	0.0565509283547954	2473.65636491695	2550.79767229325	2037.39952537274	1534.78310647079	1924.05341156216	832.582371837368	3469.38370334517	1651.16235748813	1668.88559705934	2467.46296171297	956.598521077658	3865.11434972945	1633.36094527804	486.044789116838	5476.85206683233	2040.78917613354	2.52654912983951	3214.86826665028	2709.71433234993	339.344385123989	6834.58297124656	1634.07986737659	856.24374522972	2852.76096152658	2678.01660301059	2509.53025751626	2602.06756156851
