0	4842.35564013141	4707.40992708738	4059.58910910931	3369.67880893242	4650.87742750616	3037.06051622341	4648.49611378675	5932.64255626711	2687.62816288294	1293.21978823052	4041.96422981808	674.799733639802	4400.71429682127	4077.32072628923	1939.10130269413	4074.56186923112	1984.82731068841	3228.28320770572	6461.3590724948	4382.08011749302	4333.83888625046	2630.28882294629	3034.87980554438	4331.93257705999	701.736929591182	3713.06988217521	1365.24092735107	4403.08659146275	3207.36397018186	2245.31904851462	705.87401039721	7854.99659514267	2353.48044529429	7258.62606670502	2848.29286345373	1037.98975708787	5598.09525153	4056.75258569791	5967.22560274568	5250.32431389116	4652.12940165001	1939.26641260517	4226.69844136163	5352.92228519931	8760.88855270108	4278.69280772561	403.530200183208	3663.83954329487	4343.7637188282	2893.87830269799	2622.91739914266	2829.42831581618	3334.91887712669	3038.20098923867	4144.78102989543	7007.3346517731	2951.08437007761	1106.8517241539	5086.66037275852	4050.60353091318	3769.161000991	6649.85828966328	6132.00135820901	4040.91779357138	881.092032180773	1013.17497212046	1511.8021640626	932.970839293445	1096.19882750917	3188.4558719487	4814.77076196331	4409.57825030065	5162.90523925418	1833.88919249258	2962.35776250775	3291.2345183057	1819.52164852164	4740.45624562551	4056.16216362078	3311.37018656377	1799.72318557905	2937.95711406282	2668.37415598548	1609.5074700085	3796.96083309949	3248.08163449879	5076.73259682186	1512.51315305803	5193.11503293733	3479.13129428883	2441.83258446398	5636.30136738759	5765.38475692862	4765.87746545905	5165.45911627367	5094.55531916328	2848.58226971561	2949.29500727489	3211.09627102028
4842.35564013141	0	6490.63000603365	3478.33928167884	3005.36473793143	4342.67316227575	4810.15014422586	4342.27073040842	4097.82941304504	3890.80871317815	5017.77572448708	8367.49441446805	5079.62312833886	6183.93437576754	4610.89821685141	3719.63758023403	4610.53939437147	3613.11951503783	5011.503286652	8244.57915144107	4337.91956995575	6117.05896519673	4394.77069740393	4809.21570548011	6115.15265600626	4418.48982676007	5496.28996112148	6006.18325170984	6186.30667040903	4990.58404912814	3467.88897023257	4401.79296582025	4794.45002884492	5162.35234117075	5099.67360111717	4631.51294240001	5437.9210151074	7381.31533047628	5656.15382195225	7750.44568169195	7033.54439283744	4342.62564894974	3718.92928350042	6009.91852030791	7136.14236414558	10544.1086316474	6061.91288667188	4851.00048380746	5447.05962224115	2067.9483504733	2795.47189749226	4406.13747808893	2056.89597420718	3299.4212076325	4811.05382176502	5928.00110884171	8790.55473071938	3366.79326513248	3735.50391597752	4143.61228803027	5833.82360985945	5552.38107993728	8433.07836860956	1735.28658074705	5824.13787251765	3961.26360795064	4944.67085762418	4607.2821922112	4787.33378846689	4473.52428451273	4971.67595089497	6597.99084090959	6192.79832924693	6946.12531820045	6676.24483262399	7804.71340263916	5074.45459725197	3022.83399160978	4627.79299542503	2533.77000451779	5094.59026551005	3310.6886636894	2975.2735882645	2759.75937892782	3232.84817012292	5580.18091204577	4674.85582172319	5603.97311845846	6060.98508228171	1830.06484579428	1695.91121534256	3825.3889198304	5620.49907366541	5376.31386556654	2224.50178882657	6948.67919521995	4877.88206383492	4631.80234866188	3368.04556568625	4994.31634996656
4707.40992708738	6490.63000603365	0	3012.29072435482	3485.26526810222	2147.95684375791	1680.4798618078	2148.35927562523	2392.80059298862	2599.8212928555	4180.04088967314	7529.75957965411	4241.88829352492	1909.53395985298	1879.73178918225	2770.99242579962	1880.09061166219	2877.51049099582	2981.76187553938	1753.94914540742	2152.71043607791	1565.51977257464	2095.85930862972	1681.41430055355	1566.41104264146	4005.6729974962	1914.36985648292	5168.4484168959	1908.01546348352	3270.56341731234	3022.74103580108	4001.53591669017	3850.37578982519	7060.89037238167	3254.00526138755	1859.11706363364	4600.18618029346	2930.76779594726	834.476184081406	2860.57299125892	3225.13275165409	2148.00435708391	2771.70072253323	480.711485725747	773.966186982291	4053.4786256137	2899.34364354869	4303.87972690417	2281.25463283422	4422.68165556035	3695.15810854139	3311.8945087811	4433.73403182647	3191.20879840115	1679.57618426863	1952.08719105791	4459.98926107028	3123.83674090117	4474.0461818587	2347.01771800338	656.806396174202	3772.33547036757	2186.28494510207	4755.3434252866	666.492133516001	5269.62816341198	5720.58489920784	6219.21209114998	5640.38076638082	5803.60875459655	1518.95405513868	4499.41350578531	2570.59704270722	2825.51506204205	5838.50999781005	6966.97856782522	3574.87303212582	5775.09991166671	1862.83701060862	3956.86000151587	3534.20802882646	3179.94134234426	3515.35641776915	3730.87062710583	3483.76292766929	1056.79060440882	1815.77418431046	1072.11179150438	5223.25024746777	4660.56516023937	8186.54122137621	2665.24108620325	1631.68056207011	1760.76395161115	4266.12821720708	2825.62094700736	1612.74794219873	1858.82765737177	3122.5844403474	2917.06512613426
4059.58910910931	3478.33928167884	3012.29072435482	0	689.910300176889	864.33388059691	1331.81086254702	863.931448729585	1873.0534471578	1371.96094622637	4235.00919346498	7584.72788344595	4296.85659731676	2705.59509408871	1132.55893517257	2120.48780641518	1132.20011269263	2074.76179842091	3036.73017933122	4766.23986976224	859.58028827691	2638.7196835179	1429.30028616302	1330.87642380127	2636.81337432742	3635.72329573797	2017.95067944265	5223.41672068774	2707.96738873019	3325.53172110418	1814.27006059469	3619.02643479815	3795.40748603335	4379.58581014865	3199.03695759571	1528.73040178745	4655.15448408529	3902.97604879744	2177.81454027341	4272.10640001312	3555.2051111586	864.286367270905	2120.32269650414	2531.57923862907	3657.80308246675	7065.76934996852	2954.31194734053	4068.23395278536	2336.22293662606	1410.39093120553	1165.71080641132	3366.86281257294	1421.44330747165	724.670231982618	1332.71454008618	2449.66182716287	5312.21544904054	1108.5047390317	2952.73738495542	1027.07126364921	2355.48432818062	3827.30377415941	4954.73908693072	2072.41224909969	2345.79859083882	3178.49707692854	4161.90432660208	3824.5156611891	4004.56725744479	3690.75775349062	1493.33666921614	4554.38180957715	2714.45904756809	3467.78603652162	5893.47830160189	7021.94687161706	3629.84133591766	2762.80918731189	1149.45371374619	944.569277161049	3589.1763326183	2259.86592353026	1121.6319950465	1391.21495312384	2450.08163910082	2101.84163036693	1196.51654004435	2125.63383677962	5278.21855125961	1648.27443588456	5174.25049702139	1617.75652464533	2142.15979198658	1897.97458388771	1253.83749285227	3470.33991354111	1399.54278215608	1527.15372038189	1110.29410183442	2972.0334299261
3369.67880893242	3005.36473793143	3485.26526810222	689.910300176889	0	1337.30842434432	1804.78540629443	1336.90599247699	2562.96374733468	885.44397524672	3545.09889328809	6894.81758326906	3606.94629713987	3178.56963783611	1605.53347891998	1430.57750623829	1605.17465644004	1384.85149824402	2346.81987915433	5239.21441350964	1332.55483202432	3111.69422726531	1389.4059594725	1803.85096754868	3109.78791807483	2945.81299556108	2490.92522319005	4533.50642051085	3180.9419324776	2635.62142092729	1124.3597604178	2929.11613462126	4485.31778621024	3689.67550997176	3888.9472577726	1626.14820446858	3965.24418390841	4375.95059254485	2650.78908402082	4745.08094376052	4028.17965490601	1337.26091101831	1430.41239632725	3004.55378237648	4130.77762621415	7538.74389371592	3056.54814874045	3378.32365260847	2441.69488430972	974.084909895777	475.800506234436	2676.95251239605	948.468763724245	294.05646970107	1805.68908383359	2922.63637091028	5785.18999278795	418.594438854808	2262.82708477853	1716.9815638261	2828.45887192802	3137.39347398252	5427.71363067813	2762.32254927658	2818.77313458622	2488.58677675165	3471.99402642519	3134.60536101221	3314.6569572679	3000.84745331374	1966.31121296354	3864.47150940026	3187.4335913155	3940.76058026903	5203.568001425	6332.03657144017	2939.93103574077	2289.83464356448	1622.4282574936	686.483354688352	2899.26603244141	1569.95562335337	431.721694869608	701.304652946947	1760.17133892393	2574.81617411434	1669.49108379176	2598.60838052703	4588.30825108272	1823.43622400491	4701.27595327399	927.846224468442	2615.13433573398	2395.7059479962	1396.19865652663	3943.31445728852	1872.51732590349	1626.43761073045	420.383801657534	2282.12312974921
4650.87742750616	4342.67316227575	2147.95684375791	864.33388059691	1337.30842434432	0	1613.81691128275	2.38131371940631	1281.76512876095	1963.24926462322	4826.29751186183	8176.01620184279	4888.14491571361	2555.79058204167	573.556701216933	2711.77612481203	576.315558275043	2666.05011681775	3628.01849772807	3901.90598916533	268.797310013136	2211.77639476332	2020.58860455987	1615.99762196178	2212.66766483014	4227.01161413482	2560.62647867161	5814.70503908459	2554.27208567221	3916.82003950102	2405.55837899154	4210.314753195	3204.11916763651	4970.8741285455	2607.74863919886	2120.01872018429	5246.44280248214	3577.02441813594	1313.4806596765	3506.8296134476	3871.38937384278	1.25197414385252	2711.61101490099	1667.24535803216	2793.46920186984	6201.43546937161	3545.60026573737	4659.52227118221	2927.51125502291	2274.72481180244	1756.99912480817	3958.15113096979	2285.77718806856	1315.95855037946	1612.67643826749	2598.3438132466	5106.24588325897	1699.79305742854	3544.02570335226	435.782945252362	1491.15044758371	4418.59209255626	4090.40520633381	2607.3865815287	1481.46471024191	3769.78539532539	4753.19264499893	4415.80397958594	4595.85557584163	4282.04607188747	1827.76182992855	5145.67012797399	3216.85366489591	3471.77168423074	6484.76661999873	7613.23519001391	4221.12965431451	3627.1430679088	285.119833149282	1808.90315775796	4180.46465101514	2851.15424192711	1712.92031344334	1982.50327152068	3041.36995749766	1703.04722659751	1402.79579300737	1261.29995618271	5869.50686965646	2512.60831648147	6038.5843776183	2209.04484304218	1277.82591138967	1114.50732942246	2118.17137344918	3471.87756919605	535.208901559174	2118.44203877874	1701.58242023127	3563.32174832295
3037.06051622341	4810.15014422586	1680.4798618078	1331.81086254702	1804.78540629443	1613.81691128275	0	1611.43559756334	2895.5820400437	919.341431047707	3212.48060057908	6562.19929056004	3274.32800443086	1373.78423154169	1040.26021006582	1097.95921352928	1037.50135300771	1197.03062918803	2014.20158644532	3434.42900721522	1345.01960126961	1306.90882097088	415.379446821924	2.1807106790266	1305.0025117804	2613.19470285207	946.809567388859	4200.88812780184	1376.15652618317	2303.00312821827	1342.26117399329	2596.49784191225	4817.93607891926	5380.41051057387	4221.56555048161	506.201808901544	3632.62589119939	2571.16518625042	1019.6920694745	2940.2955374661	2257.57246256003	1615.0688854266	1097.79410361824	1199.76837608205	2325.99221991972	5733.9584874215	1931.78335445462	3045.70535989946	1313.69434374016	2742.20179375255	2014.67824673359	2344.33421968704	2753.25417001867	1510.72893659336	1.14047301526507	1117.85096461585	3980.40458649352	1443.35687909338	2793.56632005091	2049.59985653511	1023.67346563359	2804.7751812735	3622.9282243837	3094.9408419856	1013.98772829179	3589.14830160419	4040.10503740004	4538.73222934218	3959.90090457303	4123.12889278875	213.944918645795	3531.85321669124	1603.03675361316	2135.9751739746	4870.94970871598	5999.41827873116	2607.31274303176	4094.62004985891	1703.3957294021	2276.38013970807	2566.64773973239	1499.46148053646	1834.87655596136	2050.39076529803	1803.28306586149	770.030767819913	211.021118275379	2039.67208059845	4255.68995837371	2980.08529843158	6506.06135956841	984.761224395458	2599.24085116418	2728.32424070521	2585.64835539929	2138.52905099409	2057.49480293987	504.625127495986	1442.1045785396	1949.5048370402
4648.49611378675	4342.27073040842	2148.35927562523	863.931448729585	1336.90599247699	2.38131371940631	1611.43559756334	0	1284.14644248036	1960.86795090381	4823.91619814242	8173.63488812339	4885.7636019942	2553.40926832226	571.175387497527	2709.39481109262	573.934244555637	2663.66880309835	3625.63718400866	3902.30842103265	266.415996293729	2209.39508104392	2018.20729084046	1613.61630824237	2210.28635111074	4224.63030041541	2558.2451649522	5812.32372536518	2551.8907719528	3914.43872578162	2403.17706527213	4207.93343947559	3206.50048135591	4968.49281482609	2610.12995291827	2117.63740646489	5244.06148876273	3574.64310441654	1313.88309154383	3504.44829972819	3869.00806012337	3.63328786325883	2709.22970118158	1667.64778989948	2793.87163373716	6201.83790123893	3543.21895201797	4657.1409574628	2925.1299413035	2274.32237993512	1754.61781108877	3955.76981725038	2285.37475620124	1313.57723666006	1610.29512454808	2595.96249952719	5103.86456953956	1697.41174370914	3541.64438963286	438.164258971769	1491.55287945103	4416.21077883685	4090.80763820113	2606.98414966137	1481.86714210923	3767.40408160598	4750.81133127952	4413.42266586654	4593.47426212223	4279.66475816806	1825.38051620914	5143.28881425459	3214.4723511765	3469.39037051133	6482.38530627933	7610.8538762945	4218.7483405951	3626.74063604147	285.522265016607	1808.50072589063	4178.08333729574	2848.7729282077	1710.53899972394	1980.12195780128	3038.98864377826	1700.6659128781	1400.41447928796	1261.70238805003	5867.12555593705	2512.20588461414	6038.18194575098	2206.66352932277	1278.22834325699	1116.88864314187	2117.76894158185	3469.49625547664	535.611333426499	2116.06072505933	1699.20110651186	3560.94043460354
5932.64255626711	4097.82941304504	2392.80059298862	1873.0534471578	2562.96374733468	1281.76512876095	2895.5820400437	1284.14644248036	0	3245.01439338417	6108.06264062278	9457.78133060374	6169.91004447456	3837.55571080262	1855.32182997788	3993.54125357298	1858.08068703599	3947.8152455787	4909.78362648902	4146.74973839604	1550.56243877408	3493.54152352427	3302.35373332082	2897.76275072273	3494.43279359109	5508.77674289577	3842.39160743256	7096.47016784554	3836.03721443316	5198.58516826197	3687.32350775248	5492.07988195595	1922.35403887556	6252.63925730645	1325.98351043792	3401.78384894524	6528.20793124309	4858.78954689689	1875.8899705692	4788.59474220855	5153.15450260373	1280.5131546171	3993.37614366194	1912.08910726287	3038.31295110055	6446.27921860232	4827.36539449832	5941.28739994316	4209.27638378386	2029.88106257173	3038.76425356912	5239.91625973074	3103.21424045092	2597.72367914041	2894.44156702843	3880.10894200755	6388.01101201992	2981.55818618949	4825.79083211321	845.982183508587	2101.89333010986	5700.3572213172	4335.24895556452	2362.54283229799	2144.04927673559	5051.55052408633	6034.95777375987	5697.56910834689	5877.62070460258	5563.81120064842	3109.52695868949	6427.43525673494	4498.61879365685	4753.53681299169	7766.53174875968	8895.00031877486	5502.89478307546	4113.12090774547	1192.1863106416	1876.48039264633	5462.22977977609	4132.91937068806	2994.68544220429	3264.26840028163	4323.13508625861	2984.81235535845	2684.56092176832	1506.14370541342	7151.27199841741	2267.76456725075	5793.74062838759	3490.80997180313	1522.66966062038	1278.48445252151	1873.32762421847	4753.64269795699	838.087237103826	3400.20716753968	2983.34754899222	4845.08687708389
2687.62816288294	3890.80871317815	2599.8212928555	1371.96094622637	885.44397524672	1963.24926462322	919.341431047707	1960.86795090381	3245.01439338417	0	2863.04824723861	6212.76693721957	2924.89565109039	2293.12566258939	1389.69256340629	748.526860188809	1386.93370634818	702.800852194534	1664.76923310485	4353.77043826292	1694.45195461008	2226.25025201859	503.961984225783	918.406992301958	2224.34394282811	2263.7623495116	1605.48124794333	3851.45577446137	2295.49795723088	1953.5707748778	442.309114368316	2247.06548857178	5167.36843225973	4461.06907952617	4570.99790382208	740.704229221859	3283.19353785892	3490.50661729813	1765.3451087741	3859.6369685138	3142.73567965929	1964.50123876707	748.36175027777	2119.10980712976	3245.33365096743	6653.2999184692	2171.10417349373	2696.27300655899	1556.250909063	1822.86036270484	1095.33681568589	1994.90186634657	1833.91273897097	647.290714243755	920.245108586868	2037.19239566356	4899.74601754123	524.015448045671	1874.2248890032	2399.03220987558	1943.0148966813	2455.34282793303	4542.26965543141	3444.37319532607	1933.3291593395	2669.80687055648	3120.76360635233	3619.39079829447	3040.55947352532	3203.78746174105	1080.86723771682	3182.42086335077	2301.98961606878	3055.31660502231	4521.51735537551	5649.98592539069	2257.88038969129	3175.2786188112	2052.82808274257	1368.53400073784	2217.21538639192	887.904977303888	915.535124913652	1131.04933425033	1078.12069287444	1689.37219886762	784.047108545041	2389.10443393892	3906.25760503324	2505.48687005439	5586.71992852071	245.795578418958	2948.67320450465	3077.75659404568	2078.24930257611	3057.8704820418	2406.92715628034	740.993635483732	522.763147491895	1600.07248369973
1293.21978823052	5017.77572448708	4180.04088967314	4235.00919346498	3545.09889328809	4826.29751186183	3212.48060057908	4823.91619814242	6108.06264062278	2863.04824723861	0	3349.71868998096	618.420054590719	3107.49450859075	4252.7408106449	2114.5213870498	4249.98195358679	2160.24739504408	1935.0634194752	5168.13928426428	4557.50020184869	3040.61909801994	2805.70890730196	3210.29988990005	3038.71278882946	599.285897727009	2419.85009394469	988.407527222758	3109.86680323223	1914.14418195134	2420.73913287029	615.982758666829	8030.41667949833	3646.70023352481	7434.04615106069	2706.27879167753	420.145290620312	4304.87546329948	4232.17267005358	4674.00581451516	3957.10452566064	4827.54948600568	2114.68649696084	4265.06663332337	4954.00707665543	7467.66876447056	2985.47301949509	889.689588047312	2370.61975506435	4519.18380318387	3069.29838705366	1329.69761091213	3004.84840017185	3510.33896148236	3213.62107359434	2851.56124166491	5714.11486354258	3126.50445443328	1282.27180850957	5262.08045711419	4006.16931051291	2475.94121276048	5356.63850143276	6307.42144256467	3964.01336388719	1855.43802455513	2306.39476035098	2805.02195229312	2226.19062752397	2389.41861573969	2998.53568193328	3521.55097373279	3116.35846207013	3869.68545102366	1703.64672720661	2786.93767815208	1998.01473007517	2360.90977280985	4915.87632998118	4231.58224797645	2018.15039833325	1975.14326993472	3113.37719841849	2843.79424034115	1784.92755436417	3123.25028526432	3423.50171885446	5252.15268117753	1043.20935779463	5368.535117293	4772.35108251935	2617.25266881965	5811.72145174326	5940.80484128429	4941.29754981472	3872.23932804315	5269.97540351895	2707.85547308309	3124.71509163056	1917.87648278976
4041.96422981808	8367.49441446805	7529.75957965411	7584.72788344595	6894.81758326906	8176.01620184279	6562.19929056004	8173.63488812339	9457.78133060374	6212.76693721957	3349.71868998096	0	3367.16449617828	5620.22561980113	7602.45950062586	5464.24007703076	7599.70064356775	5509.96608502504	4547.99770411473	6531.74717786056	7907.21889182966	5964.23980707947	6155.42759728292	6560.01857988102	5963.34853701265	3949.00458770797	5615.38972317118	2676.72330246701	5621.74411617058	4259.19616234177	5770.45782285126	3965.70144864779	11380.1353694793	6395.44467511237	10783.7648410417	6055.9974816585	3003.97447273021	4598.99178370685	7581.89136003454	4669.18658839519	4304.62682800002	8177.26817598665	5464.4051869418	7614.78532330434	8303.7257666364	4718.924322883	4630.41593610542	3638.43402963487	5248.50494681988	7868.90249316483	6419.01707703462	4217.86507087301	6354.56709015282	6860.05765146333	6563.33976357531	5577.6723885962	3069.77031858383	6476.22314441425	4631.99049849053	8611.79914709516	7355.88800049388	3757.42410928654	5343.47463455204	9657.14013254564	7313.73205386816	4604.18246614269	5055.13920193854	5553.76639388068	4974.93506911153	5138.16305732725	6348.25437191425	3030.3460738688	4959.16253694689	4704.24451761206	4452.39116879417	1149.39742732622	3954.88654752828	5344.66042285827	8265.59501996214	7581.30093795741	3995.55155082765	5324.86195991569	6463.09588839945	6193.51293032211	5134.64624434513	6472.96897524529	6773.22040883542	8601.87137115849	2529.45107676005	8718.25380727396	7521.09552410691	5966.97135880062	9161.44014172422	9290.52353126526	8291.01623979569	4704.13863264675	8619.69409349992	6057.57416306406	6474.43378161152	4612.69445351985
674.799733639802	5079.62312833886	4241.88829352492	4296.85659731676	3606.94629713987	4888.14491571361	3274.32800443086	4885.7636019942	6169.91004447456	2924.89565109039	618.420054590719	3367.16449617828	0	3725.91456318147	4314.58821449667	2176.36879090158	4311.82935743856	2222.09479889585	2553.48347406592	5786.559338855	4619.34760570047	3659.03915261066	2867.55631115374	3272.14729375183	3657.13284342018	661.133301578788	3038.27014853541	926.560123370979	3728.28685782295	2532.56423654206	2482.58653672207	677.830162518608	8092.26408335011	3028.28017893409	7495.89355491247	2768.12619552931	363.190023448065	4923.2955178902	4294.02007390536	5292.42586910588	4575.52458025136	4889.39688985746	2176.53390081262	4326.91403717515	5015.85448050721	8086.08881906128	3603.8930740858	271.269533456593	2989.03980965507	4581.03120703565	3131.14579090544	1948.11766550285	3066.69580402363	3572.18636533414	3275.46847744612	3469.98129625563	6332.5349181333	3188.35185828506	1344.11921236134	5323.92786096597	4068.01671436469	3094.3612673512	5975.05855602348	6369.26884641645	4025.86076773897	1237.01796996441	1687.97470576026	2186.6018977024	1607.77057293325	1770.99856114897	3060.38308578506	4139.97102832351	3734.77851666085	4488.10550561438	1596.62170428513	2725.0902743003	2616.43478466589	2056.78913672908	4977.72373383296	4293.42965182822	2636.57045292397	2036.9906737865	3175.22460227026	2905.64164419293	1846.77495821595	3185.0976891161	3485.34912270624	5314.0000850293	981.36195394285	5430.38252114478	4153.93102792863	2679.10007267143	5873.56885559504	6002.65224513607	5003.1449536665	4490.65938263387	5331.82280737073	2769.70287693487	3186.56249548234	2536.29653738048
4400.71429682127	6183.93437576754	1909.53395985298	2705.59509408871	3178.56963783611	2555.79058204167	1373.78423154169	2553.40926832226	3837.55571080262	2293.12566258939	3107.49450859075	5620.22561980113	3725.91456318147	0	1982.23388082473	2464.29679553351	1979.47502376662	2570.81486072971	1172.43108911555	2060.64477567353	2286.99327202853	344.014187278344	1789.16367836361	1374.71867028744	343.122917211524	3698.97736723009	687.644414646059	3258.91445704292	2.37229464148606	1361.02945745936	2716.04540553497	3694.84028642406	5759.90974967817	6754.19474211556	5163.53922124053	1552.42143336753	3362.7245397334	1197.38095470873	1961.66574023342	1566.51130592441	1315.59879180111	2557.04255618552	2465.00509226712	1994.55970350321	2683.50014683527	4360.17425587981	989.809683695705	3997.18409663806	736.874753526394	4115.98602529424	3388.46247827528	1777.79689767861	4127.03840156036	2884.51316813504	1372.88055400253	255.933266925834	2606.62035495183	2817.14111063507	4167.35055159259	2991.57352729403	1735.66238069275	1862.80151051459	2249.14399284201	4448.64779502049	1693.50643406703	4962.93253314587	5413.88926894173	5912.51646088387	5333.68513611471	5496.91312433044	1212.25842487257	2589.87954593233	661.063082854238	915.981102189071	4811.14123579736	5057.44460797224	1665.33907227284	5468.4042814006	2645.36940016101	3650.16437124976	1624.67406897348	2873.24571207815	3208.66078750304	3424.17499683972	3177.06729740318	852.743355444162	1509.07855404435	2981.64575135736	3313.71628761479	4353.86952997326	7879.8455911101	2358.54545593714	3541.2145219231	3670.29791146413	3959.43258694097	916.086987154378	2999.46847369879	1552.13202710566	2815.88881008129	1189.61802580099
4077.32072628923	4610.89821685141	1879.73178918225	1132.55893517257	1605.53347891998	573.556701216933	1040.26021006582	571.175387497527	1855.32182997788	1389.69256340629	4252.7408106449	7602.45950062586	4314.58821449667	1982.23388082473	0	2138.2194235951	2.75885705811049	2092.49341560082	3054.46179651114	3633.68093458967	304.759391203797	1638.21969354639	1447.03190334294	1042.44092074484	1639.11096361321	3653.45491291789	1987.06977745468	5241.14833786765	1980.71538445528	3343.26333828409	1832.0016777746	3636.75805197807	3777.67586885344	5181.15858319942	3181.3053404158	1546.46201896736	4672.88610126521	3003.46771691901	1045.25560510084	3139.54746484055	3297.83267262584	574.808675360786	2138.05431368406	1399.0203034565	2525.24414729417	5933.21041479595	2972.04356452044	4085.96556996527	2353.95455380598	2542.9498663781	1815.42631935914	3384.59442975286	2554.00224264422	1311.47700921891	1039.11973705055	2024.78711202966	4532.68918204203	1244.10495171893	2970.46900213533	1009.3396464693	1222.92539300804	3845.03539133932	3822.18015175815	2875.61163610436	1213.23965566624	3389.89637422974	4179.63594378199	4339.48030196773	4022.2988746247	3923.8769654143	1254.20512871161	4572.11342675706	2643.29696367897	2898.21498301381	5911.2099187818	7039.67848879698	3647.57295309758	3895.36812248446	663.13551933628	2077.12821233362	3606.90794979821	2277.59754071018	1635.62462858691	1851.13883792358	2467.81325628073	1129.49052538057	829.239091790438	999.41187053263	5295.95016843953	2780.83337105713	6306.80943219396	1635.48814182524	1558.98064109836	1688.0640306394	2386.39642802484	2898.32086797911	1017.23459287406	1544.8853375618	1242.85265116515	2989.76504710601
1939.10130269413	3719.63758023403	2770.99242579962	2120.48780641518	1430.57750623829	2711.77612481203	1097.95921352928	2709.39481109262	3993.54125357298	748.526860188809	2114.5213870498	5464.24007703076	2176.36879090158	2464.29679553351	2138.2194235951	0	2135.46056653698	106.518065196202	1291.86570641797	4524.94157120704	2442.97881479889	2397.4213849627	691.187520252157	1095.77850285025	2395.51507577223	1515.23548932279	1776.65238088745	3102.92891427256	2466.669090175	1270.94646889411	306.217745820493	1498.53862838297	5915.89529244853	4289.89794658205	5319.52476401089	911.875362165978	2534.66667767011	3661.67775024224	2117.65128300378	4030.80810145792	3313.90681260341	2713.02809895588	0.708296733612443	2290.28094007387	3416.50478391155	6824.47105141332	2342.27530643785	1947.74614637018	1727.42204200712	2404.66241613407	954.777000003857	1246.37500615776	1662.74160602685	1395.81757443256	1099.09968654454	2208.36352860768	5070.91715048535	1011.98306738348	1703.05375605908	3147.55907006439	2114.18602962542	1832.74349970325	4713.44078837552	4192.90005551487	2104.50029228362	2498.63573761236	2949.59247340821	3448.21966535036	2869.3883405812	3032.61632879693	1252.03837066094	2878.35326067556	2473.1607490129	3226.48773796642	3772.99049518671	4901.45906520188	1509.35352950248	3004.10748586708	2801.35494293138	2117.06086092664	1468.68852620312	408.948916544636	998.855811368684	959.878201306208	712.770501869664	1860.54333181174	1308.98033180466	3137.63129412772	3157.73074484443	3254.0137302432	5415.54879557659	502.731281769851	3697.20006469346	3826.28345423449	2826.77616276492	3229.04161498592	3155.45401646915	912.164768427851	1010.19370458076	1274.67876973252
4074.56186923112	4610.53939437147	1880.09061166219	1132.20011269263	1605.17465644004	576.315558275043	1037.50135300771	573.934244555637	1858.08068703599	1386.93370634818	4249.98195358679	7599.70064356775	4311.82935743856	1979.47502376662	2.75885705811049	2135.46056653698	0	2089.73455854271	3051.70293945302	3634.03975706961	307.518248261908	1635.46083648828	1444.27304628483	1039.68206368673	1636.3521065551	3650.69605585978	1984.31092039657	5238.38948080954	1977.95652739717	3340.50448122598	1829.24282071649	3633.99919491996	3780.43472591155	5180.79976071948	3184.06419747391	1543.70316190925	4670.1272442071	3000.7088598609	1045.61442758078	3139.90628732049	3295.07381556773	577.567532418896	2135.29545662595	1399.37912593644	2525.60296977412	5933.56923727589	2969.28470746233	4083.20671290716	2351.19569674786	2542.59104389816	1815.0674968792	3381.83557269474	2553.64342016428	1311.11818673897	1036.36087999244	2022.02825497155	4529.93032498392	1243.74612923899	2967.71014507722	1012.09850352741	1223.28421548799	3842.27653428121	3822.53897423809	2875.25281362442	1213.59847814619	3389.5375517498	4176.87708672388	4339.12147948779	4019.54001756659	3923.51814293436	1251.4462716535	4569.35456969895	2640.53810662086	2895.45612595569	5908.45106172369	7036.91963173886	3644.81409603947	3895.00930000452	665.894376394391	2076.76938985368	3604.1490927401	2274.83868365206	1635.26580610697	1850.78001544364	2465.05439922262	1126.73166832246	826.480234732327	1002.17072759074	5293.19131138141	2780.47454857718	6306.45060971402	1632.72928476713	1561.73949815647	1690.82288769751	2386.0376055449	2895.562010921	1019.99344993217	1542.12648050369	1242.49382868521	2987.0061900479
1984.82731068841	3613.11951503783	2877.51049099582	2074.76179842091	1384.85149824402	2666.05011681775	1197.03062918803	2663.66880309835	3947.8152455787	702.800852194534	2160.24739504408	5509.96608502504	2222.09479889585	2570.81486072971	2092.49341560082	106.518065196202	2089.73455854271	0	1398.38377161417	4631.45963640324	2397.25280680462	2503.93945015891	781.651182366104	1196.09619044228	2502.03314096843	1560.96149731707	1883.17044608366	3148.65492226683	2573.1871553712	1377.46453409031	260.491737826218	1544.26463637725	5870.16928445426	4183.37988138584	5273.79875601662	1018.39342736218	2580.39268566439	3768.19581543845	2071.9252750095	4137.32616665413	3420.42487779961	2667.30209096161	105.80976846259	2396.79900527008	3523.02284910775	6930.98911660952	2448.79337163405	1993.47215436445	1833.94010720332	2358.9364081398	909.050992009582	1292.10101415203	1556.22354083064	1350.09156643829	1197.93430672719	2314.88159380388	5177.43521568155	966.25705938921	1596.53569086288	3101.83306207012	2220.70409482162	1939.26156489945	4819.95885357173	4147.1740475206	2211.01835747982	2392.11767241616	2843.07440821201	3341.70160015415	2762.870275385	2926.09826360072	1358.55643585714	2984.87132587176	2579.6788142091	3333.00580316263	3818.71650318098	4947.18507319615	1555.07953749676	2897.58942067088	2755.6289349371	2071.33485293237	1514.41453419739	302.430851348434	953.12980337441	853.360136110006	606.252436673462	1967.06139700794	1263.25432381038	3091.90528613345	3203.4567528387	3208.28772224892	5309.03073038039	457.005273775576	3651.47405669918	3780.55744624022	2781.05015477065	3335.55968018212	3109.72800847488	1018.68283362405	964.467696586484	1381.19683492873
3228.28320770572	5011.503286652	2981.76187553938	3036.73017933122	2346.81987915433	3628.01849772807	2014.20158644532	3625.63718400866	4909.78362648902	1664.76923310485	1935.0634194752	4547.99770411473	2553.48347406592	1172.43108911555	3054.46179651114	1291.86570641797	3051.70293945302	1398.38377161417	0	3233.07586478907	3359.22118771493	1416.24210296474	1607.4298931682	2012.02087576629	1415.35083289792	2526.54627811454	1067.39201905646	2186.68654135652	1174.80338375703	288.801541772956	1543.61431641943	2522.40919730851	6832.13766536457	5581.76365300001	6235.76713692693	1507.99977754377	2190.29345061786	2369.81204382428	3033.89365591982	2738.94239503996	2022.04110618544	3629.27047187192	1292.57400315158	3066.78761918961	3755.72806252167	5532.60534499536	1050.40960001988	2824.75300752251	700.50724270516	3320.90478905011	2216.03138915973	605.365808563068	2954.60731244481	2312.0599473486	2015.34205946058	1029.67468448147	3779.05144406738	1928.22544029952	2994.91946247705	4063.80144298043	2807.89029637915	790.573594828187	3421.57508195756	5109.14242843091	2765.73434975343	3790.50144403033	4241.45817982618	4740.08537176832	4161.25404699917	4324.48203521489	1800.25666779952	1586.48755425759	1181.29504259493	1934.62203154846	3638.71014668181	3985.21669228584	593.111156586441	4295.97319228505	3717.59731584742	3033.30323384268	552.446153287075	1700.8146229626	2036.2296983875	2251.74390772417	2004.63620828763	1924.97127113056	2225.2227047207	4053.87366704376	2241.48837192839	4170.25610315924	6707.41450199455	1418.97365468589	4613.4424376095	4742.52582715053	3743.01853568096	1937.17590856795	4071.69638938519	1509.57645894933	1926.4360774968	64.6967494051227
6461.3590724948	8244.57915144107	1753.94914540742	4766.23986976224	5239.21441350964	3901.90598916533	3434.42900721522	3902.30842103265	4146.74973839604	4353.77043826292	5168.13928426428	6531.74717786056	5786.559338855	2060.64477567353	3633.68093458967	4524.94157120704	3634.03975706961	4631.45963640324	3233.07586478907	0	3906.65958148533	2127.52018624434	3849.80845403714	3435.36344596096	2129.42649543481	5759.62214290362	2748.28919031959	5096.11814514372	2058.27248103204	3253.99510231294	4776.6901812085	5755.48506209759	4848.38819161873	8814.83951778909	4252.01766318109	3613.06620904106	5423.36931540693	1932.75539415371	2588.42532948883	1862.56058946537	2227.12034986055	3901.95350249133	4525.64986794065	2234.66063113317	1771.97858877583	2751.38787690156	2182.66626476919	6057.82887231159	2797.51952919992	6176.63080096777	5449.10725394881	3838.44167335214	6187.68317723389	4945.15794380857	3433.52532967605	2316.57804259936	3461.97685927674	4877.78588630859	6227.99532726612	4100.9668634108	2410.75554158162	2774.32306857403	1188.27254330852	6509.29257069402	2420.44127892342	7023.5773088194	7474.53404461525	7973.1612365574	7394.32991178824	7557.55790000397	3272.9032005461	3501.40110399177	2051.78082219414	1827.50266024851	6871.78601147089	5968.96616603168	3170.1245541891	7529.04905707412	3616.78615601604	5710.80914692328	3149.98888593102	4933.89048775168	5269.30556317657	5484.81977251325	5237.71207307671	2664.3982393953	3569.72332971788	2640.60603298262	4948.84591943676	6414.51430564679	9940.49036678363	4419.19023161067	2629.69296386366	2868.26528587453	6020.0773626145	1827.60854521382	3366.69708760615	3612.77680277919	4876.53358575482	3250.26280147452
4382.08011749302	4337.91956995575	2152.71043607791	859.58028827691	1332.55483202432	268.797310013136	1345.01960126961	266.415996293729	1550.56243877408	1694.45195461008	4557.50020184869	7907.21889182966	4619.34760570047	2286.99327202853	304.759391203797	2442.97881479889	307.518248261908	2397.25280680462	3359.22118771493	3906.65958148533	0	1942.97908475019	1751.79129454674	1347.20031194864	1943.87035481701	3958.21430412168	2291.82916865847	5545.90772907145	2285.47477565907	3648.02272948789	2136.7610689784	3941.51744318186	3472.91647764964	4908.17993630376	2876.545949212	1851.22141017116	4977.64549246901	3308.22710812281	1318.2342519965	3412.52611173621	3602.59206382964	270.049284156988	2442.81370488785	1671.99895035216	2798.22279418984	6206.18906169161	3276.80295572424	4390.72496116907	2658.71394500977	2269.97121948244	1542.44767246348	3689.35382095665	2281.02359574856	1047.16124036633	1343.87912825435	2329.54650323346	4837.44857324583	1430.99574741541	3275.22839333913	704.580255265498	1495.90403990371	4149.79478254312	4095.15879865381	2602.6329892087	1486.21830256191	3500.98808531225	4484.39533498579	4147.00666957281	4327.0582658285	4013.24876187434	1558.96451991541	4876.87281796086	2948.05635488277	3202.9743742176	6215.9693099856	7344.43788000077	3952.33234430137	3622.3894755888	358.376128132483	1804.14956543796	3911.66734100201	2582.35693191397	1444.12300343021	1713.70596150755	2772.57264748453	1434.24991658437	1133.99848299424	1266.05354850271	5600.70955964332	2507.85472416146	6033.8307852983	1940.24753302904	1282.57950370967	1383.3046394356	2113.41778112918	3203.08025918291	712.475201670259	1849.6447287656	1432.78511021813	3294.52443830981
4333.83888625046	6117.05896519673	1565.51977257464	2638.7196835179	3111.69422726531	2211.77639476332	1306.90882097088	2209.39508104392	3493.54152352427	2226.25025201859	3040.61909801994	5964.23980707947	3659.03915261066	344.014187278344	1638.21969354639	2397.4213849627	1635.46083648828	2503.93945015891	1416.24210296474	2127.52018624434	1942.97908475019	0	1722.2882677928	1307.84325971663	1.90630919047487	3632.10195665928	620.769004075251	3602.92864432126	342.495690908885	1705.0436447377	2649.16999496416	3627.96487585325	5415.89556239983	6687.31933154475	4819.52503396219	1485.54602279673	3295.84912916259	1365.24802337262	1617.65155295507	1633.38671649522	1659.61297907945	2213.02836890718	2398.12968169632	1650.54551622487	2339.48595955693	4427.04966645062	1333.82387097405	3930.30868606725	715.734860259585	4049.11061472343	3321.58706770447	1746.37473620647	4060.16299098955	2817.63775756424	1306.00514343172	386.567418483274	2894.46948849564	2750.26570006426	4100.47514102178	2647.55934001569	1391.64819341441	2206.81569779293	2316.01940341282	4381.77238444969	1349.49224678869	4896.05712257507	5347.01385837092	5845.64105031306	5266.80972554391	5430.03771375963	1145.38301430176	2933.89373321067	1005.07727013258	1259.99528946741	4744.26582522655	5401.45879525058	2009.35325955119	5401.52887082979	2301.35521288267	3583.28896067895	1968.68825625182	2806.37030150734	3141.78537693224	3357.29958626891	3110.19188683237	536.878053150966	1442.20314347354	2637.63156407902	3657.73047489313	4286.99411940245	7812.97018053929	2291.67004536634	3197.20033464475	3326.28372418579	3892.55717637017	1260.10117443272	2655.45428642045	1485.25661653485	2749.01339951048	1351.54535355962
2630.28882294629	4394.77069740393	2095.85930862972	1429.30028616302	1389.4059594725	2020.58860455987	415.379446821924	2018.20729084046	3302.35373332082	503.961984225783	2805.70890730196	6155.42759728292	2867.55631115374	1789.16367836361	1447.03190334294	691.187520252157	1444.27304628483	781.651182366104	1607.4298931682	3849.80845403714	1751.79129454674	1722.2882677928	0	414.445008076175	1720.38195860233	2206.42300957495	1101.51926371755	3794.11643452472	1791.5359730051	1896.23143494115	926.881727171362	2189.72614863513	5224.70777219638	4965.03106375195	4628.33724375873	236.742244996076	3225.85419792227	2986.54463307234	1426.46376275162	3355.67498428802	2638.7736954335	2021.84057870372	691.022410341119	1615.14782290397	2741.37166674165	6149.33793424342	1667.14218926795	2638.93366662234	1052.28892483722	2326.82234693063	1599.29879991167	1937.56252640992	2337.87472319675	1095.34948977143	416.283124361085	1533.23041143778	4395.78403331544	1027.97743227145	2378.18687322898	2456.37154981223	1439.05291245552	2398.00348799638	4038.30767120562	3501.71253526272	1429.36717511372	3173.76885478226	3624.72559057812	4123.35278252026	3544.5214577511	3707.74944596683	576.905253491041	3125.08152341412	1798.027631843	2551.35462079652	4464.17801543886	5592.64658545404	2200.54104975464	3679.24060303699	2110.16742267922	1861.00069288615	2159.87604645527	1084.08203371454	1419.49710913943	1635.01131847611	1387.90361903957	1185.41021464184	617.7928115525	2446.44377387557	3848.91826509659	2564.70585160965	6090.68191274649	569.381777573534	3006.0125444413	3135.09593398233	2170.26890857736	2553.90849781601	2464.26649621699	237.031651257949	1026.72513171768	1542.73314376307
