0	674.416376805823	1538.35692060533	1730.12215789092	1302.64975175347	2093.09344984295	1159.84380687003	336.665842783932	671.80554789389	1712.65925873187	8695.77321607492	1421.48012950265	1633.26854786075	3635.29143732687	2254.01327336934	1634.81772202154	751.470070417993	1959.2016480484	1484.49992432865	1095.20301034269	1132.67999849085	2931.46402493772	4783.76836211393	2127.58658941419	3805.3204896679	3751.93539172732	411.45032289025	1942.44654440216	1445.75044923662	4166.9385057738	2399.04885002507	753.96230589974	1642.78340305935	2086.39078900327	1548.03433846353	1082.85465888934	5415.91516447192	1307.49997139984	755.734245034731	1082.7893503909	1919.1293456042	1440.2519470042	1688.44443238709	2566.31752763362	2325.90920211585	2929.26544237758	3319.80712351568	4469.21331663968	621.518519173092	893.463353518061	3155.27632816638	2174.57543711041	375.034930553738	376.506403845972	2185.63733251268	971.205799653276	2063.96341325572	3917.33324933442	1139.06276788784	914.117994130909	1671.86348066965	1549.96284737631	2445.35394724481	2851.3946950997	4475.08398337494	1409.01881480814	753.242336170734	5461.38258436404	1267.23092213491	1613.87547852078	374.948947082037	2110.44244069812	6713.02130117361	2476.82684931676	754.318753195892	844.679870715493	1082.85037074415	3493.73073926374	2331.04047175401	2293.88707846883	198.831595489629	1915.9153612297	944.817558176258	2872.14037686908	1114.1808359474	1268.45011464606	1441.9938671173	1076.3852202581	2202.98715141971	894.922541493285	2993.48770795866	2385.60608235325	2756.41204635045	2699.40470664513	2435.38579059561	622.614799214936	1713.1602432638	2039.6603181135	1258.3579475747	2402.74371119463
674.416376805823	0	1575.65002377404	1767.41526105963	1339.94285492218	2130.38655301167	1197.13691003875	480.175173757203	703.608867159295	1749.95236190059	8733.06631924364	1458.77323267136	2307.68492466658	3672.58454049559	2216.72017020062	2309.23409882736	1231.23113645307	2475.43380099673	1800.72529253378	1769.61938714852	1807.09637529668	2894.17092176901	5458.18473891975	2090.29348624548	4479.73686647372	4426.35176853314	573.006250950096	2616.86292120798	1876.526916938	4841.35488257962	2361.75574685636	1229.44866936319	2317.19977986517	2760.80716580909	1223.41579996205	1757.27103569516	6090.33154127774	1344.79307456855	1228.35612038688	1757.20572719672	1881.83624243549	1593.47879462231	2362.86080919291	1891.90115082779	2898.38885830243	3603.6818191834	3994.22350032151	4506.50641980839	1295.93489597891	1535.04018638902	3829.6927049722	2211.86854027912	393.105940697348	393.037866167732	2860.0537093185	1008.49890282199	2026.67031008701	4591.74962614024	1101.76966471912	1588.53437093673	997.447103863826	1224.68676233628	2482.64705041352	2888.68779826842	4512.37708654365	1536.68678625296	1230.13686045567	6135.79896116987	592.814545329086	1651.1685816895	1049.36532388786	2147.73554386683	7387.43767797943	2439.53374614805	1229.20280629962	1519.09624752132	1757.26674754997	3531.02384243245	2368.33357492272	2331.18018163754	475.584781316193	1878.62225806099	1619.23393498208	2197.72400006326	1788.59721275322	1305.74321781477	1591.8375393013	1039.09211708939	2877.40352822553	1569.33891829911	2464.88514426121	1711.18970554742	2081.99566954462	2024.98832983931	1760.96941378979	585.321696046224	1750.45334643251	2714.07669491932	1221.06484440599	2365.45060802592
1538.35692060533	1575.65002377404	0	191.765237285591	239.991569281749	1205.44525303112	950.33394329371	1875.02276338926	872.041156614747	338.116828586139	7157.41629546959	262.053002203121	2208.23434328978	2096.93451672154	3792.37019397467	2207.73448469877	2289.82699102332	2296.99075052389	3022.85684493398	2527.13309007684	2583.78314861687	4469.82094554305	5279.74168844692	3665.94351001952	4301.29381600088	4247.9087180603	1949.80724349558	2438.41987073515	1698.08386646516	4662.91183210679	3937.4057706304	2292.31922650507	2138.75672939234	2582.36411533626	2799.06582373609	2151.88331161664	5911.88849080491	542.941808145708	2294.09116564006	2152.41425991593	3457.48626620953	2978.60886760953	2184.41775872008	3242.92018047704	2719.9458078296	3425.23876871056	3815.78044984867	2930.85639603435	1589.1468243505	1356.59713591618	3651.24965449937	2008.03579434852	1182.54408307669	1182.61215760631	3370.40765826581	567.151120952054	3602.32033386105	4413.30657566741	2677.41968849317	1880.42870297426	2521.62290292872	2800.33678611033	906.997026639482	1627.58469451	2936.72706276961	1358.24373578013	2291.59925677606	5957.35591069703	1614.98976612006	75.5185579154544	1811.95518092251	1238.3749114933	7208.9946275066	4015.18376992209	2292.67567380122	2081.04966677297	2153.2737360711	1955.37381865841	866.920828439054	900.797876920067	1641.19257958227	3454.27228183503	1440.79088450925	2376.1670505361	1610.15416228038	287.206130032765	2980.35078772263	2614.74214086343	2776.57609435178	1390.89586782627	2497.51438162567	1889.63275602026	2260.43872001746	2203.43138031214	1939.41246426263	2160.97171982027	336.894527576201	3015.73356159115	2796.71486818003	3941.10063179996
1730.12215789092	1767.41526105963	191.765237285591	0	427.472406137454	1352.5895121982	803.189684126635	2066.78800067485	1063.80639390034	190.972569419064	6965.651058184	409.197261370196	2399.99958057537	1905.16927943595	3984.13543126026	2399.49972198436	2481.59222830891	2149.84649135682	3214.62208221958	2718.89832736243	2775.54838590246	4661.58618282864	5132.59742927984	3857.70874730511	4154.14955683381	4100.76445889323	2141.57248078117	2291.27561156807	1550.93960729809	4515.76757293971	4129.17100791599	2484.08446379066	1991.61247022526	2435.21985616918	2990.83106102168	2343.64854890223	5764.74423163783	690.086067312783	2485.85640292565	2344.17949720152	3649.25150349512	3170.37410489512	2037.273499553	3434.68541776263	2572.80154866252	3278.09450954349	3668.6361906816	2739.09115874876	1780.91206163609	1209.45287674911	3504.10539533229	1860.89153518145	1374.30932036229	1374.3773948919	3562.1728955514	758.916358237645	3794.08557114664	4266.16231650033	2869.18492577876	2072.19394025985	2713.38814021431	2992.10202339592	1011.94196558062	1480.44043534292	2744.96182548401	1211.09947661305	2483.36449406166	5810.21165152996	1806.75500340565	188.69613157488	2003.7204182081	1091.23065232623	7061.85036833952	4206.94900720768	2484.44091108681	2272.81490405856	2345.03897335669	1763.60858137282	1014.06508760613	1047.94213608714	1832.95781686786	3646.03751912062	1338.93506941196	2523.31130970317	1463.00990311331	461.67204324486	3172.11602500822	2806.50737814902	2968.34133163737	1429.70112222015	2644.65864079274	2036.77701518733	2407.58297918453	2350.57563947922	2086.5567234297	2352.73695710586	189.750268409126	3207.49879887675	2988.48010546562	4132.86586908555
1302.64975175347	1339.94285492218	239.991569281749	427.472406137454	0	1445.43682231287	710.34237401196	1639.3155945374	636.333987762885	410.009506978406	7393.12346432146	502.04457148487	1972.52717443792	2332.64168557341	3556.6630251228	1972.02731584691	2054.11982217146	2056.99918124214	2787.14967608212	2291.42592122498	2348.075979765	4234.11377669119	5039.75011916517	3430.23634116766	4061.30224671913	4007.91714877855	1714.10007464372	2198.4283014534	1458.09229718341	4422.92026282504	3701.69860177854	2056.61205765321	1898.76516011059	2342.37254605451	2563.35865488423	1916.17614276478	5671.89692152316	782.933377427457	2058.3839967882	1916.70709106406	3221.77909735767	2742.90169875766	1944.42618943833	3007.21301162518	2479.95423854785	3185.24719942881	3575.78888056692	3166.56356488621	1353.43965549864	1116.60556663443	3411.25808521762	1768.04422506677	946.836914224832	946.904988754448	3134.70048941395	331.443952100191	3366.61316500919	4173.31500638566	2441.7125196413	1644.72153412239	2285.91573407685	2564.62961725846	1142.70419549134	1548.74494334624	3172.43423162147	1118.25216649838	2055.8920879242	5717.36434141528	1379.2825972682	311.225726767317	1576.24801207065	998.383342211555	6969.00305822485	3779.47660107023	2056.96850494936	1845.34249792111	1917.56656721924	2191.08098751027	1106.9123977208	1140.78944620182	1405.48541073041	3218.56511298317	1200.7993152275	2616.15861981785	1370.16259299863	527.197699314514	2744.64361887077	2379.03497201157	2540.86892549992	1150.90429854452	2737.50595090742	2129.62432530201	2500.43028929921	2443.42294959389	2179.40403354438	1925.2645509684	410.510491510334	2780.02639273929	2561.00769932817	3705.3934629481
2093.09344984295	2130.38655301167	1205.44525303112	1352.5895121982	1445.43682231287	0	2155.77919632483	2429.75929262688	1426.77768585237	1543.56208161726	6602.67976623197	943.392250828001	3334.68712722486	2580.70004994196	4347.10672321229	3336.23630138565	2844.56352026095	3502.43600355502	3577.59337417161	3081.86961931447	3138.51967785449	5024.55747478067	6485.18694147804	4220.68003925714	5506.73906903201	5453.35397109142	2504.5437727332	3643.86512376627	2903.52911949628	5868.35708513791	4492.14229986803	2847.05575574269	3344.20198242346	3787.80936836738	3353.80235297371	2784.27323825345	7117.33374383603	785.593478443113	2848.82769487768	2784.20792975501	4012.22279544715	3533.34539684715	3389.8630117512	3797.65670971467	3925.39106086072	4630.68402174168	5021.22570287979	2660.58418639962	2322.9370985372	2562.0423889473	4856.69490753049	3213.48104737964	1737.28061231432	1737.34868684393	3925.14418750344	1557.79668948574	4157.05686309867	5618.75182869853	3232.15621773079	2615.53657349502	3076.35943216634	3355.07331534795	352.260497401859	2833.02994754112	2381.99053353198	2563.68898881125	2846.33578601369	7162.80116372815	2169.72629535768	1163.89338062332	2366.69171016013	2443.82016452443	8414.43988053772	4569.92029915971	2847.41220303884	2635.7861960106	2784.26895010825	2481.86259341847	338.524424592067	304.647376111055	2195.92910881989	4009.00881107266	2646.23613754037	1170.72179750497	2815.5994153115	918.239122998357	3535.08731696026	3169.47867010105	3904.40573078382	2596.34112085739	1292.06912859455	684.187502989137	1054.99346698634	1050.33459980027	1375.03731427403	2715.70824905789	1542.33978060732	3741.07889747761	3351.45139741765	4495.83716103758
1159.84380687003	1197.13691003875	950.33394329371	803.189684126635	710.34237401196	2155.77919632483	0	1496.50964965397	1126.16616485461	612.217114707571	7535.92940920489	1212.38694549683	1829.72122955448	2475.44763045684	3413.85708023937	1829.22137096347	1911.31387728803	1346.65680723018	2644.34373119869	2148.61997634155	2205.27003488157	4091.30783180775	4329.40774515321	3287.43039628422	3350.95987270717	3297.57477476659	1571.29412976028	1488.08592744144	747.749923171454	3712.57788881308	3558.89265689511	1913.80611276977	1188.42278609863	1632.03017204255	2420.55271000079	1773.37019788134	4961.5545475112	1493.27575143942	1915.57805190476	1773.90114618063	3078.97315247423	2600.09575387423	1234.08381542637	3020.67814459434	1769.61186453589	2474.90482541685	2865.44650655496	3309.36950976965	1210.6337106152	406.263192622472	2700.91571120566	1057.70185105481	829.395547514461	830.867020806694	2991.89454453052	597.98250683909	3223.80722012575	3462.9726323737	2298.90657475787	1501.91558923896	2143.10978919342	2421.82367237503	1815.13164970726	1691.55088822967	3315.2401765049	407.909792486418	1913.08614304077	5007.02196740332	1721.59153909563	991.885815701515	1433.44206718721	950.598633828088	6258.66068421289	3636.6706561868	1914.16256006593	1702.53655303768	1774.7606223358	2333.8869323937	1817.25477173276	1851.13182021378	1262.67946584697	3075.75916809974	768.656718391074	3326.50099382981	659.820218986673	1237.54007332647	2601.83767398734	2236.22902712814	2398.06298061648	859.422771199262	3447.84832491938	2839.96669931397	3210.77266331117	3153.76532360585	2889.74640755634	1782.45860608497	613.439415717509	2637.22044785586	2418.20175444474	3562.58751806466
336.665842783932	480.175173757203	1875.02276338926	2066.78800067485	1639.3155945374	2429.75929262688	1496.50964965397	0	1002.98160677451	2049.3251015158	9032.43905885886	1758.14597228658	1827.50975090937	3971.95728011081	1917.3474305854	1829.05892507016	751.05596269587	2295.86749083234	1320.55011877658	1289.44421339131	1326.92120153947	2594.79818215379	4978.00956516255	1790.92074663026	3999.56169271652	3946.17659477594	92.831077192893	2136.68774745078	1782.41629202055	4361.17970882242	2062.38300724114	749.273495605984	1837.02460610797	2280.63199205189	1353.79313541491	1277.09586193796	5610.15636752054	1644.16581418377	748.180946629678	1277.03055343952	1582.46350282027	1113.3036208651	1882.68563543571	2372.076324585	2662.57504489978	3123.5066454262	3514.0483265643	4805.87915942361	815.759722221711	1230.12919630199	3349.517531215	2511.24127989434	692.478680312567	692.410605782951	2379.8785355613	1307.87164243721	1727.29757047179	4111.57445238304	852.549818727022	1108.35919717953	1477.62227762103	1355.72164432769	2782.01979002874	3188.06053788364	4811.74982615887	1745.68465759208	749.961686698463	5655.62378741266	1072.98971908629	1950.54132130472	569.190150130656	2447.10828348205	6907.26250422223	2140.16100653283	749.027632542412	1038.92107376411	1277.09157379277	3830.39658204767	2667.70631453794	2630.55292125276	233.830183806993	1579.24951844577	1139.05876122488	2677.89917382046	1308.42203899601	1605.11595742999	1111.66236554409	739.71937747417	2397.22835446833	1089.1637445419	2799.24650491004	2191.36487930463	2562.17084330183	2505.16350359651	2241.144587547	285.948956431004	2049.82608604773	2233.90152116212	921.69210479077	2066.0778684107
671.80554789389	703.608867159295	872.041156614747	1063.80639390034	636.333987762885	1426.77768585237	1126.16616485461	1002.98160677451	0	1046.34349474129	8029.45745208434	755.164365512064	2305.07409575464	2968.97567333629	2920.32903735992	2306.62326991543	1417.78583440857	2472.8229720848	2150.81568831924	1767.00855823658	1804.48554638474	3597.7797889283	5455.57391000782	2793.90235340477	4477.12603756179	4423.74093962121	1077.76608688083	2614.25209229605	1873.91608802607	4838.74405366769	3065.36461401566	1420.27806989032	2314.58895095324	2758.19633689716	1927.02466712134	1754.66020678323	6087.72071236581	641.184207409257	1422.05000902531	1754.59489828479	2585.44510959478	2106.56771099478	2360.24998028098	2370.8790238623	2895.7780293905	3601.07099027147	3991.61267140957	3802.8975526491	1293.32406706698	1532.42935747708	3827.08187606027	2183.86801590943	310.502926461947	310.571000991563	2857.44288040657	528.183658015522	2730.2791772463	4589.13879722831	1805.37853187842	1585.9235420248	1649.58174631397	1928.29562949558	1779.03818325423	2185.07893110912	3808.76821938435	1534.07595734103	1419.55810016132	6133.18813225793	742.948609505311	947.559714530202	1046.75449497593	1444.12667670754	7384.8268490675	3143.14261330734	1420.63451718647	1516.48541860938	1754.65591863804	2827.41497527315	1664.72470776343	1627.57131447825	769.151422967521	2582.23112522029	1616.62310607015	2200.33482897519	1785.98638384128	602.134350655479	2108.30963110789	1742.70098424868	2874.7926993136	1566.72808938717	2321.68216006477	1713.80053445936	2084.60649845656	2027.59915875124	1763.58024270173	1288.93056320552	1046.84447927322	2711.46586600739	1924.67371156528	3069.05947518521
1712.65925873187	1749.95236190059	338.116828586139	190.972569419064	410.009506978406	1543.56208161726	612.217114707571	2049.3251015158	1046.34349474129	0	6983.11395734305	600.16983078926	2382.53668141632	1922.632178595	3966.67253210121	2382.03682282531	2464.12932914987	1958.87392193775	3197.15918306053	2701.43542820339	2758.08548674341	4644.12328366959	4941.62485986078	3840.24584814606	3963.17698741474	3909.79188947416	2124.10958162212	2100.30304214901	1359.96703787902	4324.79500352065	4111.70810875695	2466.62156463161	1800.6399008062	2244.24728675012	2973.36816186263	2326.18564974318	5573.77166221877	881.058636731847	2468.3935037666	2326.71659804247	3631.78860433607	3152.91120573607	1846.30093013394	3417.22251860359	2381.82897924346	3087.12194012442	3477.66362126253	2756.55405790781	1763.44916247704	1018.48030733004	3313.13282591323	1669.91896576238	1356.84642120324	1356.91449573285	3544.70999639236	741.453459078597	3776.62267198759	4075.18974708127	2851.72202661971	2054.7310411008	2695.92524105526	2974.63912423687	1202.91453499969	1289.46786592386	2762.42472464306	1020.12690719399	2465.90159490261	5619.23908211089	1789.2921042466	379.668700993944	1986.25751904905	900.258082907165	6870.87779892046	4189.48610804864	2466.97801192777	2255.35200489952	2327.57607419764	1781.07148053186	1205.03765702519	1238.91470550621	1815.49491770881	3628.57461996158	1321.47217025291	2714.28387912224	1272.03733369424	625.322958618904	3154.65312584918	2789.04447898997	2950.87843247832	1412.2382230611	2835.63121021181	2227.7495846064	2598.5555486036	2541.54820889828	2277.52929284877	2335.27405794681	1.22230100993818	3190.0358997177	2971.01720630658	4115.4029699265
8695.77321607492	8733.06631924364	7157.41629546959	6965.651058184	7393.12346432146	6602.67976623197	7535.92940920489	9032.43905885886	8029.45745208434	6983.11395734305	0	7274.29308657228	9365.65063875937	5060.48177874805	10949.7864894443	9365.15078016837	9447.24328649292	6736.57156802652	10180.2731404036	9684.54938554644	9741.19944408646	11627.2372410126	5382.83329221862	10823.3598054891	8074.00009371064	6147.27169344218	9107.22353896517	8173.91317178065	7250.0227668383	10980.5927343377	11094.8220661	9449.73552197466	7850.92126004479	8444.68742134514	9956.48211920568	9309.29960708624	6928.79457826337	7388.27324467508	9451.50746110965	9309.83055538552	10614.9025616791	10136.0251630791	8598.45723921139	10400.3364759466	6369.86401395908	6521.09752084165	6838.39093399962	4226.55989943524	8746.56311982009	7802.30986255686	7153.04874431155	6521.19777896451	8339.96037854629	8340.0284530759	10527.8239537354	7724.56741642165	10759.7366293306	6456.12638226713	9834.83598396276	9037.84499844385	9679.03919839831	9957.75308157992	6250.41926883011	5844.37852097522	4220.68923269999	7286.75440126678	9449.01555224566	8237.2019015375	8772.40606158965	7081.89773755414	8969.37147639211	6585.3307753768	6728.79548876013	11172.6000653917	9450.09196927082	9238.46596224257	9310.69003154069	5202.04247681119	6364.73274432091	6401.88613760609	8798.60887505186	10611.6885773046	8304.58612759596	7493.41060646582	8108.8976369137	7427.32310142886	10137.7670831922	9772.15843633303	9933.99238982137	8395.35218040415	6268.18117498242	7045.78504917243	7575.81366027959	7653.01436603224	7977.71708050601	9318.38801528986	6982.61297281112	10173.1498570607	9954.13116364962	11098.5169272696
1421.48012950265	1458.77323267136	262.053002203121	409.197261370196	502.04457148487	943.392250828001	1212.38694549683	1758.14597228658	755.164365512064	600.16983078926	7274.29308657228	0	2391.29487639686	2213.81130782423	3675.49340287198	2392.84405055765	2172.95019992064	2559.04375272702	2905.9800538313	2410.25629897416	2466.90635751418	4352.94415444037	5541.79469065004	3549.06671891684	4563.34681820401	4509.96172026342	1832.9304523929	2700.47287293827	1960.13686866828	4924.96483430991	3820.52897952772	2175.44243540239	2400.80973159546	2844.41711753938	2682.18903263341	2035.00652051396	6173.94149300803	280.888805942587	2177.21437453738	2035.53746881324	3340.60947510684	2861.73207650684	2446.4707609232	3126.04338937436	2981.99881003272	3687.29177091368	4077.83345205179	3047.73318713703	1472.27003324781	1618.6501381193	3913.30265670249	2270.08879655164	1065.66729197401	1065.73536650363	3253.53086716313	614.404438657741	3485.44354275837	4675.35957787053	2560.54289739048	1763.55191187157	2404.74611182603	2683.45999500764	1023.87381774217	1889.63769671312	3053.60385387229	1620.29673798325	2174.72246567338	6219.40891290015	1498.11297501737	220.501129795316	1695.07838981983	1500.42791369642	7471.04762970972	3898.30697881941	2175.79888269854	1964.17287567029	2036.39694496841	2072.25060976109	909.560342251366	872.406948966185	1524.31578847958	3337.39549073235	1702.84388671237	2114.11404833298	1872.2071644835	153.030014856585	2863.47399661995	2497.86534976075	2961.01347995582	1652.94887002939	2235.46137942255	1627.57975381714	1998.38571781434	1941.37837810902	1677.35946205951	2044.09492871758	598.947529779322	2898.85677048847	2679.83807707735	3824.22384069728
1633.26854786075	2307.68492466658	2208.23434328978	2399.99958057537	1972.52717443792	3334.68712722486	1829.72122955448	1827.50975090937	2305.07409575464	2382.53668141632	9365.65063875937	2391.29487639686	0	4305.16886001132	1584.13585068489	1.5491741607855	1076.4537882135	2629.07907073285	814.622501644207	538.06553751806	500.588549369899	3050.12870024016	3982.81734654075	2400.78832062019	2172.05194180714	3218.37894531719	1734.67867371648	1191.73746697872	2115.62787192107	2533.66995791305	1988.12873223204	1078.23625530339	1514.72937871458	920.963217414231	3181.30288632428	550.413888971414	3782.64661661117	2672.18368233945	1079.32880427969	550.479197469852	1249.25192291975	770.374524319748	767.193399547986	4199.58607549437	2995.78662480029	2844.55311791772	2527.25970475976	5139.09073932413	1011.75002868766	1563.34077620251	2212.60189444782	2844.45285979486	2008.30347841449	2009.77495170672	1162.17331497603	1776.89043773912	2939.72297900931	2909.52425649224	2680.05956963639	719.150553729844	3305.1320285304	3183.23139523707	3115.23136992926	3521.27211778415	5144.96140605938	2078.89623749259	1077.54806421091	3828.11403650329	2900.49946999566	2283.75290120523	1258.31960077872	2780.31986338257	5079.75275331286	1806.94942663231	1078.48211836696	788.58867714526	550.418177116607	4163.60816194818	3000.91789443846	3030.03975111381	1832.10014335038	1246.03793854526	1061.06451116341	4505.40892472984	1256.75300184568	2416.4480042265	772.116444432855	2516.41532443784	569.718603558959	970.29845835522	4626.75625581941	4018.874630214	4389.6805942112	4332.67325450588	4068.65433845637	2062.40050140731	2383.03766594825	807.499218301376	1641.57717892288	1990.73272876734
3635.29143732687	3672.58454049559	2096.93451672154	1905.16927943595	2332.64168557341	2580.70004994196	2475.44763045684	3971.95728011081	2968.97567333629	1922.632178595	5060.48177874805	2213.81130782423	4305.16886001132	0	5889.30471069621	4304.66900142031	4386.76150774487	1676.08978927847	5119.79136165553	4624.06760679839	4680.71766533841	6566.75546226459	3904.48689153608	5762.87802674106	3013.51831496259	2872.65392114946	4046.74176021712	3113.4313930326	2189.54098809025	5920.11095558965	6034.34028735195	4389.25374322661	2790.43948129674	3384.20564259709	4896.00034045763	4248.81782833818	4536.63369389407	2327.79146592703	4391.0256823616	4249.34877663747	5554.42078293107	5075.54338433107	3537.97546046334	5339.85469719859	1344.69101091876	2049.98397179972	2440.52565293783	833.921879312807	3686.08134107204	2741.82808380881	2275.99485758853	1460.71600021646	3279.47859979824	3279.54667432785	5467.34217498736	2664.0856376736	5699.25485058259	3038.05177875656	4774.35420521471	3977.3632196958	4618.55741965026	4897.27130283187	2240.05250332439	783.89674222717	2162.61965782077	2226.27262251873	4388.53377349761	4582.10111378619	3711.9242828416	2021.41595880609	3908.88969764405	1524.84899662875	5833.73983059576	6112.11828664364	4389.61019052277	4177.98418349452	4250.20825279264	141.560698063138	2242.17562534989	2276.05267383091	3738.12709630381	5551.20679855658	3244.10434884791	3751.42184744694	3048.41585816565	2366.84132268081	5077.28530444418	4711.67665758498	4873.51061107332	3334.8704016561	3872.76917853651	3264.8875529311	3635.6935169283	3578.68617722298	3314.66726117347	4257.90623654181	1922.13119406307	5112.6680783127	4893.64938490158	6038.03514852151
2254.01327336934	2216.72017020062	3792.37019397467	3984.13543126026	3556.6630251228	4347.10672321229	3413.85708023937	1917.3474305854	2920.32903735992	3966.67253210121	10949.7864894443	3675.49340287198	1584.13585068489	5889.30471069621	0	1584.63570927589	1502.54320295134	4213.21492141774	769.513349040681	1265.23710389782	1208.5870453578	2504.68807831709	5566.95319722564	1855.34769869712	2875.78639573362	4802.51479600208	1842.56295047909	2775.87331766361	3699.76372260596	3079.11057983612	1442.68811030897	1500.0509674696	3098.86522939947	2505.09906809912	2635.86226440121	1640.48688235803	4328.08723853424	3561.51324476917	1498.27902833461	1639.95593405874	334.883927765137	813.761326365139	2351.32925023287	3654.1454535713	4579.92247548518	4428.68896860261	4111.39555544464	6723.22659000902	2203.22336962417	3147.4766268874	3796.73774513271	4428.58871047975	2609.82611089797	2609.75803636836	1097.809406575	3225.21907302261	2394.28235708624	4493.66010717713	2134.61894771332	1911.94149100041	2759.69140660733	2637.790773314	4699.36722061415	5105.40796846904	6729.09725674427	3663.03208817748	1500.7709371986	4373.55465842636	2355.05884807259	3867.88875189012	1980.41501305215	4364.45571406746	5625.19337523593	317.000612419182	1499.69452017344	1711.32052720169	1639.09645790357	5747.74401263307	4585.05374512335	4547.90035183817	2151.1776143924	338.097912139632	2645.20036184829	3959.96830280677	2840.88885253056	3522.4633880154	812.019406252032	1970.97470251477	1115.15922548203	2554.43430904011	4681.60531446184	3904.00144027183	3844.23997228813	3787.23263258281	3523.2137165333	1631.3984741544	3967.17351663314	951.832392175815	1096.13655699981	1445.29210684427
1634.81772202154	2309.23409882736	2207.73448469877	2399.49972198436	1972.02731584691	3336.23630138565	1829.22137096347	1829.05892507016	2306.62326991543	2382.03682282531	9365.15078016837	2392.84405055765	1.5491741607855	4304.66900142031	1584.63570927589	0	1078.00296237429	2628.57921214184	815.122360235214	539.614711678845	502.137723530685	3051.67787440094	3982.31748794974	2402.33749478098	2170.50276764636	3217.87908672618	1736.22784787726	1191.23760838771	2115.12801333006	2532.12078375226	1989.67790639283	1079.78542946417	1514.22952012358	920.463358823223	3182.85206048507	551.963063132199	3781.09744245038	2673.73285650023	1080.87797844048	552.028371630637	1249.75178151076	770.874382910756	766.693540956978	4201.13524965516	2995.28676620929	2844.05325932671	2526.75984616875	5138.59088073312	1013.29920284845	1562.8409176115	2212.10203585681	2843.95300120385	2009.85265257528	2011.32412586751	1162.67317356704	1778.43961189991	2941.27215317009	2909.02439790124	2681.60874379718	720.699727890629	3306.68120269119	3184.78056939785	3114.73151133825	3520.77225919314	5144.46154746838	2078.39637890159	1079.09723837169	3826.56486234251	2902.04864415645	2283.25304261422	1259.8687749395	2779.82000479156	5078.20357915207	1807.44928522332	1080.03129252775	790.137851306045	551.967351277392	4163.10830335718	3000.41803584745	3031.58892527459	1833.64931751117	1246.53779713626	1060.5646525724	4506.95809889062	1256.25314325467	2417.99717838729	772.616303023863	2517.96449859863	568.841609653011	969.798599764213	4628.30542998019	4020.42380437478	4391.22976837198	4334.22242866667	4070.20351261715	2063.9496755681	2382.53780735724	807.999076892384	1643.12635308366	1992.28190292812
751.470070417993	1231.23113645307	2289.82699102332	2481.59222830891	2054.11982217146	2844.56352026095	1911.31387728803	751.05596269587	1417.78583440857	2464.12932914987	9447.24328649292	2172.95019992064	1076.4537882135	4386.76150774487	1502.54320295134	1078.00296237429	0	2710.6717184664	733.029853910662	538.388250695442	575.865238843602	2179.99395451973	4226.95360246668	1376.1165189962	3248.50573002065	3299.97159305073	658.224885502977	1385.63178475491	2197.22051965461	3610.12374612655	1647.57877960708	2.49223548174712	1596.32202644813	1529.57602935602	2104.84909811078	526.039899242088	4859.10040482467	2058.97004181783	4.26417461673771	525.97459074365	1167.65927518621	688.781876586204	1131.62967273984	3123.13228728087	3077.37927253384	2926.14576565126	2762.99236386843	5220.68338705767	700.680166672824	1644.93342393605	2598.46156851913	2926.0455075284	1107.28290794663	1107.21483341701	1628.82257286543	1722.67587007127	1863.26919079581	3360.51848968717	1603.60578142289	409.398288049066	2228.6782403169	2106.77760702356	3196.8240176628	3602.8647655177	5226.55405379293	2160.48888522614	1.77226575274165	4904.56782471679	1824.04568178216	2365.34554893878	477.871810100812	2861.91251111611	6156.20654152636	1725.35677889877	2.84868277789906	287.865111068242	526.035611096895	4245.20080968173	3082.510542172	3045.35714888682	755.64635513688	1164.44529081171	1142.65715889695	3428.95513651633	1338.34564957922	2019.92018506405	690.523796699311	1439.96153622434	1646.17239177246	1051.89110608876	3550.30246760591	2942.4208420005	3313.2268059977	3256.21946629238	2992.20055024287	985.946713193809	2464.63031368179	1482.84555846625	565.123390709375	1651.27364077664
1959.2016480484	2475.43380099673	2296.99075052389	2149.84649135682	2056.99918124214	3502.43600355502	1346.65680723018	2295.86749083234	2472.8229720848	1958.87392193775	6736.57156802652	2559.04375272702	2629.07907073285	1676.08978927847	4213.21492141774	2628.57921214184	2710.6717184664	0	3443.70157237706	2947.97781751992	3004.62787605994	4890.66567298612	2982.75093792302	4086.78823746259	2004.30306547699	1950.91796753641	2370.65197093865	1437.34160375413	598.906884058731	4244.02116631118	4358.25049807348	2713.16395394814	1114.34969201827	1708.11585331862	3349.05176265443	2572.72803905971	3614.89774028101	2839.9325586696	2714.93589308313	2573.258987359	3878.3309936526	3399.4535950526	1861.88567118487	4367.33495182452	422.955057305702	1128.24801818667	1518.78969932478	2510.01166859128	2009.99155179357	1065.73829453034	1354.25890397547	288.954956175372	2176.05235474465	2177.52382803688	3791.25238570889	1944.63931406927	4023.16506130412	2116.31582514351	3098.26441593624	2301.27343041733	3472.88090486056	3350.98027156722	3161.78845693744	892.1930470513	3084.35561143383	938.747014743767	2712.44398421914	3660.36516017314	3068.24834632582	2338.5426229317	2232.79990836558	1058.61583903059	4912.00387698271	4436.02849736517	2713.5204012443	2501.89439421605	2574.11846351417	1534.52909121533	3163.91157896295	3197.78862744396	2062.03730702534	3875.11700927811	1568.01455956944	4673.15780105999	1372.32606888718	2584.19688055666	3401.19551516571	3035.58686830651	3197.42082179485	1658.78061237763	4794.50513214956	4186.62350654415	4557.42947054135	4500.42213083604	4236.40321478652	2581.81644726334	1960.09622294769	3436.57828903423	3217.55959562311	4361.94535924304
1484.49992432865	1800.72529253378	3022.85684493398	3214.62208221958	2787.14967608212	3577.59337417161	2644.34373119869	1320.55011877658	2150.81568831924	3197.15918306053	10180.2731404036	2905.9800538313	814.622501644207	5119.79136165553	769.513349040681	815.122360235214	733.029853910662	3443.70157237706	0	495.723754857142	439.073696317119	2543.16906810736	4797.43984818496	1893.8286884874	2679.01157393994	4033.0014469614	1227.71904158368	2006.35996862293	2930.25037356528	3040.62959004584	1481.16910009925	730.537618428915	2329.35188035879	1735.58571905844	2674.34325419148	870.973533317345	4289.60624874396	2791.99989572849	728.765679293925	870.442585018058	434.629421275544	207.246497911472	1581.81590119219	3692.62644336157	3810.4091264445	3659.17561956192	3341.88220640396	5953.71324096834	1433.71002058349	2377.96327784672	3027.22439609203	3659.07536143907	1840.31276185729	1840.24468732767	1059.32841678472	2455.70572398193	2432.76334687651	3724.14675813645	2173.0999375036	1142.42814195973	2798.1723963976	2676.27176310427	3929.85387157347	4335.89461942836	5959.58390770359	2893.5187391368	731.257588157921	4335.07366863609	2393.53983786286	3098.37540284944	1210.90166401147	3594.94236502678	5586.71238544566	992.326924988107	730.181171132763	941.807178161011	869.583108862887	4978.23066359239	3815.54039608267	3778.38700279749	1381.66426535172	431.415436901049	1875.68701280761	3998.44929259704	2071.37550348988	2752.95003897472	208.887753232483	2009.45569230505	1076.67823569176	1784.92095999943	4119.79662368661	3511.9149980812	3882.7209620784	3825.71362237309	3561.69470632357	1555.44086927451	3197.66016759246	913.351402385542	1134.61754679008	1483.77309663454
1095.20301034269	1769.61938714852	2527.13309007684	2718.89832736243	2291.42592122498	3081.86961931447	2148.61997634155	1289.44421339131	1767.00855823658	2701.43542820339	9684.54938554644	2410.25629897416	538.06553751806	4624.06760679839	1265.23710389782	539.614711678845	538.388250695442	2947.97781751992	495.723754857142	0	56.6500585400232	2512.0631627221	4301.71609332782	1862.72278310213	2710.1174793252	3537.27769210425	1196.61313619842	1510.63621376579	2434.52661870813	3071.73549543111	1450.06319471398	540.170717785328	1833.62812550165	1239.8619642013	2643.23734880622	375.249778460203	4320.71215412923	2296.27614087135	541.263266761635	374.718830160916	930.353176132686	451.475777532684	1086.09214633505	3661.52053797631	3314.68537158736	3163.45186470478	2846.15845154682	5457.98948611119	937.986265726344	1882.23952298957	2531.50064123488	3163.35160658192	1470.23794089643	1471.70941418866	1090.43432216999	1959.98196912479	2401.65744149125	3228.42300327931	2141.99403211833	646.704387102586	2767.06649101234	2645.16585771901	3434.13011671633	3840.17086457122	5463.86015284645	2397.79498427966	539.482526692849	4366.17957402135	2362.4339324776	2602.6516479923	720.254063260656	3099.21861016964	5617.81829083092	1488.05067984525	540.4165808489	446.083423303869	373.859354005745	4482.50690873525	3319.81664122552	3282.66324794034	1294.03460583232	927.139191758191	1379.96325795047	3967.34338721178	1575.65174863274	2257.22628411757	453.217697645791	1978.34978691978	1107.78414107702	1289.19720514229	4088.69071830135	3480.80909269594	3851.61505669314	3794.60771698782	3530.58880093831	1524.33496388925	2701.93641273531	944.457307770805	1103.51164140482	1452.66719124928
1132.67999849085	1807.09637529668	2583.78314861687	2775.54838590246	2348.075979765	3138.51967785449	2205.27003488157	1326.92120153947	1804.48554638474	2758.08548674341	9741.19944408646	2466.90635751418	500.588549369899	4680.71766533841	1208.5870453578	502.137723530685	575.865238843602	3004.62787605994	439.073696317119	56.6500585400232	0	2549.54015087026	4358.36615186784	1900.19977125029	2672.64049117704	3593.92775064428	1234.09012434658	1567.28627230581	2491.17667724816	3034.25850728295	1487.54018286214	577.647705933489	1890.27818404167	1296.51202274132	2680.71433695438	431.899837000226	4283.23516598107	2352.92619941138	578.740254909795	431.368888700939	873.703117592663	394.825718992661	1142.74220487507	3698.99752612447	3371.33543012738	3220.10192324481	2902.80851008684	5514.63954465122	994.636324266368	1938.8895815296	2588.15069977491	3220.00166512195	1507.71492904459	1509.18640233683	1052.95733402183	2016.63202766481	2439.13442963941	3285.07306181933	2179.47102026649	703.354445642609	2804.5434791605	2682.64284586717	3490.78017525635	3896.82092311124	5520.51021138647	2454.44504281968	576.95951484101	4328.70258587319	2399.91092062576	2659.30170653232	771.827967694355	3155.86866870966	5580.34130268276	1431.40062130523	577.89356899706	502.733481843892	430.509412545768	4539.15696727527	3376.46669976555	3339.31330648037	1331.51159398048	870.489133218167	1436.6133164905	4004.82037535994	1632.30180717276	2313.8763426576	396.567639105767	2015.82677506794	1070.30715292886	1345.84726368231	4126.16770644951	3518.2860808441	3889.0920448413	3832.08470513598	3568.06578908647	1561.81195203741	2758.58647127534	906.980319622645	1140.98862955298	1490.14417939744
2931.46402493772	2894.17092176901	4469.82094554305	4661.58618282864	4234.11377669119	5024.55747478067	4091.30783180775	2594.79818215379	3597.7797889283	4644.12328366959	11627.2372410126	4352.94415444037	3050.12870024016	6566.75546226459	2504.68807831709	3051.67787440094	2179.99395451973	4890.66567298612	2543.16906810736	2512.0631627221	2549.54015087026	0	6244.40394879402	803.87743552353	5222.1806420473	5479.96554757046	2520.01370204747	3453.32406923199	4377.21447417434	5583.7986581532	1061.99996800811	2177.50171903798	3776.31598096785	3503.25094138267	1670.75512180696	2499.71481126874	6832.77531685132	4238.96399633756	2175.72977990299	2499.64950277031	2533.51756377533	2335.92257019589	3105.3045847665	1226.90076506601	5257.37322705357	5106.13972017099	4788.84630701303	7400.6773415774	2880.67412119255	3824.92737845578	4572.13648054579	5106.03946204813	3287.27686246635	3287.20878793674	3602.49748489208	3902.669824591	867.500611681999	5334.19340171382	1792.40125704988	2589.39224256879	1948.19804261433	1669.48415943272	5376.81797218253	5782.85872003742	7406.54800831265	4340.48283974586	2178.22168876698	6878.24273674345	2854.83117942299	4545.3395034585	2657.86576462054	5041.90646563584	8129.88145355302	2187.6874658979	2177.14527174183	2388.77127877007	2499.71052312355	6425.19476420146	5262.50449669173	5225.35110340655	2828.62836596078	2534.43692815862	3322.65111341668	4133.82663454683	3518.33960409895	4199.91413958378	2334.28131487488	1855.07880467962	3619.84730379912	3231.88506060849	5359.05606603022	4581.45219184021	4051.42358073306	3974.2228749804	3649.52016050664	2308.84922572278	4644.62426820152	3456.5204704929	1673.10607736302	1059.39597147282
4783.76836211393	5458.18473891975	5279.74168844692	5132.59742927984	5039.75011916517	6485.18694147804	4329.40774515321	4978.00956516255	5455.57391000782	4941.62485986078	5382.83329221862	5541.79469065004	3982.81734654075	3904.48689153608	5566.95319722564	3982.31748794974	4226.95360246668	2982.75093792302	4797.43984818496	4301.71609332782	4358.36615186784	6244.40394879402	0	5551.28813487337	2691.16680149202	1031.83297038661	4885.17848796966	2841.32181771177	3581.65782198175	5597.75944211908	5711.98877388138	4228.73606955656	3140.98495905458	3061.85412912652	6331.80270057746	3926.46631486761	1545.96128604475	5822.68349659262	4229.82861853287	3926.9972631669	5232.0692694605	4753.1918708605	3215.62394699277	7350.08588974755	2559.79588061732	1854.50291973635	1463.96123859825	3824.60275507842	4162.24984294084	3923.14455253073	1770.21545209293	3271.70589409839	5158.80329266767	5160.2747659599	5144.99066151679	4927.3902519923	6090.22279326248	1073.29309004851	5830.55938388957	3869.65036798302	6455.63184278358	6333.73120949024	6144.53939486047	3652.15699393692	6067.10654935685	3921.49795266679	4228.04787846409	2854.36860931888	6050.99928424884	5321.29356085472	4408.81941503189	4041.36677695361	1929.25293905968	5789.76677317306	4228.98193262014	3939.08849139844	3927.85673932207	4003.32434805957	6146.66251688597	6180.53956536698	4982.59995760356	5228.85528508601	3838.95080393767	7655.90873898301	3669.58752616653	5566.94781847968	4754.93379097361	5666.91513869102	4551.15909760275	3888.84582062064	7777.25607007258	7169.37444446718	7540.18040846437	7483.17306875906	7219.15415270954	5212.90031566049	4942.84716087072	4790.31656484213	4792.07699317605	5715.68363505093
