0	1503.89798340266	1985.58166685628	4840.8881629086	1034.7694939216	5332.04855489185	2362.4311288351	1439.56503679041	3557.36795282468	4656.38932513367	1733.65448263247	3956.42769407618	1102.08411562497	2553.47510245207	2665.42088400836	2455.34274255838	2020.79082694969	2417.91065030691	2416.9137630277	2764.05138258655	2512.59315598014	3747.98733420072	2453.27855321063	2014.72195912315	1596.805948668	5134.68106430123	6412.75754050762	1201.30499501063	2023.04099493665	2034.09079024857	1989.33760292659	971.121546982986	1100.05290599572	2679.3749772941	2361.80079245146	1232.05458344637	2144.27793842526	216.126519994315	2642.59486355815	2059.94445004301	2794.54758936403	3958.64487663759	972.406602195358	216.034078108925	2370.85717412157	1813.95946559516	4179.42265115272	3858.53100479615	4984.57302050371	4319.80340984055	5178.39709293009	1759.89267596063	2469.61406571963	3664.60031609722	3370.35739174621	2426.90510971856	1294.32320601304	561.449033985218	3212.79618406252	3347.6560682439	3587.74860085658	3685.52735220399	3605.08682648388	3275.38982036286	4481.89163693296	1037.5098231118	603.548754593736	5191.02331096133	885.854028365485	2365.10623021705	6663.70472533942	2354.67033663195	3847.98040001341	1099.41121630005	1829.19298418537	682.997699312218	1096.24917943848	1406.31811499669	1375.40320732893	213.607547056614	3557.29737472757	2355.93452703878	5692.21420150299	72.4995351629517	994.312120183663	1243.7819650009	1329.4985978405	7166.10407944061	1368.62454284812	6134.94501949256	1441.16881770934	5106.00264652494	4417.24950056426	223.413736329809	5858.20719904708	2927.53247604364	2756.43550169386	1762.66575726683	1500.99144628753	3141.54827104432
1503.89798340266	0	2769.31764231674	3827.46666964569	2538.66747732426	6835.94653829451	3375.85262209801	1878.65265180185	3654.97392938666	6160.28730853633	720.232989369565	2943.00620081328	1512.69258707219	2112.70264991882	2174.7933578058	2308.83471269219	1007.36933368678	1893.02045312894	1894.49462635586	4267.94936598921	3526.01464924304	5251.88531760338	2274.58915271827	3518.61994252581	3100.70393207066	4121.25957103833	5399.33604724471	2705.20297841329	1009.61950167375	1592.76373991741	2762.53895666355	645.405219922695	1513.44569823476	3908.77759289396	3375.22228571436	1871.9114617569	640.3799550226	1287.77146340834	4146.4928469608	1418.99311143908	1335.74558479993	2945.22338337469	641.767782680409	1287.86390529373	866.959190718914	780.448560701153	3166.00115788981	2845.10951153325	3971.1515272408	3306.38191657764	4164.97559966718	1581.33813525655	965.716082316975	4678.02180936013	2356.9358984833	1413.48361645566	2798.2211894157	942.44894941744	1708.89820065986	1843.75808484124	2083.85061745393	2181.62936880133	2101.18884308123	1865.66420323658	2977.9936535303	2541.40780651445	1102.33828654632	4177.60181769843	618.043955037172	2990.45380303024	5650.28323207651	1448.38533477141	2344.08241661076	1513.64861279642	756.182550525172	1696.41919257512	2600.14716284114	2910.21609839935	2388.82470059184	1290.29043634604	3658.51892234549	3369.35602030168	7196.11218490565	1431.39844823971	2498.21010358632	2747.67994840356	2833.39658124316	6152.6825861777	2151.97771758413	5121.52352622965	1873.71567531564	4092.58115326204	5921.14748396692	1727.31171973247	4844.78570578417	4431.4304594463	1743.01400843096	3090.37910284153	2237.11409321703	1940.98652920457
1985.58166685628	2769.31764231674	0	4392.97924405132	2031.07949212037	4066.62889597777	4348.01279569139	2850.81282539523	1571.7862859684	3390.96966621959	2095.46851705064	3273.65519349092	1256.62505524454	656.614992397923	679.839217152083	469.7610757021	2376.20664838879	876.297189187799	874.823015960883	1498.63172367247	4498.17482283642	2482.56767528664	494.728489598471	749.302300209073	1846.07179570173	3149.09939744495	4427.17587365134	1121.22986400028	2377.6913169142	1176.55390239933	6.77868565319181	2236.54120589707	1255.87194408198	1139.45995057722	4347.38245930774	897.406180559836	3409.69759733934	1968.23596420847	1377.17520464406	3325.36410895709	4059.96724827811	1973.06320978131	2237.82626110944	1968.28136018911	3636.27683303565	3079.37912450924	4328.14915232556	4195.3035191848	3669.15600250807	4241.36173991338	3974.65291789386	1187.97950706019	3735.03372463371	5650.1819829535	3824.49366138873	2702.34093198313	1196.1464065936	1826.8686928993	4478.2158429766	4613.07572715798	4853.16825977067	4950.94701111807	4870.50648539797	4540.80947927695	5747.31129584704	2035.7966840759	1666.97935577042	3205.44164410505	2151.27368727957	379.524563360765	4678.12305848314	3620.08999554604	5113.4000589275	1255.66902952032	3094.61264309945	2668.5793661685	2379.76413505674	3347.81286382909	3360.98487418521	1972.7413914752	1571.71570787128	4341.51619389506	4426.79454258891	2027.8285339632	1959.59455181315	2142.83551493557	2574.10271038373	5180.52241258433	617.339924732612	4149.36335263628	2845.87584890901	3120.42097966866	3151.82984165018	1946.38252610667	3872.62553219079	1662.11281712956	3324.30935389933	321.061460524793	532.203549099713	4406.9679299584
4840.8881629086	3827.46666964569	4392.97924405132	0	4886.38598817268	8459.60814002909	7203.3192917437	5706.11932144755	5278.63553112124	7783.9489102709	3107.23368027613	1119.32405056039	3738.80404728363	3736.36425165339	3798.45495954038	3932.49631442677	2820.09733595891	3516.68205486352	3518.15622809043	5891.61096772378	7353.48131888874	6875.54691933796	3898.25075445284	5142.28154426039	4724.36553380523	4496.04085169955	6873.87067506304	4328.86458014787	2817.84716797195	3216.42534165198	4386.20055839812	4472.87188956839	3740.83525691288	5532.43919462854	7202.68895536006	3608.83357946223	3728.33315052499	4823.54246026079	5770.15444869538	5246.45978108477	5163.21225444562	3154.24908913089	4469.2344523261	4823.58785624143	3968.22512695398	3047.01810894454	661.465511755884	982.357158112445	723.823241543249	521.084753068049	418.326326157457	3204.99973699113	3647.21155351232	8505.48847900582	1470.53077116239	2413.98305319004	4421.88279115027	4636.49345954816	2476.87103488998	2646.00051493629	2054.0147297986	1987.54192443096	2114.56005273595	1961.80246640911	6229.48893283941	4891.10318012822	4237.33940831486	2969.3232312051	4039.89068561837	4614.11540476482	3438.71395045154	5275.8520044171	2477.30105462987	3741.47694660855	3071.28411912052	5523.88586222082	5235.07063110906	6203.11935988141	6216.29137023753	4828.04788752751	5282.18052408006	7196.82268994738	8819.77378664023	4883.13503001552	4814.90104786547	4998.14201098789	5429.40920643605	2325.21591653201	3775.6393193187	4678.31599076787	5701.18234496133	3409.85594018263	7544.8090857015	4801.68902215898	3776.99912638131	6055.09206118087	2084.45266121473	4714.04070457611	3860.7756949516	1886.48014044112
1034.7694939216	2538.66747732426	2031.07949212037	4886.38598817268	0	4297.27906097025	2316.93330357102	2474.33453071201	3602.86577808876	3621.61983121207	1864.81835205815	4001.92551934027	1147.58194088906	2598.97292771615	2710.91870927245	2500.84056782247	2145.55648339631	2463.40847557099	2462.41158829179	1957.79376257553	2467.09533071605	2713.21784027912	2498.77637847471	1443.31686640461	562.0364547464	5180.17888956532	6458.25536577171	909.84962812009	2147.04115192172	2079.58861551265	2034.83542819067	2005.89104090458	1145.5507312598	2724.87280255818	2316.30296718737	1277.55240871046	3179.04743234686	1250.89601391591	1607.82536963655	3094.71394396461	3829.31708328562	4004.14270190168	2007.17609611696	1250.80357203052	3405.62666804317	2848.72895951676	4224.9204764168	3964.65335419232	5030.07084576779	4365.30123510463	5223.89491819418	1805.39050122471	3504.38355964123	3619.10249083314	3593.84349639625	2472.40293498265	834.933085526771	1596.21852790682	4247.56567798412	4382.4255621655	4622.51809477818	4720.29684612559	4639.85632040548	4310.15931428446	5516.66113085456	4.71719195553294	1436.32919077793	5236.52113622542	1920.62352228708	2410.60405548113	6709.20255060351	3389.43983055355	4882.74989393501	1144.90904156413	2863.96247810697	1294.02034461546	348.684642936371	1316.73337170873	1329.90538206485	1248.37704097821	3602.79519999165	2310.43670177469	4657.44470758139	1107.26902908455	71.4849403072194	209.0124710793	543.023218263367	7211.60190470469	1414.12236811221	6180.44284475665	2475.93831163094	5151.50047178903	3382.48000664267	811.355757591789	5903.70502431116	1892.76298212204	3093.65918890685	1808.16358253091	1546.48927155161	4176.31776496592
5332.04855489185	6835.94653829451	4066.62889597777	8459.60814002909	4297.27906097025	0	5595.39895102371	6771.61359168226	3180.97260890785	675.65922975818	6162.09741302841	7340.28408946869	5323.25395122231	4723.24388837569	4661.15318048871	4527.11182560232	6442.83554436656	4942.92608516557	4941.45191193865	2567.9971723053	5496.89349592122	1584.06122069113	4561.35738557624	3317.3265957687	3735.24260622385	3963.56728832954	3766.49603809906	4130.74355988122	6444.32021289197	5243.1827983771	4073.40758163096	6303.17010187484	5322.50084005975	2927.16894540055	5596.26627939056	4964.03507653761	7476.32649331711	5548.17507488617	2689.4536913337	7391.99300493486	8126.59614425588	5305.35905089819	6304.45515708721	5548.08263300078	7702.90572901342	7146.00802048701	8394.77804830333	8261.93241516257	7735.78489848584	8307.99063589115	8041.28181387163	5254.60840303796	7801.66262061148	6310.86181850579	7891.1225573665	6768.9698279609	4037.72534887881	5893.49758887707	8544.84473895437	8679.70462313575	8919.79715574843	9017.57590709584	8937.13538137574	8607.43837525471	9813.94019182481	4294.53873178006	5733.60825174819	5490.28490882398	6217.90258325734	3845.49273526427	5020.89418957754	7686.71889152381	9180.02895490526	5322.29792549809	7161.24153907722	5591.29940558572	4235.79937545337	4008.49269938138	5625.37206346114	5545.65610194847	3177.42761594902	5597.62897832216	360.16564661114	5404.5480900548	4337.73643470819	4088.26658989095	4002.54995705135	7604.48007882713	4683.96882071038	3781.29214926122	6773.21737260119	5049.75219984646	914.799054327588	5108.63481856204	4682.60901364778	2404.51607884821	7390.9382498771	3745.56743545298	4598.83244507748	8473.59682593617
2362.4311288351	3375.85262209801	4348.01279569139	7203.3192917437	2316.93330357102	5595.39895102371	0	1497.19997029616	5919.79908165978	4919.73972126553	4096.08561146758	6318.85882291129	3464.51524446008	4915.90623128717	5027.85201284347	4817.77387139349	4383.22195578479	4780.34177914201	4779.34489186281	4274.72706614655	150.162027145033	4885.56827689174	4815.70968204573	3760.25016997563	2501.94099998965	7497.11219313634	8775.18866934273	3226.78293169111	4385.47212377176	4396.52191908367	4351.76873176169	2730.44740217532	3462.48403483082	5041.8061061292	0.867328366848824	3594.48571228148	3474.98614121872	2379.77683148291	3221.84978727219	1956.85951065893	2531.19719323217	6321.0760054727	2734.0848394176	2379.73143550228	3235.09416478973	4156.30118279916	6541.85377998782	6220.96213363126	7347.00414933881	6682.23453867565	7540.82822176519	4122.32380479573	3556.10773823138	2930.31004735913	5732.78852058131	4789.33623855367	3151.86638909779	2566.82583219554	4726.44825685372	4557.31877680741	5149.3045619451	5215.77736731274	5088.75923900775	5241.51682533459	4218.5412408011	2312.21611161549	2965.97988342884	7553.45443979644	3163.42860612534	4727.53735905215	9026.13585417453	2091.31994050009	4726.01823711383	3461.84234513515	4132.03517262318	1679.43342952289	1968.24866063465	1669.66851112855	987.027921506173	2375.27140421619	5919.72850356267	6.49660179632792	5955.56459763485	2320.18426172819	2388.41824387824	2205.17728075581	1773.91008530765	9528.53520827571	3731.05567168323	8497.37614832766	1502.13694678237	7468.43377536005	5089.39690192092	2401.63026958472	8220.63832788218	3190.8828721755	5118.86663052897	4125.09688610193	3863.42257512263	5316.83915130258
1439.56503679041	1878.65265180185	2850.81282539523	5706.11932144755	2474.33453071201	6771.61359168226	1497.19997029616	0	4422.59911136363	6095.95436192408	2598.88564117142	4821.65885261513	1967.31527416392	3418.70626099101	3530.65204254731	3320.57390109733	2886.02198548863	3283.14180884586	3282.14492156665	4203.61641937696	1647.36199744119	5187.55237099113	3318.50971174957	3454.28699591356	3036.37098545841	5999.91222284018	7277.98869904657	2640.87003180104	2888.2721534756	2899.32194878752	2854.56876146554	1233.24743187916	1965.28406453466	3844.44464628172	1496.56963391251	2097.28574198532	1977.78617092256	1223.43851679609	4082.15990034856	620.379413252602	1354.98255257362	4823.87603517654	1236.88486912144	1223.53095868148	1737.89419449357	2659.10121250301	5044.65380969166	4723.7621633351	5849.80417904265	5185.0345683795	6043.62825146904	2625.12383449957	2058.90776793522	4106.52468801767	4235.58855028515	3292.13626825751	2733.88824280345	1069.62586189938	3229.24828655756	3060.11880651125	3652.10459164895	3718.57739701659	3591.55926871159	3744.31685503844	3042.32660014255	2477.0748599022	1468.77991313268	6056.25446950028	1666.22863582918	3230.33738875599	7528.93588387837	915.105299841545	3228.81826681767	1964.642374839	2634.83520232703	1180.31418609654	2535.81421622889	2845.8831517871	1146.24152822112	1225.95748973379	4422.52853326651	1490.70336849983	7131.7792382934	1367.06550162746	2433.87715697407	2683.34700179131	2769.06363463091	8031.33523797955	2233.85570138707	7000.17617803151	4.9369764862148	5971.23380506389	5856.81453735467	1662.97877312022	6723.43835758602	4367.09751283405	3621.66666023281	3026.04615622928	2366.22260482647	3819.63918100642
3557.36795282468	3654.97392938666	1571.7862859684	5278.63553112124	3602.86577808876	3180.97260890785	5919.79908165978	4422.59911136363	0	2505.31337914967	2981.12480412056	4159.31148056085	2455.28383719971	1542.27127946785	1480.18057158086	1346.13921669447	3261.86293545872	1761.95347625772	1760.47930303081	1645.07201551323	6069.96110880482	1596.91138821672	1380.38477666839	2159.54891168415	3417.85808167013	1577.31311147656	2855.38958768294	2693.01614996867	3263.34760398412	2062.21018946926	1568.03034989809	3189.35167948447	2457.31504682896	877.992975530581	5919.16874527614	2325.31336937831	4295.35388440926	3540.02225017687	2697.9492943876	4211.02039602702	4945.62353534803	2124.38644199035	3185.71424224218	3540.06764615751	4521.93312010558	3965.03541157917	5213.80543939548	5080.95980625473	4554.81228957799	5127.0180269833	4860.30920496378	2073.63579413011	4620.69001170364	7221.9682689219	4710.14994845865	3587.99721905306	2767.93269256199	3352.97324946424	5363.87213004652	5498.73201422791	5738.82454684059	5836.60329818799	5756.16277246789	5426.46576634687	6632.96758291697	3607.5829700443	2953.81919823094	2309.31229991614	3036.92997434949	1192.26172260763	3106.33677251474	4505.74628261596	5999.05634599742	2457.95673652463	3980.26893016937	4240.3656521369	3951.55042102514	4919.59914979749	4932.77116015361	3544.52767744359	3.544992958824	5913.30247986346	3541.13825551899	3599.6148199316	3531.38083778154	3714.62180090397	4145.88899635213	4423.50746991928	2188.74340997656	2577.57706666788	4417.66213487741	1868.77959093861	2266.17355458026	3518.16881207506	2300.8392462224	3025.77625555031	4209.96564096925	1794.70219555785	2056.37650653715	5292.62421702833
4656.38932513367	6160.28730853633	3390.96966621959	7783.9489102709	3621.61983121207	675.65922975818	4919.73972126553	6095.95436192408	2505.31337914967	0	5486.43818327023	6664.62485971051	4647.59472146413	4047.58465861751	3985.49395073053	3851.45259584414	5767.17631460838	4267.26685540739	4265.79268218047	1892.33794254712	4821.23426616304	908.40199093295	3885.69815581806	2641.66736601052	3059.58337646567	3287.90805857136	4427.11396741253	3455.08433012304	5768.66098313379	4567.52356861892	3397.74835187278	5627.51087211666	4646.84161030157	2251.50971564237	4920.60704963238	4288.37584677943	6800.66726355893	4872.51584512799	2013.79446157552	6716.33377517668	7450.9369144977	4629.69982114002	5628.79592732903	4872.4234032426	7027.24649925524	6470.34879072883	7719.11881854515	7586.27318540439	7060.12566872766	7632.33140613297	7365.62258411345	4578.94917327978	7126.0033908533	5650.24388919231	7215.46332760832	6093.31059820272	3362.06611912063	5217.83835911889	7869.18550919619	8004.04539337757	8244.13792599026	8341.91667733766	8261.47615161756	7931.77914549653	9138.28096206663	3618.87950202188	5057.94902199001	4814.6256790658	5542.24335349916	3169.83350550609	4678.06115224433	7011.05966176562	8504.36972514709	4646.6386957399	6485.58230931904	4915.64017582754	3560.14014569519	3347.8747700679	4949.71283370296	4869.99687219029	2501.76838619084	4921.96974856398	1035.82487636932	4728.88886029662	3662.07720495001	3412.60736013277	3326.89072729317	6928.82084906895	4008.3095909522	4149.30144639747	6097.55814284301	4374.09297008828	741.322199990723	4432.97558880386	4006.9497838896	1728.85684909003	6715.27902011892	3069.9082056948	3923.1732153193	7797.93759617799
1733.65448263247	720.232989369565	2095.46851705064	3107.23368027613	1864.81835205815	6162.09741302841	4096.08561146758	2598.88564117142	2981.12480412056	5486.43818327023	0	2222.77321144371	838.843461806092	1438.85352465271	1500.9442325397	1634.98558742609	287.136344317214	1219.17132786284	1220.64550108975	3594.1002407231	4246.24763861261	4578.03619233728	1600.74002745217	2844.77081725971	2426.85480680455	3401.02658166876	4679.10305787515	2031.35385314719	289.386512304181	918.914614651305	2088.68983139744	1365.63820929226	839.596572968658	3234.92846762786	4095.45527508393	1198.0623364908	1314.2290802887	1716.30877998466	3472.6437216947	2139.22610080864	2055.97857416949	2224.99039400512	1362.00077204997	1716.3541759653	1540.80831598502	983.910607458608	2445.76816852024	2124.87652216368	3250.91853787123	2586.14892720808	3444.74261029762	907.489009990446	1639.56520758308	5398.25479872969	1729.02514433809	693.25062708609	2124.3720641496	1529.25977927204	2382.74732592596	2517.60721010735	2757.69974272003	2855.47849406743	2775.03796834733	2445.34096222631	3651.84277879641	1867.55868124835	1130.10572803874	3457.36882832886	932.657005342238	2316.60467776414	4930.05024270695	2168.61832414097	3017.93154187686	839.799487530321	999.144126048814	2416.65218194469	2127.83695083293	3095.88567960528	3109.0576899614	1720.81420725139	2984.66979707938	4089.58900967125	6522.26305963955	1775.90134973939	1824.36097832022	2073.83082313745	2322.17552615992	5432.44959680814	1478.12859231802	4401.29053686009	2593.9486646852	3372.34816389247	5247.29835870082	1694.45534188286	4124.5527164146	3757.58133418019	1228.84083684869	2416.52997757543	1563.26496795092	2311.49941290777
3956.42769407618	2943.00620081328	3273.65519349092	1119.32405056039	4001.92551934027	7340.28408946869	6318.85882291129	4821.65885261513	4159.31148056085	6664.62485971051	2222.77321144371	0	2854.34357845121	2617.040201093	2679.13090897999	2813.17226386638	1935.6368671265	2397.35800430313	2398.83217753004	4772.28691716339	6469.02085005632	5756.22286877756	2778.92670389245	4022.9574937	3816.91782292163	3376.71680113916	5754.54662450265	3209.54052958748	1933.38669913953	2097.10129109159	3266.87650783773	3588.41142073597	2856.37478808046	4413.11514406815	6318.22848652764	2724.37311062981	2843.87268169257	3939.08199142837	4650.83039813499	4361.99931225235	4278.7517856132	2034.9250385705	3584.77398349368	3939.12738740901	3083.76465812156	2162.55764011212	1054.49395883463	921.648325693879	1028.14532642752	967.706546422453	1221.96939885391	2196.53501811556	2762.75108467991	7621.0280101734	586.070302329976	1529.52258435762	3302.55874058988	3752.03299071575	1592.41056605757	1761.54004610388	1579.51306627974	1677.29181762715	1596.85129190704	1267.15428578602	5345.02846400699	4006.6427112958	3352.87893948245	1849.99918064471	3155.43021678595	3494.79135420443	2707.27703126324	4391.39153558468	1839.74486543657	2857.01647777613	2186.8236502881	4639.4253933884	4350.61016227664	5318.65889104899	5331.83090140511	3943.5874186951	4162.85647351967	6312.36222111496	7700.44973607984	3998.6745611831	3930.44057903305	4113.68154215547	4544.94873760363	3209.67638536442	2656.31526875831	3558.99194020748	4816.72187612891	2290.53188962224	6425.48503514111	3917.22855332657	2657.67507582092	4935.76801062048	1199.99219238232	3594.71665401572	2741.45164439121	1133.31273646748
1102.08411562497	1512.69258707219	1256.62505524454	3738.80404728363	1147.58194088906	5323.25395122231	3464.51524446008	1967.31527416392	2455.28383719971	4647.59472146413	838.843461806092	2854.34357845121	0	1451.39098682709	1563.33676838339	1353.25862693341	1119.58159314425	1315.82653468194	1314.82964740273	2755.25677891701	3614.67727160511	3739.19273053118	1351.19443758565	2005.92735545362	1588.01134499846	4032.59694867626	5310.67342488265	1192.5103913411	1121.06626166966	932.006674623596	1249.84636959135	979.916150652524	2.0312096292553	2396.08500582177	3463.88490807643	359.218874684708	2153.07254209479	1084.73841297716	2633.80025988861	2068.73905371255	2803.34219303356	2856.56076101262	981.201205864895	1084.7838089578	2379.65177779111	1822.7540692647	3077.33853552774	2938.67846394026	3882.48890487873	3217.71929421558	4076.31297730512	657.808560335653	2478.40866938917	4766.68443172219	2567.86860614419	1445.71587673859	1285.5286023435	897.689412264538	3221.59078773206	3356.45067191344	3596.54320452612	3694.32195587353	3613.88143015342	3284.1844240324	4490.6862406025	1152.29913284459	498.535361031237	4088.93919533636	894.648632035023	1477.76121595805	5561.62060971445	2363.46494030149	3856.77500368295	2.67289932492355	1837.98758785491	1785.08181493719	1496.26658382543	2464.31531259778	2477.4873229539	1089.24384024389	2455.21325910259	3458.01864266375	5683.41959783345	1144.33098273189	1076.09700058184	1259.33796370426	1690.60515915242	6064.01996381563	639.285130511932	5032.86090386759	1962.3782976777	4003.91853089997	4408.45489689473	1062.88497487536	4756.1230834221	2918.7378723741	2067.68429865479	1577.68651576934	724.421506144832	3150.34287471386
2553.47510245207	2112.70264991882	656.614992397923	3736.36425165339	2598.97292771615	4723.24388837569	4915.90623128717	3418.70626099101	1542.27127946785	4047.58465861751	1438.85352465271	2617.040201093	1451.39098682709	0	111.945781556299	196.132062773376	1719.59165599087	219.682196789876	218.208023562961	2155.24671607039	5066.0682584322	3139.18266768456	161.886502799452	1405.917292607	2413.96523129751	2581.20596184917	3859.28243805556	1689.12329959606	1721.07632451628	519.938910001409	649.836306744731	2185.45882911185	1453.42219645635	1796.07494297515	4915.27589490352	1321.42051900569	2753.08260494142	2536.12939980426	2033.79019704199	2959.04672062824	3403.35225588019	1405.16977418553	2181.82139186957	2536.17479578489	2979.66184063773	2422.76413211132	3671.53415992763	3538.68852678688	3012.54101011014	3584.74674751545	3318.03792549594	793.582426491439	3078.41873223579	6218.07541854929	3167.87866899081	2045.72593958521	1764.03984218938	2349.08039909163	3821.60085057868	3956.46073476006	4196.55326737274	4294.33201872015	4213.89149300004	3884.19448687902	5090.69630344912	2603.69011967168	1949.92634785833	2637.54820850927	1752.47762516183	877.751153111427	4110.22962288736	2988.43894396057	4456.78506652957	1454.06388615202	2437.99765070153	3236.47280176428	2947.65757065252	3915.70629942488	3928.878309781	2540.63482707098	1545.81627242667	4909.40962949084	5083.40953498683	2595.72196955898	2527.48798740893	2710.72895053136	3141.99614597952	4612.62897698854	1184.85055960394	3581.4699170405	3413.7692845048	2552.52754407288	3808.4448340481	2514.27596170245	3304.73209659501	2318.72780952748	2667.69436150141	977.676452922716	1052.48365616454	3750.35293756048
2665.42088400836	2174.7933578058	679.839217152083	3798.45495954038	2710.91870927245	4661.15318048871	5027.85201284347	3530.65204254731	1480.18057158086	3985.49395073053	1500.9442325397	2679.13090897999	1563.33676838339	111.945781556299	0	210.078141449983	1781.68236387786	281.772904676862	280.298731449947	2093.1560081834	5178.0140399885	3077.09195979758	212.142330797737	1343.82658472001	2525.91101285381	2469.26018029287	3747.33665649926	1801.06908115236	1783.16703240326	631.330093759795	676.083281081775	2297.40461066815	1565.36797801265	1733.98423508816	5027.22167645982	1433.36630056199	2815.1733128284	2648.07518136056	1971.699489155	3070.99250218453	3465.44296376717	1293.22399262923	2293.76717342587	2648.12057734119	3041.75254852472	2484.85483999831	3733.62486781462	3600.77923467387	3074.63171799713	3646.83745540244	3380.12863338292	905.528208047738	3140.50944012278	6330.02120010558	3229.96937687779	2107.8166474722	1875.98562374568	2461.02618064793	3883.69155846566	4018.55144264705	4258.64397525973	4356.42272660713	4275.98220088703	3946.28519476601	5152.78701133611	2715.63590122798	2061.87212941463	2525.60242695297	1864.42340671813	815.660445224441	3998.28384133106	3100.38472551686	4518.87577441656	1566.00966770831	2500.08835858851	3348.41858332058	3059.60335220882	4027.65208098118	4040.8240913373	2652.58060862728	1483.72556453968	5021.35541104714	5021.31882709985	2707.66775111528	2639.43376896523	2822.67473208766	3253.94192753582	4500.68319543224	1296.79634116024	3469.5241354842	3525.7150660611	2440.58176251658	3746.35412616112	2626.22174325875	3192.78631503871	2256.63710164049	2729.78506938839	915.58574503573	1164.42943772084	3812.44364544747
2455.34274255838	2308.83471269219	469.7610757021	3932.49631442677	2500.84056782247	4527.11182560232	4817.77387139349	3320.57390109733	1346.13921669447	3851.45259584414	1634.98558742609	2813.17226386638	1353.25862693341	196.132062773376	210.078141449983	0	1915.72371876425	415.814259563251	414.340086336336	1959.11465329701	4967.93589853852	2943.05060491119	34.2455599739237	1209.78522983362	2315.83287140383	2679.33832174285	3957.41479794924	1590.99093970238	1917.20838728965	716.070972774785	466.005139631792	2087.32646921817	1355.28983656266	1599.94288020177	4817.14353500984	1223.28815911201	2949.21466771479	2437.99703991057	1837.65813426861	2864.88117933255	3599.48431865356	1503.30213407921	2083.68903197588	2438.04243589121	3175.79390341111	2618.8961948847	3867.66622270101	3734.82058956026	3208.67307288352	3780.87881028883	3514.16998826931	727.496577435643	3274.55079500917	6119.9430586556	3364.01073176418	2241.85800235859	1665.9074822957	2250.94803919795	4017.73291335205	4152.59279753344	4392.68533014612	4490.46408149352	4410.02355577342	4080.3265496524	5286.8283662225	2505.557759778	1851.79398796465	2735.68056840295	1690.79075765502	681.619090338051	4208.36198278104	3159.60706592149	4652.91712930295	1355.93152625833	2634.1297134749	3138.3404418706	2849.52521075884	3817.57393953119	3830.74594988731	2442.5024671773	1349.68420965329	4811.27726959716	4887.27747221346	2497.5896096653	2429.35562751525	2612.59659063767	3043.86378608583	4710.76133688223	1086.71819971026	3679.60227693418	3315.63692461111	2650.65990396656	3612.31277127473	2416.14360180877	3402.86445648869	2122.5957467541	2863.82642427478	781.54439014934	954.351296270853	3946.48500033386
2020.79082694969	1007.36933368678	2376.20664838879	2820.09733595891	2145.55648339631	6442.83554436656	4383.22195578479	2886.02198548863	3261.86293545872	5767.17631460838	287.136344317214	1935.6368671265	1119.58159314425	1719.59165599087	1781.68236387786	1915.72371876425	0	1499.90945920099	1501.38363242791	3874.83837206126	4533.38398292982	4858.77432367543	1881.47815879032	3125.50894859787	2707.59293814271	3113.89023735155	4857.09807940052	2312.09198448534	2.25016798696635	1199.65274598946	2369.4279627356	1652.77455360947	1120.33470430681	3515.66659896602	4382.59161940114	1478.80046782896	1033.49094895055	2003.44512430188	3753.38185303286	2426.36244512586	2343.1149184867	1937.85404968791	1649.13711636719	2003.49052028252	1260.07018464686	703.172476120452	2158.63182420303	1837.74017784647	2963.78219355402	2299.01258289086	3157.6062659804	1188.2271413286	1358.82707624492	5685.39114304691	1448.28701299994	406.114282768876	2405.11019548775	1816.39612358925	2102.00919458781	2236.86907876919	2476.96161138187	2574.74036272928	2494.29983700917	2164.60283088815	3409.39159688049	2148.29681258651	1417.24207235595	3170.23248401165	1219.79334965945	2597.3428091023	4642.91389838974	2455.75466845819	2737.1934105387	1120.53761886848	718.405994710658	2703.7885262619	2414.97329515014	3383.0220239225	3396.19403427862	2007.9505515686	3265.40792841754	4376.72535398846	6803.0011909777	2063.0376940566	2105.09910965837	2354.56895447561	2609.31187047714	5145.31325249092	1758.86672365618	4114.15419254287	2881.08500900242	3085.21181957526	5528.03649003897	1981.59168620007	3837.41637209739	4038.31946551835	948.102705510538	2697.26810891359	1844.00309928908	2030.76128156961
2417.91065030691	1893.02045312894	876.297189187799	3516.68205486352	2463.40847557099	4942.92608516557	4780.34177914201	3283.14180884586	1761.95347625772	4267.26685540739	1219.17132786284	2397.35800430313	1315.82653468194	219.682196789876	281.772904676862	415.814259563251	1499.90945920099	0	1.47417322691507	2374.92891286027	4930.50380628705	3358.86486447444	381.568699589328	1625.59948939687	2278.40077915236	2716.77041399433	3994.84689020071	1553.5588474509	1501.3941277264	383.81986005834	869.518503534607	2049.8943769667	1317.85774431119	2015.75713976502	4779.71144275837	1185.85606686054	2533.40040815154	2400.5649476591	2253.47239383186	2823.48226848308	3183.67005909031	1540.73422633068	2046.25693972441	2400.61034363974	2759.97964384785	2203.08193532145	3451.85196313776	3319.00632999701	2792.85881332027	3365.06455072558	3098.35572870606	658.017974346283	2858.73653544592	6082.51096640413	2948.19647220093	1826.04374279534	1628.47539004422	2213.51594694647	3601.9186537888	3736.77853797018	3976.87107058287	4074.64982193027	3994.20929621017	3664.51229008915	4871.01410665924	2468.12566752653	1814.36189571317	2773.11266065443	1616.91317301668	1097.4333499013	4245.79407503251	2852.87449181541	4237.1028697397	1318.49943400686	2218.31545391165	3100.90834961913	2812.09311850737	3780.14184727972	3793.31385763584	2405.07037492582	1765.49846921655	4773.84517734569	5303.09173177671	2460.15751741383	2391.92353526378	2575.1644983862	3006.43169383436	4748.1934291337	1049.28610745879	3717.03436918565	3278.20483235964	2688.09199621803	4028.12703083798	2378.71150955729	3440.29654874017	2538.41000631736	2448.01216471153	1197.35864971259	916.919204019381	3530.6707407706
2416.9137630277	1894.49462635586	874.823015960883	3518.15622809043	2462.41158829179	4941.45191193865	4779.34489186281	3282.14492156665	1760.47930303081	4265.79268218047	1220.64550108975	2398.83217753004	1314.82964740273	218.208023562961	280.298731449947	414.340086336336	1501.38363242791	1.47417322691507	0	2373.45473963335	4929.50691900784	3357.39069124752	380.094526362413	1624.12531616996	2277.40389187315	2717.76730127353	3995.84377747992	1552.5619601717	1502.86830095332	382.822972779134	868.044330307692	2048.89748968749	1316.86085703199	2014.28296653811	4778.71455547916	1184.85917958133	2534.87458137846	2399.56806037989	2251.99822060495	2822.48538120387	3185.14423231723	1541.73111360989	2045.2600524452	2399.61345636053	2761.45381707477	2204.55610854836	3453.32613636467	3320.48050322392	2794.33298654718	3366.53872395249	3099.82990193298	657.021087067077	2860.21070867283	6081.51407912492	2949.67064542785	1827.51791602225	1627.47850276502	2212.51905966727	3603.39282701572	3738.2527111971	3978.34524380978	4076.12399515719	3995.68346943708	3665.98646331606	4872.48827988616	2467.12878024732	1813.36500843397	2774.10954793363	1615.91628573747	1095.95917667439	4246.79096231172	2851.8776045362	4238.57704296661	1317.50254672765	2219.78962713857	3099.91146233992	2811.09623122816	3779.14496000051	3792.31697035663	2404.07348764662	1764.02429598963	4772.84829006648	5301.61755854979	2459.16063013462	2390.92664798457	2574.16761110699	3005.43480655515	4749.1903164129	1048.28922017958	3718.03125646486	3277.20794508043	2689.08888349724	4026.65285761107	2377.71462227809	3441.29343601937	2536.93583309044	2449.48633793845	1195.88447648568	915.922316740174	3532.14491399752
2764.05138258655	4267.94936598921	1498.63172367247	5891.61096772378	1957.79376257553	2567.9971723053	4274.72706614655	4203.61641937696	1645.07201551323	1892.33794254712	3594.1002407231	4772.28691716339	2755.25677891701	2155.24671607039	2093.1560081834	1959.11465329701	3874.83837206126	2374.92891286027	2373.45473963335	0	4424.88909329158	983.935951614173	1993.36021327094	749.329423463395	1772.78606615689	3222.38512698979	4500.46160319618	1562.74638757592	3876.32304058667	2675.1856260718	1505.41040932566	3735.17292956954	2754.50366775445	767.079039982654	4274.0967297629	2396.0379042323	4908.32932101181	2980.17790258086	1052.87727887436	4823.99583262956	5558.59897195058	2737.36187859289	3736.45798478191	2980.08546069547	5134.90855670812	4578.01084818171	5826.78087599802	5693.93524285727	5167.78772618053	5739.99346358584	5473.28464156633	2686.61123073266	5233.66544830618	5576.89625340866	5323.1253850612	4200.9726556556	1469.72817657351	3325.50041657177	5976.84756664907	6111.70745083045	6351.79998344313	6449.57873479054	6369.13820907043	6039.44120294941	7245.94301951951	1962.51095453106	3165.61107944288	3278.72737364989	3649.90541095203	1277.49556295896	4751.40878802798	5118.7217192185	6612.03178259996	2754.30075319278	4593.24436677192	3023.30223328041	2306.4784055119	3274.52713428426	3287.69914464038	2977.65892964316	1645.00143741612	4268.23046435022	2928.16281891644	2836.5509177495	1886.30882226831	2069.54978539074	2500.8169808389	5253.80814212916	2115.97164840508	4222.64908218112	4205.22020029589	3193.7067092135	1653.19811797771	2540.63764625674	3945.91126173563	1380.70424003707	4822.9410775718	1177.57026314767	2030.83527277218	5905.59965363087
2512.59315598014	3526.01464924304	4498.17482283642	7353.48131888874	2467.09533071605	5496.89349592122	150.162027145033	1647.36199744119	6069.96110880482	4821.23426616304	4246.24763861261	6469.02085005632	3614.67727160511	5066.0682584322	5178.0140399885	4967.93589853852	4533.38398292982	4930.50380628705	4929.50691900784	4424.88909329158	0	5035.73030403677	4965.87170919076	3910.41219712067	2652.10302713469	7647.27422028137	8925.35069648776	3376.94495883614	4535.63415091679	4546.68394622871	4501.93075890673	2880.60942932035	3612.64606197585	5191.96813327424	150.792363528681	3744.64773942651	3625.14816836375	2529.93885862795	3372.01181441722	2107.02153780397	2629.70264833466	6471.23803261773	2884.24686656264	2529.89346264731	3385.25619193476	4306.4632099442	6692.01580713285	6371.12416077629	7497.16617648384	6832.39656582069	7690.99024891023	4272.48583194076	3706.26976537641	2831.80459225664	5882.95054772634	4939.4982656987	3302.02841624282	2716.98785934057	4876.61028399875	4707.48080395244	5299.46658909014	5365.93939445778	5238.92126615278	5391.67885247963	4317.04669590359	2462.37813876052	3116.14191057387	7703.61646694147	3313.59063327037	4877.69938619718	9176.29788131956	2189.82539560258	4876.18026425886	3612.00437228019	4282.19719976822	1829.59545666792	2118.41068777968	1571.16305602606	1137.18994865121	2525.43343136122	6069.8905307077	156.658628941361	5857.05914253236	2470.34628887322	2538.58027102327	2355.33930790085	1924.07211245269	9678.69723542074	3881.21769882826	8647.5381754727	1652.29897392741	7618.59580250508	5239.55892906595	2551.79229672975	8370.80035502721	3092.37741707301	5269.028657674	4275.25891324697	4013.58460226767	5467.00117844761
3747.98733420072	5251.88531760338	2482.56767528664	6875.54691933796	2713.21784027912	1584.06122069113	4885.56827689174	5187.55237099113	1596.91138821672	908.40199093295	4578.03619233728	5756.22286877756	3739.19273053118	3139.18266768456	3077.09195979758	2943.05060491119	4858.77432367543	3358.86486447444	3357.39069124752	983.935951614173	5035.73030403677	0	2977.29616488511	1733.26537507757	2383.62727690208	2611.5439162446	3889.62039245099	2546.68233919009	4860.25899220084	3659.12157768597	2489.34636093983	4719.10888118371	3738.43961936862	1343.10772470942	4884.93794050809	3379.97385584648	5892.26527262598	3964.11385419504	1663.71848961955	5807.93178424373	6542.53492356475	3721.29783020707	4720.39393639608	3964.02141230965	6118.84450832229	5561.94679979588	6810.7168276122	6677.87119447144	6151.72367779471	6723.92941520002	6457.2205931805	3670.54718234683	6217.60139992036	6187.73746415385	6307.06133667537	5184.90860726977	2453.66412818768	4309.43636818594	6960.78351826324	7095.64340244462	7335.73593505731	7433.51468640471	7353.07416068461	7023.37715456358	8229.87897113368	2710.47751108893	4149.54703105706	3906.22368813285	4633.84136256621	2261.43151457314	4140.56757728279	6102.65767083268	7595.96773421414	3738.23670480696	5577.18031838609	4007.23818489459	2917.31961625709	3885.36834502945	4041.31084277001	3961.59488125734	1593.36639525789	4879.07167509541	1944.22686730227	3820.48686936367	2753.67521401706	2680.39099613592	3111.65819158409	6020.418858136	3099.90760001925	3611.80787143593	5189.15615191006	3465.69097915533	669.262166363542	3524.57359787091	3335.07005099044	1991.54545078226	5806.87702918597	2161.50621476185	3014.77122438635	6889.53560524504
2453.27855321063	2274.58915271827	494.728489598471	3898.25075445284	2498.77637847471	4561.35738557624	4815.70968204573	3318.50971174957	1380.38477666839	3885.69815581806	1600.74002745217	2778.92670389245	1351.19443758565	161.886502799452	212.142330797737	34.2455599739237	1881.47815879032	381.568699589328	380.094526362413	1993.36021327094	4965.87170919076	2977.29616488511	0	1244.03078980754	2313.76868205608	2681.40251109061	3959.47898729699	1588.92675035462	1882.96282731573	681.825412800861	487.949803945279	2085.26227987042	1353.22564721491	1634.1884401757	4815.07934566208	1221.22396976426	2914.96910774087	2435.93285056282	1871.90369424254	2858.8501713868	3565.23875867964	1505.36632342697	2081.62484262813	2435.97824654346	3141.54834343718	2584.65063491077	3833.42066272709	3700.57502958633	3174.4275129096	3746.63325031491	3479.92442829539	693.385877250001	3240.30523503524	6117.87886930785	3329.76517179026	2207.61244238466	1663.84329294794	2248.88384985019	3983.48735337813	4118.34723755951	4358.43977017219	4456.2185215196	4375.7779957995	4046.08098967847	5252.58280624857	2503.49357043025	1849.72979861689	2737.74475775071	1656.5451976811	715.864650311975	4210.42617212879	3125.36150594756	4618.67156932902	1353.86733691058	2599.88415350098	3136.27625252285	2847.46102141108	3815.50975018344	3828.68176053956	2440.43827782954	1383.92976962722	4809.2130802494	4921.52303218738	2495.52542031754	2427.29143816749	2610.53240128992	3041.79959673808	4712.82552622998	1084.65401036251	3681.66646628193	3313.57273526336	2652.72409331432	3646.55833124865	2414.07941246101	3404.92864583645	2156.84130672803	2829.58086430086	815.789950123264	952.287106923099	3912.23944035993
