0	689.150397999657	930.599730550883	685.777571874701	2564.64390225141	841.355681183846	2313.37089698851	3011.40191309777	1306.44298190987	2937.43824759664	2257.85665345644	584.073862257698	867.163896974816	1538.82218118875	3692.60793433485	592.957975337886	1522.24684611977	2293.9196559731	3749.96537128274	1714.94062745289	2776.26369575134	1107.65386868292	2605.59762068746	965.074446824407	1537.48168239698	1556.40519433683	2074.92117933742	1418.38369706032	1507.60719347003	2894.85384484236	2763.05395193241	2790.7660834422	2299.78137175794	7334.40727971462	2570.6448441067	4805.69848978337	3874.5612622747	1146.26816120053	1741.12876206303	1310.34049846196	4834.35528558122	3071.45746152101	3408.99884603785	4571.8592247203	552.440887782589	3807.34087789059	2136.02608163752	699.107600493885	2115.06131852541	6037.73634871617	3560.19794520772	5859.72091592515	2420.48484415456	2415.8870222614	1201.21239552831	4032.92553380082	3468.09502759876	5084.85717180447	3271.45012915066	931.827728869952	2046.39165804017	5898.05978295704	4871.52831128162	4953.96890926455	5325.67709195055	4568.62596381539	5797.54284712246	5079.50462112635	5131.67789435098	5323.05868364239	5694.38743900894	4997.68413206343	5441.74210847092	4840.85449283769	5203.09576144466	4186.10672637488	2994.44276731188	3692.40108516781	2584.92899563842	4150.22597558761	4560.42843162475	4610.08915606932	4870.34262843192	4839.90113420421	5003.45527321252	4870.07292354735	1438.32563739564	2962.76593813392	1008.89560177546	933.932051599418	2760.00120362645	3707.59995603531	1609.64290539821	866.472893606458	1062.96329006874	3749.67636018634	2425.35254549062	607.65745959944	2756.77828829322	5367.00072376173
689.150397999657	0	1048.86868886907	3.37282612495562	3253.79430025106	959.624639502031	1624.22049898886	2322.25151509811	1995.59337990953	3055.70720591482	1817.37532388718	1273.22426025735	1556.31429497447	1456.50663519406	3003.45753633519	1282.10837333754	1640.51580443795	1645.42487240894	3060.81497328309	1025.79022945324	2087.11329775168	1188.97216338892	3294.74801868712	407.27720677702	1457.19360480927	1438.13623601865	1956.65222101923	1275.47713286391	818.456795470372	2205.70344684271	2073.90355393276	2101.61568544254	1610.63097375828	7216.13832139644	3259.79524210635	4116.54809178371	3185.41086427504	1835.41855920019	1859.39772038121	1428.60945678014	4716.08632726304	2953.18850320282	3290.72988771967	4453.59026640212	235.853951373353	3118.19047989093	2254.29503995571	306.085711591419	1425.91092052575	5348.58595071651	3678.46690352591	5170.57051792549	2538.75380247274	2534.15598057958	727.618558898237	3914.65657548264	3349.82606928058	4966.58821348629	3153.18117083248	1050.09668718814	2293.47646666105	5208.90938495738	4182.37791328196	4264.8185112649	4636.5266939509	3879.47556581573	5108.39244912281	4390.3542231267	4442.52749635132	4633.90828564273	5005.23704100928	4308.53373406378	4752.59171047126	4151.70409483804	4513.945363445	3496.95632837522	2305.29236931222	3003.25068716816	2466.66003732023	3461.07557758796	3871.27803362509	3920.93875806967	4181.19223043227	4150.75073620455	4314.30487521286	4180.9225255477	1405.15856986618	3081.0348964521	943.247321142657	1052.2010099176	2070.85080562679	3018.44955803566	920.492507398552	1555.62329160612	1752.11368806839	3060.52596218669	2543.6215038088	1249.84385201338	2638.50932997503	5248.73176544355
930.599730550883	1048.86868886907	0	1046.83800811468	3464.57871799313	900.754398090374	1413.43608124679	2111.46709735605	2206.37779765159	2006.83851704575	1357.92183771472	1484.00867799942	1767.09871271654	638.887365447031	2792.67311859313	1492.89279107961	591.647115568886	1393.98484023138	2850.03055554102	1441.3004161777	1876.32888000962	207.7190529412	3505.53243642918	641.591482092048	637.546866655256	2487.00492488772	3005.5209098883	518.4488813186	1685.26848721877	1994.91902910064	1863.11913619069	1890.83126770048	2005.8228311573	8265.00701026551	3470.57965984842	3905.76367404165	2974.62644653298	2046.20297694225	810.529031512143	450.306849009291	5764.95501613211	4002.05719207189	4339.59857658873	5502.45895527118	1284.72264024242	2907.40606214887	1205.42635108664	742.782977277649	1215.12650278369	5137.80153297445	2629.59821465684	4959.78610018343	1489.88511360368	1485.28729171051	321.250129970831	4963.5252643517	4398.69475814965	6015.45690235535	4202.04985970155	1.74141085540276	2976.99138859106	4998.12496721532	3971.5934955399	4888.23791518881	4425.74227620883	4136.33180614853	4897.60803138074	4770.81441674804	4231.74307860926	4585.75721558969	4794.45262326722	4502.49856140188	4541.8072927292	3940.91967709597	4303.16094570294	3286.17191063316	2400.28087476062	2792.46626942609	3515.5287261893	3250.29115984589	3660.49361588303	3710.1543403276	3970.40781269021	3939.96631846249	4103.5204574708	3970.13810780564	538.390821653917	2032.16620758303	108.960786033742	3.33232104853451	1860.06638788473	2807.66514029359	1446.98803942431	1766.40770934818	1962.89810581046	2849.74154444463	1494.75281493973	1460.62826975544	3687.3780188441	6297.60045431262
685.777571874701	3.37282612495562	1046.83800811468	0	3250.42147412611	957.593958747639	1627.59332511381	2325.62434122307	1992.22055378457	3053.67652516043	1815.34464313279	1269.8514341324	1552.94146884952	1454.47595443967	3006.83036246015	1278.73554721259	1638.48512368356	1643.39419165455	3064.18779940804	1029.16305557819	2090.48612387663	1186.94148263453	3291.37519256216	405.246526022629	1455.16292405488	1440.16691677304	1958.68290177363	1273.44645210952	821.829621595328	2209.07627296766	2077.27638005771	2104.9885115675	1614.00379988324	7218.16900215083	3256.4224159814	4119.92091790866	3188.7836904	1832.04573307523	1857.36703962682	1426.57877602575	4718.11700801743	2955.21918395722	3292.76056847406	4455.62094715651	237.884632127744	3121.56330601589	2252.26435920131	304.055030837027	1429.28374665071	5351.95877684147	3676.43622277151	5173.94334405045	2536.72312171835	2532.12529982519	725.587878143845	3916.68725623703	3351.85675003497	4968.61889424068	3155.21185158687	1048.06600643375	2290.1036405361	5212.28221108234	4185.75073940692	4268.19133738985	4639.89952007585	3882.84839194069	5111.76527524776	4393.72704925165	4445.90032247628	4637.28111176769	5008.60986713424	4311.90656018873	4755.96453659622	4155.07692096299	4517.31818956996	3500.32915450017	2308.66519543717	3006.62351329311	2468.69071807462	3464.44840371291	3874.65085975005	3924.31158419462	4184.56505655722	4154.12356232951	4317.67770133782	4184.29535167265	1403.12788911179	3079.00421569771	941.216640388266	1050.17032916321	2074.22363175174	3021.82238416061	923.865333523507	1552.25046548116	1748.74086194344	3063.89878831164	2541.59082305441	1246.47102588842	2640.54001072943	5250.76244619794
2564.64390225141	3253.79430025106	3464.57871799313	3250.42147412611	0	2563.82431990275	4878.01479923992	5576.04581534917	1258.20092034154	5225.2598255541	4822.50055570785	1980.57003999371	1697.48000527659	4103.46608344016	6257.25183658625	1971.68592691352	2901.37262717688	4858.56355822451	6314.60927353415	4279.5845297043	5340.90759800274	3672.29777093432	1724.96931442443	3529.71834907581	4102.12558464838	3973.99047647883	3956.12505237999	3983.02759931172	4072.25109572143	5459.49774709377	5327.69785418382	5355.4099856936	4864.42527400935	7471.97679676987	6.00094185529019	7370.34239203477	6439.2051645261	1418.37574105087	4086.94030553774	3014.27186898383	4971.92480263647	3209.02697857625	3546.5683630931	4709.42874177555	3117.08479003399	6371.984780142	2362.22249887344	3263.75150274529	4679.70522077682	8602.38025096758	4914.00932274201	8424.36481817656	4006.28479832493	4008.75871080294	3765.85629777972	4668.00538640622	5230.3889110654	5473.74051177726	4885.47342177456	3462.83730713772	2183.96117509542	8462.70368520844	7436.17221353302	7518.61281151596	7890.32099420196	7133.2698660668	8362.18674937387	7644.14852337776	7696.32179660239	7887.7025858938	8259.03134126034	7562.32803431484	8006.38601072232	7405.4983950891	7767.73966369607	6750.75062862628	5559.08666956328	6257.04498741922	2722.49851269366	6714.86987783902	7125.07233387615	7174.73305832073	7434.98653068333	7404.54503645561	7568.09917546393	7434.71682579876	4002.96953964704	4812.17647126664	3573.53950402687	3461.50138541481	5324.64510587785	6272.24385828672	4174.28680764961	1698.17100864495	1501.68061218267	6314.32026243775	4267.97741054422	2003.95044823768	4933.92065927903	5504.57024081698
841.355681183846	959.624639502031	900.754398090374	957.593958747639	2563.82431990275	0	2314.19047933717	3012.22149544642	1891.55542435235	2661.43550565135	2258.67623580509	1216.80929732791	866.344314626162	1539.6417635374	3693.4275166835	592.138392989232	680.891164935924	2294.73923832176	3750.7849536314	1715.76020980155	2777.08327809999	1108.47345103157	2604.77803833881	965.894029173062	1538.30126474563	2397.76087552068	2916.27686052127	1419.20327940897	1596.02443785173	2895.67342719102	2763.87353428107	2791.58566579085	2300.6009541066	8175.76296089847	2569.82526175804	4806.51807213202	3875.38084462335	1648.24869617092	1523.11598563499	468.984817278113	5675.71096676507	3912.81314270485	4250.3545272217	5413.21490590415	1195.47859087538	3808.16046023925	1294.67040045367	699.927182842539	2115.88090087406	6038.55593106482	2718.84226402388	5860.5404982738	1579.12916297071	1574.53134107755	1202.03197787697	4874.28121498467	4309.45070878261	5926.21285298832	4112.80581033451	899.012987234971	2887.74733922402	5898.87936530569	4872.34789363027	4954.78849161321	5326.49667429921	4569.44554616404	5798.36242947112	5080.32420347501	5132.49747669964	5323.87826599105	5695.20702135759	4998.50371441209	5442.56169081957	4841.67407518635	5203.91534379332	4186.92630872353	2995.26234966053	3693.22066751647	3426.28467682226	4151.04555793627	4561.2480139734	4610.90873841798	4871.16221078058	4840.72071655286	5004.27485556118	4870.89250589601	1439.14521974429	2248.35215136389	1009.71518412412	897.677065512056	2760.8207859751	3708.41953838397	1610.46248774686	865.653311257804	1742.61406809552	3750.495942535	1704.15309064146	559.873871665068	3598.13396947706	6208.35640494558
2313.37089698851	1624.22049898886	1413.43608124679	1627.59332511381	4878.01479923992	2314.19047933717	0	1458.07007882698	3619.81387889838	2534.23126023535	1295.89937820771	2897.44475924621	3180.53479396333	935.030689514594	1379.23703734634	2906.3288723264	1976.64217206304	1123.94892672948	1436.59447429423	913.907672988094	1512.39532566592	1205.71702830559	4918.96851767597	1348.29645016411	935.717659129806	1959.61218169811	2478.1281666987	894.987199928194	1157.87574402917	1079.57273833474	1022.97412634915	1056.35543496754	1478.4300879677	7737.6142670759	4884.01574109521	2492.32759279485	1561.19036528619	3459.63905818905	1337.92177470174	1863.74293025608	5237.5622729425	3474.66444888229	3812.20583339913	4975.06621208158	1760.93000920592	1493.96998090208	2515.79230036648	1614.26329649463	198.309578463103	3724.36545172766	3156.99095784644	3546.35001893664	2017.27785679328	2012.68003490012	1112.1585014602	4436.1325211621	3871.30201496005	5488.06415916575	3674.65711651194	1415.1774921022	3917.69696564991	3633.21011907766	3435.31982799533	4360.84517199921	3300.94430130904	3608.93906295893	3484.17195013395	4243.42167355844	3394.76456175287	4058.36447240008	3585.54058649957	3975.10581821228	3535.09723057862	3393.03806787568	3379.06410525682	2188.66689568894	1872.88813157102	1379.0301881793	2988.1359829997	1836.8550785991	2910.18517480862	3092.27740194074	3099.34864945358	2871.80325097571	2690.08437622401	3102.07757626113	883.682624186717	2559.55895077264	1304.47529521305	1416.51341382511	446.630306637932	1620.14072216906	919.595296234713	3179.84379059497	3376.33418705725	1436.30546319783	2022.14555812933	2874.06435100223	3159.9852756545	5770.20771112302
3011.40191309777	2322.25151509811	2111.46709735605	2325.62434122307	5576.04581534917	3012.22149544642	1458.07007882698	0	4317.84489500764	1076.16118140837	753.545259641328	3595.47577535547	3878.56581007258	1472.57973190902	1095.05911679892	3604.35988843565	2674.6731881723	717.482257124666	738.563458184974	2371.97775181507	235.138217346432	1903.74804441485	5616.99953378523	2046.32746627336	1473.92023070079	3417.68226052509	3936.19824552568	1593.01821603745	2615.94582285615	2537.64281716172	2481.04420517613	2514.42551379452	2936.50016679468	9195.68434590288	5582.04675720446	1794.2965766856	2142.95521076034	4157.6700742983	1489.10550981143	2561.77394636534	6695.63235176949	4932.73452770927	5270.27591222611	6433.13629090856	2458.96102531518	1219.43160718421	3213.82331647573	2312.29431260388	1265.82610580358	3026.3344356184	1698.92087901946	3628.23808350083	1569.76101702424	1567.28710454623	1810.18951756945	5894.20259998908	5329.37209378702	6946.13423799273	5132.72719533892	2113.20850821145	4615.72798175917	5091.28019790464	4893.38990682231	5818.91525082619	4759.01438013602	5067.00914178591	4823.38208909839	5701.49175238542	4852.83464057985	5516.43455122706	5043.61066532655	5433.17589703926	4993.1673094056	4851.10814670266	4837.1341840838	3646.73697451592	3330.958210398	1090.34236040854	4446.20606182668	3292.79511456986	4368.2552536356	4550.34748076772	4557.41872828056	4329.87332980269	4044.22944614237	4560.14765508811	1573.07627570213	1101.48887194566	2002.50631132231	2114.54442993437	1383.13942438763	696.198042937546	2377.66537506169	3877.87480670423	4074.3652031665	738.274447088577	1308.06840480496	3572.09536711149	4618.05535448148	7228.27778995
1306.44298190987	1995.59337990953	2206.37779765159	1992.22055378457	1258.20092034154	1891.55542435235	3619.81387889838	4317.84489500764	0	3987.63799076514	3564.29963536631	722.369119652173	1277.1646221021	2845.26516309862	4999.05091624472	1419.57681728587	2572.44658928828	3600.36263788297	5056.40835319261	3021.38360936276	4082.70667766121	2414.09685059279	1299.15463877759	2271.51742873428	2843.92466430685	2715.7895561373	2697.92413203846	2724.82667897019	2814.0501753799	4201.29682675223	4069.49693384228	4097.20906535207	3606.22435366781	6284.20753654612	1264.20186219683	6112.14147169324	5181.00424418457	243.30672818143	2828.73938519621	2360.54024163047	3784.15554241272	2021.2577183525	2358.79910286934	3521.65948155179	1858.88386969246	5113.78385980046	3186.22582480603	2005.55058240376	3421.50430043528	7344.17933062604	4610.39768837623	7166.16389783502	3470.68458732307	3466.0867654299	2507.65537743818	3409.80446606468	3972.18799072386	4215.53959143572	3627.27250143303	2204.63638679619	996.191914871666	7204.50276486691	6177.97129319149	6260.41189117442	6632.12007386042	5875.06894572526	7103.98582903233	6385.94760303622	6438.12087626085	6629.50166555226	7000.83042091881	6304.1271139733	6748.18509038079	6147.29747474756	6509.53874335453	5492.54970828475	4300.88574922175	4998.84406707768	1534.72925246991	5456.66895749748	5866.87141353462	5916.53213797919	6176.7856103418	6146.34411611408	6309.89825512239	6176.51590545723	2744.76861930551	4012.96568130243	2315.33858368533	2203.30046507327	4066.44418553632	5014.04293794518	2916.08588730808	1277.28255178904	243.479691841133	5056.11934209622	3475.55228865912	1657.85720276795	3675.7197389375	4316.80098059323
2937.43824759664	3055.70720591482	2006.83851704575	3053.67652516043	5225.2598255541	2661.43550565135	2534.23126023535	1076.16118140837	3987.63799076514	0	1238.33188202764	3312.8918637407	3527.77982027751	1599.20057072076	2171.22029820729	3253.57389864058	2323.88719837722	1410.28233350588	1715.33899558736	3448.13893322345	1021.83593456943	1866.7350425259	5266.21354399016	2648.4299991378	1598.51360110555	4493.84344193347	5012.35942693406	1780.23007305091	3692.10700426452	3613.80399857009	3557.20538658451	3590.58669520289	4012.66134820305	10271.8455273113	5231.26076740939	2145.08256648067	3219.11639216872	3806.88408450323	1196.30948553361	2210.98795657027	7771.79353317786	6008.89570911764	6346.43709363449	7509.29747231694	3291.56115728817	2295.59278859258	2863.03732668066	2749.6214943234	2341.98728721195	3377.12042541347	622.759697611085	4704.3992649092	1218.97502722917	1216.50111475116	2328.08864701658	6970.36378139746	6405.5332751954	8022.29541940111	6208.8883767473	2005.61051872668	4983.82990563681	6167.44137931301	5969.55108823069	6895.07643223456	5835.1755615444	6143.17032319428	5899.54327050677	6777.65293379379	5928.99582198822	6592.59573263544	6119.77184673492	6509.33707844764	6069.32849081397	5927.26932811104	5913.29536549217	4722.89815592429	4407.11939180637	2166.50354181691	5522.36724323505	4368.95629597824	5444.41643504397	5626.50866217609	5633.57990968893	5406.03451121107	5120.39062755074	5636.30883649648	1650.54863604864	413.083354287457	2112.45988477216	2003.50619599722	2459.300605796	1046.98403273262	3453.82655647007	3527.08881690915	3838.69663450831	1717.74855067084	957.282415009886	3221.30937731642	5694.21653588985	8304.43897135837
2257.85665345644	1817.37532388718	1357.92183771472	1815.34464313279	4822.50055570785	2258.67623580509	1295.89937820771	753.545259641328	3564.29963536631	1238.33188202764	0	2841.93051571414	3125.02055043126	719.034472267689	1434.75128087841	2850.81462879433	1921.12792853097	171.950451478236	1492.1087178263	2209.80705119581	518.407042294895	1150.20278477352	4863.4542741439	1410.09811711016	720.374971059464	3255.51155990583	3774.02754490641	839.47295639612	2453.77512223688	2375.47211654245	2318.87350455686	2352.25481317525	2774.32946617541	9033.51364528362	4828.50149756314	2547.84183632693	1980.78451014108	3404.12481465697	735.560250170103	1808.22868672401	6533.46165115022	4770.56382709	5108.10521160684	6270.96559028929	2053.22927526053	1549.48422443415	2460.27805683441	1558.74905296256	1103.65540518431	3779.87969525973	1861.09157963873	3601.86426246871	816.215757382911	813.741844904902	1089.75676498894	5732.03189936981	5167.20139316776	6783.96353737347	4970.55649471966	1359.66324857012	3862.18272211784	4929.10949728537	4731.21920620304	5656.74455020692	4596.84367951675	4904.83844116664	4661.21138847913	5539.32105176615	4690.66393996058	5354.26385060779	4881.43996470728	5271.00519641999	4830.99660878633	4688.9374460834	4674.96348346453	3484.56627389665	3168.78750977873	1434.54443171137	4284.03536120741	3130.62441395059	4206.08455301633	4388.17678014845	4395.24802766129	4167.70262918343	3882.0587455231	4397.97695446884	819.531016060803	1263.65957256492	1248.96105168098	1360.99917029304	1220.96872376836	1449.74330257887	2215.49467444243	3124.3295470629	3320.81994352518	1491.8197067299	726.246179921622	2818.55010747016	4455.88465386221	7066.10708933073
584.073862257698	1273.22426025735	1484.00867799942	1269.8514341324	1980.57003999371	1216.80929732791	2897.44475924621	3595.47577535547	722.369119652173	3312.8918637407	2841.93051571414	0	602.418495077657	2122.89604344645	4276.68179659255	744.830690261429	1897.70046226384	2877.9935182308	4334.03923354044	2299.01448971059	3360.33755800903	1691.72773094062	2021.52375842976	1549.14830908211	2121.55554465467	1993.42043648513	1975.55501238629	2002.45755931802	2091.68105572773	3478.92770710006	3347.12781419011	3374.8399456999	2883.85523401564	6958.95366357056	1986.570981849	5389.77235204106	4458.6351245324	562.194298942836	2116.58237820709	1685.79411460602	4458.90166943716	2696.00384537694	3033.54522989378	4196.40560857623	1136.51475004029	4391.41474014829	2511.47969778159	1283.18146275158	2699.13518078311	6621.81021097387	3935.65156135179	6443.79477818285	2795.93846029862	2791.34063840546	1785.28625778601	3657.47191765675	3249.81887107169	4709.4035556604	2904.90338178085	1482.26726714401	1670.93804189611	6482.13364521474	5455.60217353931	5538.04277152225	5909.75095420825	5152.69982607309	6381.61670938016	5663.57848338405	5715.75175660868	5907.13254590009	6278.46130126663	5581.75799432113	6025.81597072862	5424.92835509539	5787.16962370236	4770.18058863257	3578.51662956957	4276.47494742551	2209.47537949435	4734.29983784531	5144.50229388245	5194.16301832702	5454.41649068962	5423.9749964619	5587.52913547022	5454.14678580505	2022.39949965333	3338.21955427798	1592.96946403316	1480.9313454211	3344.07506588414	4291.67381829301	2193.71676765591	602.536424764599	525.804770767607	4333.75022244404	2800.80616163468	983.111075743506	2953.35061928532	4991.54710761767
867.163896974816	1556.31429497447	1767.09871271654	1552.94146884952	1697.48000527659	866.344314626162	3180.53479396333	3878.56581007258	1277.1646221021	3527.77982027751	3125.02055043126	602.418495077657	0	2405.98607816357	4559.77183130966	274.20592163693	1295.28196718618	3161.08355294792	4617.12926825756	2582.10452442771	3643.42759272615	1974.81776565774	1814.36467630278	1832.23834379922	2404.64557937179	2276.51047120224	2301.88605827101	2285.54759403514	2374.77109044484	3762.01774181718	3630.21784890723	3657.92998041702	3166.94526873276	7561.37215864821	1703.48094713188	5672.86238675818	4741.72515924951	1033.85789392067	2389.46030026115	1316.79186370725	5061.32016451481	3298.4223404546	3635.96372497144	4798.82410365389	1419.60478475741	4674.50477486541	1909.06120270393	1566.2714974687	2982.22521550023	6904.90024569099	3333.23306627413	6726.88481289997	2308.80479304834	2311.27870552635	2068.37629250313	4259.89041273441	3695.05990653235	5311.82205073806	3498.41500808425	1765.35730186113	2273.35653697376	6765.22367993185	5738.69220825643	5821.13280623937	6192.84098892537	5435.78986079021	6664.70674409728	5946.66851810117	5998.8417913258	6190.22258061721	6561.55133598375	5864.84802903825	6308.90600544574	5708.01838981251	6070.25965841948	5053.27062334969	3861.60666428669	4559.56498214263	2811.89387457201	5017.38987256243	5427.59232859956	5477.25305304414	5737.50652540674	5707.06503117902	5870.61917018734	5737.23682052217	2305.48953437045	3114.69646599006	1876.05949875028	1764.02138013822	3627.16510060126	4574.76385301013	2476.80680237302	0.691003368357769	1128.22326584526	4616.84025716116	2570.49740526763	380.692580665849	3236.44065400244	5593.96560269533
1538.82218118875	1456.50663519406	638.887365447031	1454.47595443967	4103.46608344016	1539.6417635374	935.030689514594	1472.57973190902	2845.26516309862	1599.20057072076	719.034472267689	2122.89604344645	2405.98607816357	0	2153.7857531461	2131.78015652664	1202.09345626328	755.097474784351	2211.14319009399	1848.93836250269	1237.44151456258	431.168312505831	4144.41980187621	1049.22942841704	1.34049879177439	2894.64287121271	3413.1588562133	181.029502330148	2092.90643354376	2014.60342784933	1958.00481586375	1991.38612448213	2413.46077748229	8672.6449565905	4109.46702529545	3266.87630859462	2335.73908108595	2685.09034238928	402.89108518715	1089.19421445632	6172.5929624571	4409.69513839688	4747.23652291373	5910.09690159618	1692.36058656741	2268.51869670184	1741.24358456672	1150.42092360264	742.786716491191	4498.91416752742	2221.96026833184	4320.8987347364	1082.24716727868	1077.64934538552	728.888076295824	5371.1632106767	4806.33270447464	6423.09484868035	4609.68780602654	640.628776302433	3384.62933491605	4568.24080859225	4370.35051750993	5295.8758615138	4235.97499082364	4543.96975247352	4300.34269978601	5178.45236307303	4329.79525126746	4993.39516191468	4520.57127601416	4910.13650772688	4470.12792009321	4328.06875739028	4314.09479477141	3123.69758520353	2807.91882108561	2153.57890397906	3923.16667251429	2769.75572525748	3845.21586432322	4027.30809145533	4034.37933896817	3806.83394049031	3521.19005682998	4037.10826577572	100.496543793113	1624.52826125804	529.926579413289	641.964698025348	1221.1790224377	2168.77777484656	1854.62598574931	2405.29507479521	2601.78547125749	2210.85417899759	1087.11486861474	2099.51563520247	4095.0159651691	6705.23840063761
3692.60793433485	3003.45753633519	2792.67311859313	3006.83036246015	6257.25183658625	3693.4275166835	1379.23703734634	1095.05911679892	4999.05091624472	2171.22029820729	1434.75128087841	4276.68179659255	4559.77183130966	2153.7857531461	0	4285.56590967273	3355.87920940938	1398.68827836175	455.881302619937	1977.66730688195	1149.38436363786	2584.95406565193	6298.20555502231	2727.53348751044	2155.12625193787	2322.62314372618	2841.13912872676	2274.22423727453	2185.00074086482	1442.5837003628	1385.98508837721	1419.3663969956	1841.44104999576	8100.62522910396	6263.25277844154	1685.20870727027	1047.89609396143	4838.87609553538	2170.31153104851	3242.97996760242	5600.57323497057	3837.67541091035	4175.21679542719	5338.07717410964	3140.16704655226	124.372490385289	3895.02933771281	2993.50033384096	1577.54661580944	2345.12841438132	2793.97999581838	2533.17896670191	2250.96703826132	2248.49312578331	2491.39553880654	4799.14348319016	4234.31297698811	5851.07512119381	4037.66807854	2794.41452944853	5296.93400299625	3996.22108110572	3798.33079002339	4723.85613402727	3663.9552633371	3971.95002498699	3728.32297229947	4606.4326355865	3757.77552378093	4421.37543442814	3948.55154852763	4338.11678024034	3898.10819260668	3756.04902990374	3742.07506728488	2551.677857717	2235.89909359908	4.71675639038281	4150.20181745889	2197.73599777094	3273.19613683668	3455.2883639688	3462.35961148164	3234.81421300377	2949.17032934345	3465.08853828919	2254.28229693921	2196.54798874458	2683.71233255939	2795.75045117145	932.606730708403	1257.129760141	2082.96502893664	4559.08082794131	4755.57122440359	453.471747536456	1989.27442604204	4253.30138834857	3522.99623768256	6133.21867315108
592.957975337886	1282.10837333754	1492.89279107961	1278.73554721259	1971.68592691352	592.138392989232	2906.3288723264	3604.35988843565	1419.57681728587	3253.57389864058	2850.81462879433	744.830690261429	274.20592163693	2131.78015652664	4285.56590967273	0	1152.86977200241	2886.87763131099	4342.92334662063	2307.89860279078	3369.22167108922	1700.61184402081	2012.63964534957	1558.03242216229	2130.43965773486	2002.30454956531	2444.29825345478	2011.34167239821	2100.56516880792	3487.81182018025	3356.0119272703	3383.72405878009	2892.73934709583	7703.78435383199	1977.68686876881	5398.65646512125	4467.51923761259	1176.27008910444	2115.25437862422	1042.58594207032	5203.73235969859	3440.83453563837	3778.37592015521	4941.23629883766	1145.39886312048	4400.29885322848	1766.64900752016	1292.06557583177	2708.0192938633	6630.69432405406	3190.82087109036	6452.67889126304	2051.1077700372	2046.50994814403	1794.1703708662	4402.30260791818	3837.47210171613	5454.23424592184	3640.82720326803	1491.1513802242	2415.76873215754	6491.01775829492	5464.4862866195	5546.92688460244	5918.63506728844	5161.58393915328	6390.50082246035	5672.46259646424	5724.63586968887	5916.01665898028	6287.34541434682	5590.64210740132	6034.70008380881	5433.81246817558	5796.05373678255	4779.06470171276	3587.40074264976	4285.3590605057	2954.30606975578	4743.1839509255	5153.38640696263	5203.04713140721	5463.30060376981	5432.85910954209	5596.41324855041	5463.03089888524	2031.28361273352	2840.49054435313	1601.85357711335	1489.81545850129	3352.95917896433	4300.5579313732	2202.60088073609	273.514918268572	1270.63546102904	4342.63433552423	2296.2914836307	238.280385482077	3126.15536241058	5736.3777978791
1522.24684611977	1640.51580443795	591.647115568886	1638.48512368356	2901.37262717688	680.891164935924	1976.64217206304	2674.6731881723	2572.44658928828	2323.88719837722	1921.12792853097	1897.70046226384	1295.28196718618	1202.09345626328	3355.87920940938	1152.86977200241	0	1957.19093104763	3413.23664635727	2032.94753174658	2439.53497082586	770.925143757448	3109.64664348896	1233.23859766093	1200.7529574715	3078.6520404566	3597.16802545719	1081.65497213485	2276.91560278766	2558.12511991689	2426.32522700694	2454.03735851673	2597.46994672618	8856.65412583439	2907.37356903217	4468.96976485789	3537.83253734923	2329.13986110685	1185.56767836087	211.906347657811	6356.60213170099	4593.70430764078	4931.24569215762	6094.10607084007	1876.36975581131	3470.61215296512	613.779235517751	1334.43009284654	1778.33259359994	5701.0076237907	2037.95109908795	5522.99219099968	1104.91217114806	1107.38608362607	912.897245539718	5555.17237992059	4990.34187371853	6607.10401792424	4793.69697527043	590.419117249818	3568.63850415994	5561.33105803157	4554.35968675382	5479.8850307577	4988.94836702508	4727.97892171742	5460.81412219699	5362.46153231693	4794.94916942551	5177.40433115857	5357.65871408346	5094.14567697077	5105.01338354545	4512.07792663417	4866.36703651919	3849.3780014494	2991.92799032951	3355.67236024234	4107.17584175819	3813.49725066214	4223.69970669928	4273.36043114385	4533.61390350645	4503.17240927874	4666.72654828705	4533.34419862188	1101.59691247017	1910.80384408977	697.268483295297	588.314794520352	2423.27247870097	3370.87123110984	2038.6351549932	1295.16403749924	2423.50523303144	3412.94763526087	1366.60478336734	914.58938652033	4279.02513441299	6889.2475698815
2293.9196559731	1645.42487240894	1393.98484023138	1643.39419165455	4858.56355822451	2294.73923832176	1123.94892672948	717.482257124666	3600.36263788297	1410.28233350588	171.950451478236	2877.9935182308	3161.08355294792	755.097474784351	1398.68827836175	2886.87763131099	1957.19093104763	0	1456.04571530964	2037.85659971757	482.344039778233	1186.26578729018	4899.51727666056	1328.84520914869	756.437973576126	3083.56110842759	3602.07709342818	875.535958912782	2281.82467075864	2203.52166506421	2146.92305307863	2180.30436169701	2602.37901469717	8861.56319380538	4864.5645000798	2511.77883381026	1808.83405866284	3440.18781717364	771.623252686765	1844.29168924067	6361.51119967198	4598.61337561177	4936.15476012861	6099.01513881106	1881.2788237823	1513.42122191749	2496.34105935107	1594.81205547922	931.704953706072	3743.81669274307	2033.04203111696	3565.80125995205	893.3289300638	888.731108170639	1092.70726044479	5560.08144789158	4995.25094168952	6612.01308589523	4798.60604324142	1395.72625108678	3898.2457246345	4757.15904580714	4559.26875472481	5484.79409872869	4424.89322803852	4732.88798968841	4489.26093700089	5367.37060028791	4518.71348848234	5182.31339912956	4709.48951322904	5099.05474494176	4659.0461573081	4516.98699460516	4503.0130319863	3312.61582241841	2996.8370583005	1398.48142919471	4112.08490972917	2958.67396247236	4034.1341015381	4216.22632867022	4223.29757618305	3995.75217770519	3710.10829404487	4226.02650299061	855.594018577465	1435.61002404316	1285.02405419764	1397.0621728097	1049.01827229012	1413.68030006221	2043.54422296419	3160.39254957956	3356.88294604184	1455.75670421324	898.196631399858	2854.61310998682	4283.93420238398	6894.15663785249
3749.96537128274	3060.81497328309	2850.03055554102	3064.18779940804	6314.60927353415	3750.7849536314	1436.59447429423	738.563458184974	5056.40835319261	1715.33899558736	1492.1087178263	4334.03923354044	4617.12926825756	2211.14319009399	455.881302619937	4342.92334662063	3413.23664635727	1456.04571530964	0	2035.02474382985	973.701675531407	2642.31150259982	6355.5629919702	2784.89092445833	2212.48368888577	2778.50444634611	3297.0204313467	2331.58167422242	2242.35817781271	1898.46500298273	1841.86639099715	1875.24769961553	2297.32235261569	8556.5065317239	6320.61021538944	1229.32740465033	1503.77739658136	4896.23353248328	2227.66896799641	3300.33740455031	6056.4545375905	4293.55671353029	4631.09809804713	5793.95847672958	3197.52448350015	580.253793005226	3952.38677466071	3050.85777078886	1634.90405275733	2287.77097743343	2338.09869319844	2989.06026932185	2308.32447520921	2305.8505627312	2548.75297575443	5255.0247858101	4690.19427960804	6306.95642381375	4493.54938115994	2851.77196639642	5354.29143994414	4452.10238372566	4254.21209264333	5179.73743664721	4119.83656595704	4427.83132760693	4184.20427491941	5062.31393820643	4213.65682640086	4877.25673704808	4404.43285114757	4793.99808286028	4353.98949522662	4211.93033252368	4197.95636990482	3007.55916033693	2691.78039621902	451.164546229554	4207.55925440678	2653.61730039088	3729.07743945662	3911.16966658874	3918.24091410157	3690.69551562371	3405.05163196339	3920.96984090913	2311.6397338871	1740.66668612464	2741.06976950728	2853.10788811934	989.964167656296	801.24845752106	2140.32246588453	4616.4382648892	4812.92866135148	2.40955508348083	2046.63186298993	4310.65882529646	3978.8775403025	6589.09997577101
1714.94062745289	1025.79022945324	1441.3004161777	1029.16305557819	4279.5845297043	1715.76020980155	913.907672988094	2371.97775181507	3021.38360936276	3448.13893322345	2209.80705119581	2299.01448971059	2582.10452442771	1848.93836250269	1977.66730688195	2307.89860279078	2032.94753174658	2037.85659971757	2035.02474382985	0	2426.30299865402	1581.40389069755	4320.53824814036	799.708934085648	1849.6253321179	1045.70450871002	1564.22049371061	1667.90886017254	243.968071041075	1179.91321738947	1048.11332447952	1075.82545598931	584.840744305047	6823.70659408781	4285.58547155959	3090.75786233047	2159.6206348218	2861.20878865343	2251.82944768984	1821.04118408877	4323.65459995441	2560.7567758942	2898.29816041104	4061.15853909349	1162.49973967031	2092.4002504377	2646.72676726433	1015.83302695901	1106.1516460115	4322.79572126328	4070.89863083453	4144.78028847226	2931.18552978137	2926.58770788821	1120.05028620686	3522.22484817401	2957.39434197195	4574.15648617766	2760.74944352385	1442.52841449676	3319.26669611429	4183.11915550414	3156.58768382872	3446.93749901112	3610.73646449766	2853.6853363625	4082.60221966957	3364.56399367346	3416.73726689809	3608.1180561895	3979.44681155604	3282.74350461054	3726.80148101803	3125.9138653848	3488.15513399177	2471.16609892198	1279.50213985898	1977.46045771492	2172.53451057693	2435.28534813472	2845.48780417185	2895.14852861643	3155.40200097903	3124.96050675131	3288.51464575963	3155.13229609446	1797.59029717481	3473.46662376073	1335.67904845128	1444.63273722623	1045.06057617355	2534.04839515715	105.297722054686	2581.41352105935	2777.90391752163	2034.73573273345	2936.05323111743	2275.63408146662	2246.07760266641	4856.30003813492
2776.26369575134	2087.11329775168	1876.32888000962	2090.48612387663	5340.90759800274	2777.08327809999	1512.39532566592	235.138217346432	4082.70667766121	1021.83593456943	518.407042294895	3360.33755800903	3643.42759272615	1237.44151456258	1149.38436363786	3369.22167108922	2439.53497082586	482.344039778233	973.701675531407	2426.30299865402	0	1668.60982706842	5381.8613164388	1811.18924892693	1238.78201335436	3472.00750736404	3990.52349236462	1357.87999869102	2670.27106969509	2591.96806400066	2535.36945201507	2568.75076063346	2990.82541363362	9250.00959274182	5346.90853985803	2029.43479403203	2197.28045759929	3922.53185695187	1253.967292465	2326.63572901891	6749.95759860843	4987.05977454821	5324.60115906505	6487.4615377475	2269.72522271874	1273.75685402315	2978.6850991293	2077.15609525745	1320.15135264252	3261.47265296484	1644.59563218052	3682.56333033977	1334.62279967781	1332.1488871998	1575.05130022302	5948.52784682802	5383.69734062597	7000.45948483167	5187.05244217787	1878.07029086502	4380.58976441273	5145.60544474358	4947.71515366125	5873.24049766513	4813.33962697496	5121.33438862485	4877.70733593733	5755.81699922436	4907.15988741879	5570.759798066	5097.93591216549	5487.5011438782	5047.49255624454	4905.4333935416	4891.45943092274	3701.06222135486	3385.28345723694	1144.66760724748	4500.53130866562	3347.1203614088	4422.58050047454	4604.67272760666	4611.7439751195	4384.19857664163	4098.55469298131	4614.47290192705	1337.9380583557	1047.16362510672	1767.36809397587	1879.40621258793	1437.46467122657	931.336260283979	2431.99062190063	3642.73658935779	3839.22698582007	973.412664435009	1072.93018745853	3336.95714976506	4672.38060132042	7282.60303678894
1107.65386868292	1188.97216338892	207.7190529412	1186.94148263453	3672.29777093432	1108.47345103157	1205.71702830559	1903.74804441485	2414.09685059279	1866.7350425259	1150.20278477352	1691.72773094062	1974.81776565774	431.168312505831	2584.95406565193	1700.61184402081	770.925143757448	1186.26578729018	2642.31150259982	1581.40389069755	1668.60982706842	0	3713.25148937038	781.694956611902	429.827813714057	2627.10839940757	3145.62438440816	310.7298283774	1825.37196173862	1787.19997615944	1690.47034405861	1723.85165267699	2145.92630567715	8405.11048478536	3678.29871278961	3698.04462110045	2766.90739359178	2253.92202988345	670.425556992289	658.02590195049	5905.05849065196	4142.16066659175	4479.70205110859	5642.56242979104	1424.82611476228	2699.68700920767	1310.07527206088	882.886451797503	1007.40744984249	4930.08248003325	2489.49474013698	4752.06704724223	1349.78163908382	1345.18381719066	461.353604490685	5103.62873887156	4538.7982326695	6155.56037687521	4342.1533342214	209.460463796602	3117.09486311091	4790.40591427412	4102.81604570479	5028.34138970866	4218.02322326763	4276.43528066838	4689.88897843954	4910.91789126789	4062.26077946232	4725.86069010954	4586.73357032602	4642.60203592174	4334.088239788	4060.53428558514	4095.44189276174	3078.45285769196	2540.38434928047	2584.74721648489	3655.63220070915	3042.57210690469	3577.68139251808	3759.7736196502	3766.84486716303	3732.24726552129	3895.8014045296	3769.57379397059	330.671768712718	1892.06273306318	245.724842246265	210.796385519517	1652.34733494353	2599.94608735239	1587.09151394417	1974.12676228938	2170.61715875166	2642.02249150343	1354.64934041988	1668.34732269664	3827.48149336396	6437.70392883247
2605.59762068746	3294.74801868712	3505.53243642918	3291.37519256216	1724.96931442443	2604.77803833881	4918.96851767597	5616.99953378523	1299.15463877759	5266.21354399016	4863.4542741439	2021.52375842976	1814.36467630278	4144.41980187621	6298.20555502231	2012.63964534957	3109.64664348896	4899.51727666056	6355.5629919702	4320.53824814036	5381.8613164388	3713.25148937038	0	3570.67206751187	4143.07930308444	4014.94419491489	3997.07877081605	4023.98131774778	4113.20481415749	5500.45146552982	5368.65157261987	5396.36370412966	4905.3789924454	5747.00748234543	1727.98646163085	7411.29611047083	6480.15888296216	1459.32945948693	4127.8940239738	3055.22558741989	3507.99047448826	3171.20465951189	2753.95294659154	3305.90337110159	3158.03850847005	6412.93849857805	3723.42587900671	3304.70522118135	4720.65893921287	8643.33396940363	5147.59774257691	8465.31853661261	4047.23851676099	4049.712429239	3806.81001621577	4708.95910484227	5271.34262950145	5514.69423021331	4926.42714021062	3503.79102557378	1001.27155202606	8503.6574036445	7477.12593196908	7559.56652995201	7931.27471263802	7174.22358450285	8403.14046780992	7685.10224181381	7737.27551503844	7928.65630432985	8299.9850596964	7603.28175275089	8047.33972915838	7446.45211352515	7808.69338213212	6791.70434706234	5600.04038799934	6297.99870585527	2148.00373756342	6755.82359627508	7166.02605231221	7215.68677675678	7475.94024911939	7445.49875489167	7609.05289389998	7475.67054423482	4043.9232580831	4853.1301897027	3614.49322246292	3502.45510385086	5365.59882431391	6313.19757672278	4215.24052608567	1814.48260598972	1542.63433061872	6355.27398087381	4308.93112898027	2195.05725696863	4974.87437771509	3779.60092639255
