0	578.769066067835	870.730556901821	139.474784135916	4710.45556522223	569.617179601846	2725.72413824998	1614.09482073294	3858.6868386326	1492.86061744514	4646.4368444366	431.818507329991	1645.20341945159	2144.4424114948	4470.14853631478	2511.01616262355	874.7831748405	698.963939163141	3346.43506649172	727.106411453149	4327.66464435124	2430.39673978783	2374.0497315804	398.757254182081	749.901300396764	4379.40599480465	3281.72368270632	1896.30144924101	1320.74678873226	1906.25086305757	1980.05265061329	3855.90460755453	3772.55876083291	3868.72055109038	1878.38193103533	1425.94176590697	3700.2924295079	2522.91803984773	2441.49482278442	1341.33524128728	2194.92954804448	3299.04635382699	3306.6851913338	3800.75495465083	3788.02107766156	3307.140602392	525.997276323371	875.793420620723	3059.92545071519	5297.30520736938	1948.98469338576	1615.25569259911	4294.98040494207	1080.57690525981	5211.61965900815	2141.02067148781	2380.32034106778	6336.7267371206	2134.04771176945	4674.80171278442	4303.93756445227	4340.5593190795	701.585396894578	4326.46655345465	2756.54489009911	3254.79416296688	3588.73547297218	4418.28193441389	2988.79967625353	2445.80028366257	2866.70692212293	2998.04189772294	4125.82565485865	2521.4341240301	4835.49592916438	1518.23582095895	1819.64754137872	3778.7305043274	1994.46000879565	810.813975513906	1138.22775638171	1874.31107958513	871.135565401024	2194.03041561083	2866.84711344581	2374.87688639406	1608.87402111567	1227.12807601042	1139.7515764225	1607.15907420051	1354.33804196167	869.172931084152	976.804489189394	116.552714509825	695.370373129092	1138.49622790481	942.41890394996	328.873498015273	1261.10104621299	2581.69271151836
578.769066067835	0	1084.81401161064	439.294281931918	4131.68649915439	495.693182028385	2146.95507218215	1828.17827544176	3279.91777256477	1706.94407215396	4067.66777836876	562.01223951154	2223.97248551942	2723.21147756264	4684.23199102359	1932.24709655572	1088.86662954932	391.307057300871	3114.68947725085	941.189866161964	3748.89557828341	1851.62767371999	2588.13318628921	401.413200553217	963.984755105579	3800.63692873682	2702.95461663848	1317.53238317317	1899.51585480009	2120.33431776638	2472.64403171135	3641.82115284572	3558.4753061241	3654.63709638157	2011.65614106392	1211.85831119815	3914.37588421672	1944.14897377989	1862.72575671658	1555.41869599609	1616.16048197664	2720.27728775915	2727.91612526597	3243.00412032503	3573.93762295274	2728.37153632416	395.326229610218	1089.87687532954	2481.15638464735	4718.53614130154	1871.02278255613	1829.33914730792	4509.06385965088	1176.16239870883	4632.85059294032	1926.93721677899	2594.4037957766	5757.95767105277	1555.27864570162	4096.03264671658	3725.16849838443	3761.79025301166	487.501942185763	4112.38309874584	2547.01660240088	2676.02509689904	3009.96640690435	4204.19847970507	2410.03061018569	2659.88373837139	2287.93785605509	3576.81096379077	3547.05658879081	2307.35066932128	4621.41247445556	939.466754891114	2033.73099608753	3992.81395903622	1415.69094272782	1024.89743022272	924.144301672894	1295.54201351729	1085.21902010984	1813.26403268995	2288.07804737797	2588.96034110287	1822.95747582449	1805.89714207825	925.668121713684	1821.24252890933	1568.42149667049	1447.94199715199	1555.57355525723	462.21635155801	116.601307061257	924.412773195998	728.335449241145	542.956952724088	1839.87011228083	2367.60925680955
870.730556901821	1084.81401161064	0	850.399456953243	4161.10308207724	589.120829582251	2176.37165510499	743.364263831122	3309.33435548762	622.130060543319	4097.08436129161	1302.54906423181	2194.55590259657	2693.79489463979	3599.41797941296	1961.66367947857	4.05261793867912	1476.12106891151	4199.50348886148	784.192114318022	3778.31216120626	2074.65800867516	1503.31917467857	683.400811057419	197.131979138905	3845.47106664458	2732.37119956133	1346.94896609602	1870.09927187725	1247.87131486135	2443.2274487885	4726.63516445636	4643.28931773474	4739.4511079922	2749.11248793715	2296.67232280879	2829.56187260608	1973.56555670274	1892.14233963943	781.936566934722	1645.57706489949	2749.693870682	3511.2803076953	4327.81813193567	4658.75163456338	3681.46173534131	689.487782000418	8.28095380217074	2510.5729675702	4747.95272422439	2819.71525028758	744.525135697289	3424.24984804024	531.224422114827	4662.26717586317	3011.75122838963	1509.58978416596	5787.37425397562	1584.69522862447	4125.44922963943	3754.58508130728	3791.20683593451	1572.3159537964	5197.19711035648	2207.19240695413	2705.44167982189	3039.3829898272	5289.01249131571	2439.44719310854	1575.06972676075	2317.35443897794	3547.39438086792	3576.47317171366	3392.16468093192	5706.2264860662	1576.14236093637	1180.04370352442	2907.99994742558	1445.10752565067	224.517553419401	2008.95831328353	1836.98550880553	2.47413350129438	1644.67793246585	2317.49463030082	1504.14632949224	738.143464213854	1776.4805591554	2010.48213332432	736.428517298693	483.607485059854	1418.52541422914	1526.15697233438	924.732943268935	1054.6084998387	2009.22678480663	1813.14946085178	541.857058886548	1946.07072049454	3452.42326842018
139.474784135916	439.294281931918	850.399456953243	0	4570.98078108631	430.14239546593	2586.24935411406	1593.76372078436	3719.21205449669	1472.52951749656	4506.96206030068	452.149607278569	1784.6782035875	2283.91719563072	4449.8174363662	2371.54137848764	854.452074891922	625.721611958264	3349.10403190824	706.775311504571	4188.18986021533	2290.92195565191	2353.71863163182	259.282470046165	729.570200448186	4239.93121066874	3142.2488985704	1756.82666510509	1460.22157286818	1885.91976310899	2033.34974977943	3876.23570750311	3792.88986078149	3889.05165103896	1898.71303098391	1446.27286585555	3679.96132955932	2383.44325571181	2302.0200386485	1321.0041413387	2055.45476390856	3159.57156969107	3167.21040719789	3661.28017051492	3808.35217761013	3167.66581825608	386.522492187454	855.462320672145	2920.45066657927	5157.83042323346	1969.31579333434	1594.92459265053	4274.64930499349	941.747844051439	5072.14487487224	2161.35177143639	2359.9892411192	6197.25195298469	1994.57292763354	4535.3269286485	4164.46278031635	4201.08453494358	721.916496843156	4346.79765340323	2617.0701059632	3115.31937883096	3449.26068883627	4438.61303436246	2849.32489211761	2425.46918371399	2727.23213798701	3137.51668185886	3986.35087072273	2541.76522397867	4855.82702911296	1378.76103682303	1799.31644143014	3758.39940437883	1854.98522465974	790.482875565328	1158.55885633029	1734.83629544921	850.804465452446	2054.55563147492	2727.37232930989	2354.54578644548	1588.5429211671	1366.60286014633	1160.08267637108	1586.82797425194	1334.0069420131	1008.64771522007	1116.27927332531	74.3334863156917	555.895588993175	1158.82732785339	962.750003898538	308.542398066695	1400.57583034891	2602.02381146694
4710.45556522223	4131.68649915439	4161.10308207724	4570.98078108631	0	4140.83838562038	1984.73142697225	3452.98188591056	1865.65011075996	4116.89119860446	3137.63930774782	4693.69873866593	6355.65898467382	6854.89797671703	2838.1857937756	2199.43940259868	4164.24795729414	4011.49162605909	4960.73567449884	4945.29519639527	1170.57293770458	2835.89019431251	3973.01959601005	4311.69831104015	4358.23506121615	4606.70325228193	1428.73188251591	2814.15411598122	6031.20235395449	5408.97439693859	6604.33053086575	5487.86735009371	5404.52150337209	5500.68329362956	6143.34264021832	4394.67419564157	3270.3088047372	2434.85974447194	2268.96074243781	4943.03964901197	2515.52601717775	1411.40921139524	4272.51249333266	5089.05031757302	5419.98382020073	4442.69392097867	4184.45828889886	4169.38403587941	2106.55883407473	2778.42054425343	6002.70928171052	3457.64003157424	4418.21496714631	3629.87865996242	1322.81009471167	3772.98341402698	4551.48695328311	1854.49454178317	2576.40785345278	1158.005026273	1744.66694737967	1659.39204808382	4214.75204278432	5958.42929599383	1953.91067512312	1455.66140225535	1121.72009225005	6050.24467695306	1721.6558889687	2612.00662171574	1919.45509658739	7708.49746294517	651.569730220383	4343.47954598949	7782.54737386393	3192.21974426328	2981.05937855282	5464.81761896768	2715.99555642657	3936.58552865784	4127.40304968459	2836.1444856371	4163.57721557854	2516.42514961139	1919.24731497672	4548.10288588334	4193.75492278819	5937.58364123265	4124.1500439825	4802.51085056574	4592.25751678977	5579.62849630638	5687.26005441162	4593.9028507124	4015.08519209314	4119.21189556359	4015.10168686206	4456.21485868893	5971.55661143522	6237.08897378207
569.617179601846	495.693182028385	589.120829582251	430.14239546593	4140.83838562038	0	2156.10695864813	1332.48509341337	3289.06965903076	1211.25089012557	4076.81966483475	713.428234649561	2214.82059905343	2714.05959109665	4188.53880899521	1941.39898302171	593.17344752093	887.000239329257	3610.38265927923	804.456810774883	3758.0474647494	1860.77956018598	2092.44000426082	170.859925419765	468.291573077193	3809.78881520281	2712.10650310447	1326.68426963916	1890.36396833411	1624.641135738	2463.49214524536	4137.5143348741	4054.16848815248	4150.33027840995	2159.9916583549	1707.55149322654	3418.68270218833	1953.30086024588	1871.87764318257	1059.7255139677	1625.31236844263	2729.42917422514	2922.15947811305	3738.69730235342	4069.63080498113	3092.34090575906	100.366952418167	594.183693301152	2490.30827111334	4727.68802776753	2230.59442070533	1333.64596527954	4013.3706776225	680.469216680447	4642.00247940631	2422.63039880738	2098.71061374821	5767.10955751876	1564.43053216761	4105.18453318257	3734.32038485042	3770.94213947765	983.195124214148	4608.07628077422	2186.92771049727	2685.17698336503	3019.11829337034	4699.89166173346	2419.18249665168	2164.190556343	2297.08974252108	3567.65907732478	3556.2084752568	2803.04385134967	5117.10565648395	987.021531354123	1538.03781405915	3497.12077700783	1424.84282919381	529.204248194336	1419.83748370128	1304.69389998328	589.525838081453	1624.41323600899	2297.22993384396	2093.26715907449	1327.2642937961	1796.74525561226	1421.36130374207	1325.54934688094	1072.7283146421	1438.790110686	1546.42166879124	453.064465092021	465.487670256451	1420.10595522438	1224.02863126953	315.376473068552	1830.71822581484	2863.30243883793
2725.72413824998	2146.95507218215	2176.37165510499	2586.24935411406	1984.73142697225	2156.10695864813	0	1468.25045893831	1132.96270038262	2132.15977163221	2156.61426614908	2708.96731169369	4370.92755770157	4870.16654974478	3819.21083537434	1147.02224371594	2179.51653032189	2026.76019908684	3979.7106329001	2960.56376942302	2151.59797930332	1854.86515271377	1988.2881690378	2326.9668840679	2373.5036342439	3625.67821068319	802.696854500011	829.422689008974	4046.47092698224	3424.24296996634	4619.5991038935	4506.84230849497	4423.49646177335	4519.65825203082	4158.61121324607	2409.94276866932	3049.35472856747	1453.8347028732	284.229315465565	2958.30822203972	530.794590205501	573.322215577006	3291.48745173391	4108.02527597428	4438.95877860199	3461.66887937992	2199.72686192661	2184.65260890717	1125.53379247598	2571.5810691194	4017.97785473827	1472.908604602	3644.04270400163	1645.14723299017	2485.89552075817	2791.95837242824	2566.75552631087	3611.00259887062	591.676426480529	1949.07757453444	1578.21342620229	1614.83518082952	2230.02061581207	4977.40425439509	1681.99544675163	529.070024716896	863.011334722201	5069.21963535432	1155.96135638146	1794.86258272214	938.430054988644	5723.76603597292	1400.10151660867	3172.37182497053	5797.81594689168	1356.34950497499	1168.70984043828	3480.08619199544	731.264129454326	1951.85410168559	2142.67162271235	1617.19265284415	2178.84578860629	948.2428770407	938.222273377976	2563.37145891109	2209.02349581594	3952.8522142604	2139.41861701026	2817.7794235935	2607.52608981752	3594.89706933413	3702.52862743937	2609.17142374016	2030.35376512089	2134.48046859134	2030.37025988981	2471.48343171669	3986.82518446297	4252.35754680983
1614.09482073294	1828.17827544176	743.364263831122	1593.76372078436	3452.98188591056	1332.48509341337	1468.25045893831	0	2601.21315932093	663.909312693901	3388.96316512493	2045.91332806293	2902.67709876326	3401.91609080647	2856.05371558184	2110.17936350845	739.311645892443	2219.48533274263	4942.86775269261	1492.31331048471	3070.19096503957	2818.02227250628	759.954910847452	1426.76507488854	905.253175305589	4588.8353304757	2024.25000339465	1213.1224784726	2578.22046804393	1955.99251102803	3151.34864495519	5469.99942828748	5386.65358156586	5482.81537182332	3492.47675176827	3040.03658663991	2086.19760877496	2416.99182266571	1184.02114347275	1490.05776310141	937.45586873281	2041.57267451532	4254.64457152642	5071.18239576679	5402.1158983945	4424.82599917243	1432.85204583154	738.30140011222	2088.69091226849	4039.83152805771	3563.0795141187	4.65814566368567	2680.88558420912	652.015876732926	3954.14597969648	3755.11549222075	1098.50506737256	5079.25305780894	876.574032457782	3417.32803347275	3046.4638851406	3083.08563976783	2315.68021762752	5940.5613741876	1499.07121078744	1997.32048365521	2331.26179366051	6032.37675514683	1731.32599694186	840.975264194823	1901.58717478115	4255.51557703461	2868.35197554698	4135.52894476304	6449.59074989732	2319.5066247675	471.922507357739	2164.63568359446	736.986329483985	803.280845219037	2752.32257711465	2580.34977263665	742.959255331919	936.556736299165	1901.37939317048	1095.12099997278	740.773036877632	2484.60175532209	2753.84639715544	1349.52896465519	1139.27563087921	2126.64661039582	2234.27816850106	1668.09720710006	1797.97276366982	2752.59104863776	2556.5137246829	1285.22132271767	2689.43498432566	4195.78753225131
3858.6868386326	3279.91777256477	3309.33435548762	3719.21205449669	1865.65011075996	3289.06965903076	1132.96270038262	2601.21315932093	0	3265.12247201483	1271.98919698786	3841.93001207631	5503.89025808419	6003.12925012741	4703.83590453556	1347.67067600905	3312.47923070451	3159.72289946946	3095.08556373888	4093.52646980564	3036.22304846454	1428.29009884478	3121.25086942043	3459.92958445052	3506.46633462652	2741.05314152197	1687.32192366123	1962.3853893916	5179.43362736486	4557.20567034897	5752.56180427612	3622.21723933375	3538.87139261213	3635.0331828696	5291.57391362869	3542.90546905195	3933.97979772869	1335.76879878488	1417.19201584819	4091.27092242234	1663.75729058812	1416.04782507269	2406.8623825727	3223.40020681306	3554.33370944077	2577.04381021871	3332.68956230923	3317.61530928979	798.761387917417	1438.61836873677	5150.9405551209	2605.87130498462	4528.66777316285	2778.10993337279	1352.93282037555	2061.02596883075	3699.71822669349	2478.039898488	1724.63912686315	816.114874151814	445.250725819662	481.872480446895	3362.98331619469	4092.77918523387	2566.62051591285	1041.2176021995	1163.52273053285	4184.5945661931	2040.58642554268	2679.48765188336	991.979916509674	6856.72873635554	1214.08038053958	3491.71081939986	6930.7786472743	2340.45101767365	2129.29065196319	4613.04889237806	1864.22682983695	3084.81680206822	3275.63432309497	1984.37575904748	3311.80848898891	1832.86794620192	991.839725186795	3696.33415929371	3341.98619619857	5085.81491464302	3272.38131739288	3950.74212397612	3740.48879020015	4727.85976971676	4835.491327822	3742.13412412278	3163.31646550351	3267.44316897396	3163.33296027243	3604.44613209931	5119.78788484559	5385.32024719245
1492.86061744514	1706.94407215396	622.130060543319	1472.52951749656	4116.89119860446	1211.25089012557	2132.15977163221	663.909312693901	3265.12247201483	0	4052.87247781883	1924.67912477513	2238.76778606936	2738.00677811257	2977.28791886964	1988.94516022065	618.07744260464	2098.25112945483	4821.6335494048	828.403997790806	3734.10027773347	2696.78806921848	881.189114135255	1305.53087160074	742.959317048376	4467.6011271879	2688.15931608855	1302.73708262324	1914.31115535003	1292.08319833413	2487.43933226129	5348.76522499967	5265.41937827805	5361.58116853552	3371.24254848047	2918.80238335211	2207.43181206276	2295.75761937791	1847.93045616665	826.148450407506	1601.36518142671	2705.48198720922	4133.41036823862	4949.94819247899	5280.8816951067	4303.59179588463	1311.61784254374	617.067196824417	2466.36108409742	4703.74084075161	3441.8453108309	659.251167030215	2802.11978749693	530.781673445123	4618.05529239039	3633.88128893295	887.459723622642	5743.16237050284	1540.48334515168	4081.23734616665	3710.3731978345	3746.99495246173	2194.44601433972	5819.32717089979	2162.98052348134	2661.22979634911	2995.17110635441	5911.14255185903	2395.23530963576	1504.88457688872	2273.14255550516	3591.60626434071	3532.26128824088	4014.29474147524	6328.35654660952	2198.27242147969	1135.83182005164	2285.86988688226	1400.89564217789	682.046641931234	2631.08837382685	2459.11556934885	621.725052044116	1600.46604899307	2273.28274682804	882.016268948918	116.013403670535	1820.69244262819	2632.61219386764	685.619651961285	475.366318185313	1462.73729770192	1570.36885580716	1546.86300381225	1676.73856038202	2631.35684534995	2435.2795213951	1163.98711942987	2568.20078103785	4074.5533289635
4646.4368444366	4067.66777836876	4097.08436129161	4506.96206030068	3137.63930774782	4076.81966483475	2156.61426614908	3388.96316512493	1271.98919698786	4052.87247781883	0	4629.6800178803	6291.64026388818	6790.8792559314	5975.82510152342	2135.42068181304	4100.2292365085	3947.47290527345	1823.09636675102	4881.27647560963	4308.2122454524	2216.04010464877	3909.00087522442	4247.67959025451	4294.21634043052	1469.06394453411	2959.31112064909	2750.13539519559	5967.18363316886	5344.95567615296	6540.31181008011	3251.46119345167	3556.34138742349	3652.37586506185	6079.32391943268	4330.65547485594	5205.96899471655	2123.51880458887	2204.94202165218	4879.02092822633	2451.50729639212	2688.03702206055	1339.75165310279	1951.4110098252	2282.34451245291	1339.2962420446	4120.43956811322	4105.36531509378	1586.51139372141	650.868362932783	5938.69056092489	3393.62131078861	5800.65697015071	3565.85993917678	1814.82921303615	2848.77597463474	4487.46823249748	1690.28989268401	2592.97181398523	1979.63428147482	1392.97236036815	1478.247259664	4150.73332199868	3532.90523159213	3838.60971290071	2313.20679918736	2435.51192752071	2912.60536920524	3312.57562253054	3951.47684887122	1779.72992231367	7644.47874215953	2486.06957752744	4279.46082520386	7718.5286530783	3128.20102347765	3325.32410658736	5400.79889818205	2651.97683564094	3872.56680787221	4063.38432889896	2772.12576485147	4099.5584947929	3104.85714318978	1779.58973099079	4484.08416509771	4129.73620200256	5873.56492044701	4060.13132319687	4738.49212978011	4528.23879600414	5515.60977552075	5623.24133362599	4529.88412992677	3951.0664713075	4055.19317477795	3951.08296607643	4392.1961379033	5907.53789064959	6173.07025299644
431.818507329991	562.01223951154	1302.54906423181	452.149607278569	4693.69873866593	713.428234649561	2708.96731169369	2045.91332806293	3841.93001207631	1924.67912477513	4629.6800178803	0	1661.96024600788	2161.1992380511	4901.96704364477	2494.25933606726	1306.60168217049	682.207112606846	3329.67823993542	1158.92491878314	4310.90781779495	2413.63991323153	2805.86823891039	619.148253174393	1181.71980772675	4362.64916824836	3264.96685615002	1879.54462268471	1347.35741835748	2338.06937038756	2411.87115794328	3424.08610022454	3340.74025350292	3436.90204376039	1449.64390155238	994.123258576978	4132.11093683789	2506.16121329143	2424.73799622812	1773.15374861727	2178.17272148818	3282.28952727069	3289.92836477751	3783.99812809454	3356.20257033157	3290.3837758357	613.061282231394	1307.61192795071	3043.16862415889	5280.54838081308	1517.16618605577	2047.0741999291	4726.79891227206	1393.89745133001	5194.86283245186	1780.90404324556	2812.13884839777	6319.96991056431	2117.29088521316	4658.04488622812	4287.18073789597	4323.8024925232	478.946695881615	3894.64804612466	2764.75165502205	3238.03733641058	3571.97864641589	3986.46342708389	2972.04284969723	2877.61879099256	2849.95009556663	3014.79872427923	4109.06882830235	2089.61561670011	4403.67742183439	1501.47899440265	2251.46604870871	4210.54901165739	1977.70318223936	1242.6324828439	706.409249051719	1857.55425302883	1302.95407273101	2177.27358905454	2850.09028688951	2806.69539372405	2040.69252844567	1243.88490256671	707.933069092509	2038.9775815305	1786.15654929167	885.929757640447	1128.99616993811	377.816120962877	678.613546572796	706.677720574822	678.597051803875	760.692005345263	1277.85787276929	2149.87420418837
1645.20341945159	2223.97248551942	2194.55590259657	1784.6782035875	6355.65898467382	2214.82059905343	4370.92755770157	2902.67709876326	5503.89025808419	2238.76778606936	6291.64026388818	1661.96024600788	0	971.67474228139	4532.32140613052	4156.21958207514	2191.41102737968	2344.16735861473	4991.6384859433	1410.36378827855	5972.86806380283	4075.60015923942	2382.63938866376	2043.96067363367	1997.42392345767	6024.60941425624	4926.9271021579	3541.50486869259	657.292096414582	1648.00404844466	1721.80583600039	4114.15142216744	4030.80557544582	4126.96736570329	2136.62874564823	1960.98478903224	3442.045614895	4168.12145929931	4086.698242236	1412.61933566185	3840.13296749607	4944.24977327857	4951.88861078539	5445.95837410242	4931.71976726414	4952.34402184358	2171.20069577496	2186.2749487944	4705.12887016677	6942.50862682096	2207.23150799866	2898.01895309957	4036.73359032916	2725.7803247114	6856.82307845974	3442.86428925344	2122.07352645488	7981.93015657219	3779.25113122104	6320.005132236	5949.14098390385	5985.76273853109	2140.9069418895	4584.71336806756	4401.7483095507	4899.99758241846	5233.93889242377	4676.52874902679	4634.00309570511	3743.65236295808	4511.91034157452	1708.82167321678	5771.02907431024	2779.680938643	5093.74274377728	3163.43924041053	3374.59960612099	3520.4836897145	3639.66342824724	2419.07345601597	2228.25593498922	3519.51449903671	2192.08176909528	3839.23383506242	4512.05053289739	2116.63007178115	2161.90406188562	418.075343441168	2231.50894069131	1553.14813410807	1763.40146788404	776.030488367434	668.398930262192	1761.75613396141	2340.57379258068	2236.44708911023	2340.55729781176	1899.44412598488	1333.58697820562	2839.93952613127
2144.4424114948	2723.21147756264	2693.79489463979	2283.91719563072	6854.89797671703	2714.05959109665	4870.16654974478	3401.91609080647	6003.12925012741	2738.00677811257	6790.8792559314	2161.1992380511	971.67474228139	0	5031.56039817374	4655.45857411836	2690.6500194229	2843.40635065795	5490.87747798652	1909.60278032177	6472.10705584605	4574.83915128263	2881.87838070698	2543.19966567689	2496.66291550088	6523.84840629946	5426.16609420112	4040.74386073581	823.695622762544	1445.92357977844	750.131093719001	5085.82616444883	5002.48031772721	5098.64210798468	3108.30348792962	2655.86332280126	3584.58917197984	4667.36045134253	4585.93723427922	1911.85832770507	4339.37195953928	5443.48876532179	5451.12760282861	5945.19736614564	5430.95875930736	5451.5830138868	2670.43968781817	2685.51394083762	5204.36786220999	7441.74761886418	3178.90625028005	3397.25794514279	3065.05884804777	3225.01931675462	7356.06207050296	3942.10328129666	2303.41102343392	8481.16914861541	4278.49012326426	6819.24412427922	6448.37997594707	6485.0017305743	2640.14593393271	5556.38811034895	4900.98730159392	5399.23657446168	5733.17788446699	5648.20349130818	5133.24208774833	4242.8913550013	5011.14933361773	853.599486228134	6270.26806635345	3751.35568092439	6065.41748605867	3662.67823245375	3873.83859816421	2548.80894743311	4138.90242029046	2918.31244805919	2727.49492703244	4018.75349107993	2691.3207611385	4338.47282710564	5011.28952494061	2306.79509083369	2661.14305392884	917.314335484386	2730.74793273453	2052.38712615129	2262.64045992726	1275.26948041065	1167.63792230541	2260.99512600463	2839.8127846239	2735.68608115345	2839.79628985497	2398.6831180281	2305.26172048701	3811.61426841266
4470.14853631478	4684.23199102359	3599.41797941296	4449.8174363662	2838.1857937756	4188.53880899521	3819.21083537434	2856.05371558184	4703.83590453556	2977.28791886964	5975.82510152342	4901.96704364477	4532.32140613052	5031.56039817374	0	4966.23307909029	3595.36536147428	5075.53904832446	7798.92146827444	3743.04212486163	1667.61285607103	5674.07598808812	2149.68201746676	4282.81879047038	3720.24723591801	7444.88904605754	3016.51398087433	4069.17619405443	4207.8647754112	3585.6368183953	4780.99295232245	8326.05314386931	8242.70729714769	8338.86908740516	6348.53046735011	5896.09030222175	1446.97122619391	5273.04553824755	3800.48591658365	3128.8132950275	3607.77226216625	3287.78807946287	7110.69828710826	7927.23611134862	8258.16961397634	7280.87971475427	4288.90576141338	3594.35511569406	4944.74462785033	5616.60633802903	6419.13322970054	2854.89284371567	2594.87738860302	3508.06959231476	4160.99588848728	6611.16920780259	2728.14937473982	4692.68033555877	3382.85328753819	3996.1908200486	4582.85274115528	4497.57784185943	5171.73393320936	8796.61508976943	2137.21538862272	3662.61830233606	3540.31317400271	8888.43047072866	2663.24947899288	2024.34825265221	4757.64089036299	5885.15988440188	3489.75552399599	6991.58266034487	9305.64446547916	5175.56034034933	2650.50099493606	3641.48004042439	3508.00050781036	3659.33456080087	5608.37629269649	5436.40348821849	3599.01297091375	2870.96795833364	4757.43310875232	2724.76530734005	2861.2745151991	4114.24606268936	5609.90011273728	2979.17327202245	3115.8104943531	4056.61926856993	3863.92247586833	4524.15092268189	4654.02647925166	5608.64476421959	5412.56744026474	4141.27503829951	5545.48869990749	7051.84124783314
2511.01616262355	1932.24709655572	1961.66367947857	2371.54137848764	2199.43940259868	1941.39898302171	1147.02224371594	2110.17936350845	1347.67067600905	1988.94516022065	2135.42068181304	2494.25933606726	4156.21958207514	4655.45857411836	4966.23307909029	0	1964.80855469546	1812.05222346041	2832.68838918415	2745.85579379659	3298.62022301926	707.842908997831	2870.1342743559	2112.25890844147	2158.79565861747	2478.65596696725	1949.71909821595	897.056885035855	3831.76295135581	3209.53499433991	4404.89112826707	3359.82006477903	3276.47421805741	3372.63600831487	3943.90323761964	2195.2347930429	4196.37697228341	306.812459157261	1165.74716250664	2743.60024641329	1358.46081692403	1678.44499962741	2144.46520801797	2961.00303225834	3291.93653488605	2314.64663566398	1985.01888630018	1969.94463328074	548.909288091634	2786.28904474583	3803.26987911185	2111.34023537462	4791.06494771757	1458.16348677553	2700.6034963846	1644.9361287123	2876.40488384329	3825.71057449705	1583.37979155209	2163.78555016086	1792.92140182871	1829.54315645595	2015.31264018564	3830.38201067915	2829.01769046757	1303.61477675422	1425.91990508758	3922.19739163838	2302.9836000974	2941.88482643808	355.690759499377	5509.05806034649	1614.8094922351	2144.04014339081	5583.10797126525	992.780341664604	2315.73208415423	4274.81504710291	1458.23257127992	1737.14612605917	1927.96364708592	636.705083038426	1964.13781297986	2095.26512075664	355.830950822256	2870.96142916957	2104.95856389118	3738.14423863397	1924.71064138383	2603.07144796707	2392.8181141911	3380.1890937077	3487.82065181295	2394.46344811373	1815.64578949446	1919.77249296491	1815.66228426338	2256.77545609026	3772.11720883654	4037.6495711834
874.7831748405	1088.86662954932	4.05261793867912	854.452074891922	4164.24795729414	593.17344752093	2179.51653032189	739.311645892443	3312.47923070451	618.07744260464	4100.2292365085	1306.60168217049	2191.41102737968	2690.6500194229	3595.36536147428	1964.80855469546	0	1480.17368685019	4203.55610680016	781.047239101128	3781.45703642315	2078.71062661384	1499.26655673989	687.453428996098	193.987103922011	3849.52368458326	2735.51607477822	1350.09384131292	1866.95439666035	1244.72643964445	2440.08257357161	4730.68778239503	4647.34193567341	4743.50372593088	2753.16510587583	2300.72494074747	2825.5092546674	1976.71043191963	1895.28721485632	778.791691717828	1648.72194011639	2752.83874589889	3515.33292563398	4331.87074987435	4662.80425250206	3685.51435327999	693.540399939097	5.13607858527658	2513.71784278709	4751.09759944129	2823.76786822626	740.472517758609	3420.19723010157	534.369297331722	4665.41205108006	3015.80384632831	1505.53716622728	5790.51912919251	1587.84010384136	4128.59410485633	3757.72995652417	3794.35171115141	1576.36857173508	5201.24972829515	2210.33728217102	2708.58655503878	3042.52786504409	5293.06510925439	2442.59206832544	1571.01710882207	2320.49931419484	3544.24950565103	3579.61804693056	3396.2172988706	5710.27910400488	1580.19497887505	1183.18857874132	2903.9473294869	1448.25240086756	227.662428636295	2013.01093122221	1841.03812674421	3.64760943947646	1647.82280768274	2320.63950551772	1500.09371155356	734.090846275175	1773.33568393851	2014.534751263	732.375899360014	479.554867121175	1415.38053901224	1523.01209711749	928.785561207614	1058.66111777738	2013.27940274531	1817.20207879046	545.909676825227	1950.12333843321	3456.47588635886
698.963939163141	391.307057300871	1476.12106891151	625.721611958264	4011.49162605909	887.000239329257	2026.76019908684	2219.48533274263	3159.72289946946	2098.25112945483	3947.47290527345	682.207112606846	2344.16735861473	2843.40635065795	5075.53904832446	1812.05222346041	1480.17368685019	0	2723.38241994998	1332.49692346284	3628.7007051881	1731.43280062469	2979.44024359008	792.720257854089	1355.29181240645	3680.44205564151	2582.75974354317	1197.33751007787	2019.7107278954	2511.64137506725	2592.83890480666	3250.51409554485	3167.16824882323	3263.3300390807	2131.85101415923	820.551253897282	4305.68294151759	1823.95410068459	1742.53088362127	1946.72575329696	1495.96560888134	2600.08241466384	2607.72125217066	3101.79101548769	3182.63056565187	2608.17666322885	786.633286911089	1481.18393263041	2360.96151155205	4598.34126820624	1991.21765565143	2220.6462046088	4900.37091695175	1567.4694560097	4512.65571984501	1535.63015947812	2985.71085307747	5637.76279795746	1692.68576078627	3975.83777362128	3604.97362528912	3641.59537991636	203.260416725231	3721.07604144497	2938.32365970175	2555.83022380373	2889.77153380904	3812.8914224042	2412.28956933158	3051.19079567226	2167.74298295979	3697.00583688608	3426.86171569551	1916.04361202041	4230.10541715469	819.271881795808	2425.0380533884	4384.12101633709	1567.5385405141	1416.20448752359	532.837244372023	1175.34714042199	1476.52607741071	2204.57108999082	2167.88317428267	2980.26739840374	2214.26453312536	1926.09201517356	534.361064412813	2212.5495862102	1959.72855397136	1568.13687024729	1675.76842835254	582.411224653316	421.512569072806	533.105715895126	337.028391940273	934.264010024959	1960.06498537613	2225.59734772299
3346.43506649172	3114.68947725085	4199.50348886148	3349.10403190824	4960.73567449884	3610.38265927923	3979.7106329001	4942.86775269261	3095.08556373888	4821.6335494048	1823.09636675102	3329.67823993542	4991.6384859433	5490.87747798652	7798.92146827444	2832.68838918415	4203.55610680016	2723.38241994998	0	4055.87934341281	6131.30861220342	2124.84548018632	5702.82266354006	3516.10267780407	4078.67423235643	1032.97092831294	4782.40748740011	3729.74527422001	4667.18185522398	5235.02379501723	5308.82558257296	1951.45941550679	2256.33960947861	2352.37408711697	4779.3221414878	3030.65369691106	7029.06536146756	2525.87593002689	3998.43555169079	4670.10817324694	4191.14920610819	4511.13338881157	688.223181166181	454.319888159116	459.248145701894	518.041753520171	3510.01570686107	4204.56635258039	2854.17684042411	2182.31513024541	4638.68878298001	4944.02862455877	7623.75333690173	4290.85187595968	3637.92557978716	1548.77419668986	5709.09327302744	3106.24113271567	4416.06818073625	3802.73064822584	3216.06872711916	3301.34362641501	2850.73154405381	2232.90345364725	5661.70607965172	4136.30316593838	4258.60829427173	1089.50900245422	5135.67198928156	5774.57321562224	3041.28057791145	6344.47696421465	4309.16594427845	2979.45904725898	6418.52687513342	2623.36112792511	5148.42047333838	7107.50343628707	4290.92096046408	4139.58690747357	2763.38255095408	2362.51798005595	4199.90849736069	4927.9535099408	3041.48835952212	5703.64981835372	4937.64695307534	4573.56314250213	2760.12954525199	4935.93200616018	4683.11097392134	4215.60799757587	4323.23955568111	3274.77054559255	3144.89498902278	2755.19139683307	2651.08118813155	3657.64642997494	4607.53611270471	4873.06847505156
727.106411453149	941.189866161964	784.192114318022	706.775311504571	4945.29519639527	804.456810774883	2960.56376942302	1492.31331048471	4093.52646980564	828.403997790806	4881.27647560963	1158.92491878314	1410.36378827855	1909.60278032177	3743.04212486163	2745.85579379659	781.047239101128	1332.49692346284	4055.87934341281	0	4562.50427552428	2665.23637096087	1646.94332012725	633.596885355118	587.060135179117	4614.24562597769	3516.56331387935	2131.14108041404	1085.90715755922	1179.14445160442	1659.03533447048	4583.01101900768	4499.66517228606	4595.82696254353	2605.48834248848	2153.04817736012	2973.18601805475	2757.75767102076	2676.33445395745	614.228829834126	2429.76917921752	3533.88598500002	3541.52482250684	4184.19398648699	4515.1274891147	3541.98023356503	760.836907496407	775.911160515852	3294.76508188822	5532.14483854242	2676.09110483891	1487.65516482102	3567.87399348892	1315.41653643285	5446.45929018119	2868.12708294096	1653.21392961463	6571.56636829364	2368.88734294249	4909.64134395745	4538.7771956253	4575.39895025254	1428.69180834773	5053.5729649078	2991.38452127215	3489.63379413991	3823.57510414522	5145.38834586703	3223.63930742656	2333.28857467953	3101.54655329597	2763.2022665499	4360.66528603169	3248.54053548325	5562.60234061753	1753.07545213199	1964.23581784245	3051.62409287425	2229.29963996869	1008.70966773742	1865.33416783486	2109.15071075816	781.717980816728	2428.87004678387	3101.68674461884	1647.77047494091	881.767609662526	992.288444837381	1866.85798787565	880.052662747366	627.231630508526	634.333299911115	741.964858016358	781.108797820262	930.210004302128	1865.60263935796	1669.52531540311	489.080337706331	1802.44657504586	3308.79912297151
4327.66464435124	3748.89557828341	3778.31216120626	4188.18986021533	1170.57293770458	3758.0474647494	2151.59797930332	3070.19096503957	3036.22304846454	3734.10027773347	4308.2122454524	4310.90781779495	5972.86806380283	6472.10705584605	1667.61285607103	3298.62022301926	3781.45703642315	3628.7007051881	6131.30861220342	4562.50427552428	0	4006.46313201709	3590.22867513906	3928.90739016916	3975.44414034516	5777.27618998651	1348.90112480331	2431.36319511024	5648.4114330835	5026.1834760676	6221.53960999476	6658.44028779829	6575.09444107667	6671.25623133414	5760.55171934733	4228.47744615072	2887.51788386621	3605.43268217652	2132.87306051262	4560.24872814098	2132.73509630676	1620.17522339185	5443.08543103723	6259.6232552776	6590.55675790531	5613.26685868324	3801.66736802787	3786.59311500843	3277.1317717793	3948.99348195801	5619.91836083953	3074.84911070326	4035.42404627533	3247.08773909143	2493.38303241625	4943.55635173156	4168.69603241213	3025.06747948775	2193.61693258179	2328.57796397758	2915.23988508425	2829.9649857884	3831.96112191333	7129.00223369841	1571.11975425213	1995.00544626504	1872.70031793169	7220.81761465764	1338.86496809772	2229.21570084475	3090.02803429196	7325.70654207418	1822.14266792496	5323.96980427385	7638.03160940813	3507.94748427831	2598.26845768183	5082.0266980967	2333.20463555559	3553.79460778686	3940.76343662546	3768.79063214746	3780.78629470755	2133.63422874041	3089.8202526813	4165.31196501235	3810.9640019172	5554.79272036166	3942.28725666625	4419.71992969476	4209.46659591879	5196.83757543539	5304.46913354064	4211.11192984142	3632.29427122215	3941.03190814857	3744.95458419371	4073.42393781795	5588.76569056423	5854.29805291109
2430.39673978783	1851.62767371999	2074.65800867516	2290.92195565191	2835.89019431251	1860.77956018598	1854.86515271377	2818.02227250628	1428.29009884478	2696.78806921848	2216.04010464877	2413.63991323153	4075.60015923942	4574.83915128263	5674.07598808812	707.842908997831	2078.71062661384	1731.43280062469	2124.84548018632	2665.23637096087	4006.46313201709	0	3577.97718335373	2031.63948560575	2078.17623578175	1949.00925501683	2657.56200721378	1604.89979403369	3751.14352852009	3128.91557150419	4324.27170543135	2651.9771557812	2568.63130905957	2664.79309931704	3863.28381478392	2114.61537020717	4904.21988128124	401.03044984057	1873.59007150447	2662.98082357757	2066.30372592186	2386.28790862524	1436.62229902014	2253.16012326051	2584.09362588822	1606.80372666615	1904.39946346446	2079.72087239406	729.331360237788	2866.90846758155	3722.65045627612	2819.18314437245	5498.9078567154	2166.00639577336	2781.22291922032	937.093219714468	3584.24779284112	3906.32999733278	2291.22270054992	2244.40497299659	1873.54082466444	1910.16257929167	1934.69321734992	3122.53910168132	3536.8605994654	2011.45768575206	2133.76281408541	3214.35448264055	3010.82650909523	3649.72773543591	916.435097725128	5428.43863751077	2184.32046409213	2063.42072055509	5502.48854842953	912.16091882888	3023.57499315206	4982.65795610074	2166.07548027775	2014.74142728725	1847.34422425019	556.085660202702	2075.06301717436	2803.10802975447	916.642879335797	3578.8043381674	2812.80147288901	3657.52481579825	1844.0912185481	2811.08652597385	2558.26549373501	3299.56967087198	3407.20122897722	2313.844025278	1735.02636665874	1839.15307012919	1735.04286142766	2176.15603325453	3691.49778600082	3957.03014834768
2374.0497315804	2588.13318628921	1503.31917467857	2353.71863163182	3973.01959601005	2092.44000426082	1988.2881690378	759.954910847452	3121.25086942043	881.189114135255	3909.00087522442	2805.86823891039	2382.63938866376	2881.87838070698	2149.68201746676	2870.1342743559	1499.26655673989	2979.44024359008	5702.82266354006	1646.94332012725	3590.22867513906	3577.97718335373	0	2186.71998573599	1624.14843118363	5348.79024132315	2544.28771349414	1973.07738932005	2058.18275794444	1435.95480092854	2631.31093485569	6229.95433913493	6146.60849241331	6242.77028267078	4252.43166261572	3799.99149748736	1326.2426979275	3176.94673351316	1704.38711184927	1032.71449029312	1511.67345743187	2561.61038461481	5014.59948237388	5831.13730661424	6162.07080924195	5184.78091001989	2192.80695667899	1498.25631095967	2848.64582311595	4559.8692381572	4323.03442496615	758.794038981286	1920.93067336167	1411.97078758038	4474.18368979598	4515.0704030682	578.467357273064	5599.29076790843	1396.61174255727	3937.36574357224	3566.50159524009	3603.12334986732	3075.63512847497	6700.51628503505	2019.10892088694	2517.3581937547	2851.29950376	6792.33166599428	2251.36370704135	1361.01297429432	2661.54208562861	3735.47786693512	3388.38968564647	4895.48385561049	7209.54566074477	3079.46153561495	991.960217457231	1491.79802295763	1411.90170307598	1563.23575606649	3512.2774879621	3340.30468348411	1502.91416617937	1456.59444639866	2661.33430401794	575.083289873288	765.17571046472	1964.5640452226	3513.80130800289	829.491254555694	1019.71168961872	1960.52046383555	1714.24045840157	2428.05211794751	2557.92767451728	3512.54595948521	3316.46863553035	2045.17623356512	3449.38989517311	4955.74244309876
