0	1130.27518165715	2826.33808755061	381.563284729724	2115.2196429323	3360.84146618778	2962.45720588941	2382.11807779525	738.604929354211	555.336213393465	1047.70851717825	3801.84242787995	3795.28300510424	2418.53244301657	6847.01109522311	1972.09786551236	2744.35281562138	3742.03627083822	2764.14985856635	2698.81818395942	2753.59668293712	2701.74929837272	2809.17801248642	1617.93790708395	2101.85530794103	3133.25761994416	1888.24912772626	2818.36405431864	1013.8945308444	3531.59957449051	1188.13187169875	4870.66902351407	2488.09632412981	2582.87127159712	3119.98276387615	4284.22368754691	4176.79059026338	3550.67610389814	4269.42200350724	2099.37230737777	1493.08551938971	1855.52445021655	3681.34140856981	2309.68970114554	2314.94212178323	2727.0497696727	2748.90263202556	3774.80405142544	2603.26333096771	3241.03326179679	2113.14299524425	1793.69773219095	1428.38275783202	2698.80533612285	4522.47377109821	4821.15828562353	3640.54440382447	1367.64713009721	2059.06341131306	3539.92195900906	1796.5749341522	3564.80430051656	697.751534047942	4128.99916546729	4407.8800880704	3952.00970147323	4876.87641448069	4780.33726142926	2034.28969045626	1746.95007115786	1743.50795651742	2060.75241653948	3710.75793099756	2331.4509011471	2567.55819893668	5585.29654889923	1834.13264717532	2561.76600599358	2326.10030942122	2107.0836935318	1256.05140875446	593.106833915823	2026.08333879607	3397.3257353401	3525.90385191211	1492.76719362185	2706.61318886841	2176.54778167171	3687.18955367734	5020.87898803337	3722.16060133088	2749.04306598764	2697.51567266783	905.149514828046	3334.78515019338	2470.27757600336	2694.32390316717	1970.39898154102	1129.53191982851	1174.07999851399
1130.27518165715	0	2731.55985460191	1387.41762296765	2209.997875881	2230.56628453063	3057.2354388381	1887.84390450644	1333.48549683501	1132.23712041728	1008.36716079523	2671.5672462228	2665.00782344709	1288.25726135942	6752.23286227441	2066.87609846106	1614.07763396423	2611.76108918107	2858.92809151505	1568.54300230227	1623.32150127997	1571.47411671557	1678.90283082927	2748.21308874109	2196.63354088973	3228.03585289286	1793.47089477756	1688.08887266149	916.025027472253	2665.42085614291	1282.91010464745	3740.39384185693	1555.88014914365	3713.14645325427	4250.2579455333	5414.49886920406	5307.06577192052	4680.95128555529	3139.1468218501	2194.15054032647	914.091528581744	1458.67893430263	2551.06622691267	2404.46793409424	2409.72035473193	1596.77458801555	1618.62745036841	2644.52886976829	1472.98814931057	3146.25502884809	2682.79328700453	2923.9729138481	2558.65793948917	1568.5301544657	4427.69553814951	4726.38005267483	3545.76617087577	718.323986362451	928.788229655911	3634.70019195775	1891.35316710089	4695.07948217371	876.894345926652	4034.22093251859	4313.1018551217	3857.23146852453	4782.09818153199	4685.55902848056	1748.40607205129	955.232692310124	950.911872076377	930.477234882334	3805.53616394626	1306.36900606296	2420.83890221467	4455.02136724209	1599.40645908952	2466.98777304488	2274.7046192237	2804.37738880777	1161.27317580576	1598.5367237031	907.057265839641	2267.05055368295	2662.21150927281	915.997556319488	1576.33800721126	2567.27384466808	2556.91437202019	3890.60380637622	2591.88541967374	1618.7678843305	1567.24049101069	810.371281879347	2204.50996853623	2565.05580895206	1564.04872151002	2065.17721448972	739.480786342231	1879.8602727553
2826.33808755061	2731.55985460191	0	2444.77480282089	4941.55773048291	3029.57084665801	5788.79529344002	4619.40375910835	3564.94301690482	3381.67430094408	3739.92701539714	4160.90901564983	2695.79231876685	3555.19544219678	4020.67300767249	4798.43595306298	4151.03459625801	2642.54558450082	5590.48794611697	2673.56184972878	4158.33798256461	3897.94833534245	2661.55107406851	3297.4870593564	4928.19339549164	5959.59570749477	938.088959824351	4340.2994831736	3647.58488207416	5396.98071074482	4014.46995924936	3771.17833717668	4287.44000374556	3682.36195793451	4219.47345021354	5383.7143738843	5276.28127660077	4650.16679023554	3169.93131716985	4925.71039492838	3645.65138318366	1272.88092029928	2581.85072223242	5136.02778869615	5141.28020933384	3596.02489218922	4155.68749658702	2675.31336508805	2017.33306527497	2906.45525075349	2652.00879168478	2893.18841852834	2527.87344416942	2672.12753230171	1696.13568354759	1994.82019807291	1455.16502733716	3449.88384096436	3009.30165312659	6366.26004655967	4622.91302170281	4664.29498685395	2128.58655350267	1989.89720891972	1700.24551001524	2198.16201587998	2081.61842804152	2737.07198640083	983.153782550623	3686.79254691204	3682.47172667829	3075.26746259471	6537.09601854817	1425.19084853895	1468.06751259929	4485.80586256184	4330.96631369144	1840.74235718731	2243.92012390394	2773.59289348802	1570.28667879615	2233.23125363479	3638.61712044155	2297.8350490027	5393.77136387473	3647.5574109214	3900.69019120026	2536.48934934833	2587.69886733995	3921.38830169598	2622.66991499349	4153.68023794746	3898.07548761074	1921.18857272257	2235.29446385599	5296.61566355397	2670.6484179517	4796.73706909163	1992.07906825968	4000.4180860646
381.563284729724	1387.41762296765	2444.77480282089	0	2496.78292766202	3617.98390749828	3344.02049061913	2639.26051910575	1120.16821408393	936.899498123189	1304.85095848875	4058.98486919045	4052.42544641474	2675.67488432707	6465.44781049338	2353.66115024209	3001.49525693188	3999.17871214872	3145.71314329608	2955.96062526992	3010.73912424762	2958.89173968322	3066.32045379692	1360.79546577345	2483.41859267075	3514.82090467389	1506.68584299654	3075.50649562914	1271.0369721549	3788.74201580101	1569.69515642847	5127.81146482458	2745.23876544031	2325.72883028662	2862.84032256565	4027.08124623641	3919.64814895288	3293.53366258764	4526.56444481774	2480.93559210749	1750.22796070021	2112.66689152706	3938.48384988032	2691.25298587526	2696.50540651296	2984.1922109832	3006.04507333606	4031.94649273594	2860.40577227821	2859.46997706706	1731.57971051453	1536.55529088045	1171.24031652152	2955.94777743335	4140.91048636848	4439.5950008938	3258.98111909475	1624.78957140771	2316.20585262356	3921.48524373878	2178.13821888192	3307.66185920606	510.523277040997	3747.43588073757	4026.31680334068	3570.44641674351	4495.31312975097	4398.77397669953	2291.43213176676	2004.09251246836	2000.65039782792	2317.89485784998	4092.32121572728	2588.5933424576	2824.70064024719	5842.43899020973	2091.27508848582	2180.20272126385	1944.53702469149	1725.52040880208	1054.05603819726	211.543549186099	2283.22578010657	3654.4681766506	3783.04629322262	1749.90963493235	2963.75563017891	1794.98449694199	3944.33199498784	5278.02142934387	3979.30304264139	3006.18550729815	2954.65811397834	863.072466998185	3591.92759150388	2851.84086073309	2951.46634447767	2351.96226627074	1386.67436113901	1555.64328324371
2115.2196429323	2209.997875881	4941.55773048291	2496.78292766202	0	1911.9868838249	847.237562957109	443.909718579617	2141.4186743935	1940.17029797577	1201.63071508577	1863.63406866431	3069.76990888322	1386.36228828612	8962.2307381554	955.969933139493	806.144456405744	3402.71583258129	1869.5008489132	2267.99588075413	815.388323721483	1043.60939514046	2280.0066564144	3556.14626629958	2542.4505397289	3386.49751683443	4003.46877065856	880.155695103001	1293.97284840874	1593.39121527487	2043.8107410696	3067.25850344147	654.117726737347	4521.07963081276	5058.19112309179	6222.43204676255	6114.99894947901	5488.88446311378	2547.61074843904	1044.48970389906	1295.90634729925	3668.67681018363	2815.49744608211	647.324112818864	644.525044083355	1345.53283829369	810.69427280992	2497.09001295121	2924.22466520794	5356.25290472908	4228.36263817655	3731.90609140658	3366.59111704766	2269.4301981812	6637.6934140305	6936.37792855582	5755.76404675677	1491.67388951854	1932.25607735632	1709.35343366119	1321.30541168262	5503.01265973219	2812.97117698024	6244.21880839959	6523.0997310027	6067.22934440553	6992.09605741299	6895.55690436156	3958.40394793228	1254.76518357087	1259.08600380462	1866.2902678882	1595.53828806526	3516.36688194396	4630.83677809566	5526.87735150758	610.591416791472	4676.98564892587	4441.31995235351	4222.3033364641	3371.27105168676	2708.32647684812	1302.94061004135	3863.91849612014	1587.69549269648	1294.00031956151	1040.86753928264	4291.76742460401	2814.84663157188	3706.29975210768	4540.61482805313	810.834706772009	1043.48224287216	3020.36915776034	3819.19890839949	1823.24426255214	2270.90931253121	955.359731986862	2949.47866222323	2687.79345031379
3360.84146618778	2230.56628453063	3029.57084665801	3617.98390749828	1911.9868838249	0	2759.22444678201	1589.83291245035	3564.05178136565	3362.80340494792	2313.13294900953	1131.33816899182	1157.78302505832	942.309023171215	7050.2438543305	2378.60304011164	1121.46374960001	1490.72894875639	3292.13395588534	662.023282228365	1128.76713590661	868.377488684445	551.663453701364	4978.77937327173	3965.08364670105	4809.13062380658	2709.0218649144	1310.72863651559	2346.94693534338	2367.40986408681	3466.44384804174	1509.82755732629	1257.86915708755	5943.7127377849	6480.82423006393	7645.06515373469	7537.63205645116	6911.51757008593	908.580537319461	2467.12281087121	1867.75594679807	1756.68992635873	903.510562257209	2106.45694203814	2111.70936267584	633.791696515087	1126.11664992902	585.103129126308	1012.23778138304	5167.80603060388	4913.35957153517	5154.53919837873	4789.2242240198	662.036130064934	4725.7065302056	5024.39104473092	3843.77716293187	1993.19433609057	1301.77805487472	3336.68919990166	2743.93851865476	6925.64576670434	3107.46063045729	4332.23192457469	4611.1128471778	4459.51279573037	5080.10917358809	4998.42276625121	2046.41706410738	1613.89139502992	1617.33350967036	1300.0890496483	3507.52517189016	1604.37999811905	2718.84989427076	3614.89046768268	1526.70881901247	4102.0931370377	4505.27090375433	5034.94367333841	2563.92786930103	3829.10300823373	1334.75812739171	1951.93161229524	2364.20051721672	1868.07427256593	871.119344542256	4797.84012919872	902.859747746975	1794.31286828278	2628.62794422823	1124.10939128945	868.504640952738	2754.9114405001	1907.21202457459	3245.87736952429	666.517563020614	2377.99283895901	2231.30954635928	4110.42655728593
2962.45720588941	3057.2354388381	5788.79529344002	3344.02049061913	847.237562957109	2759.22444678201	0	1169.39153433166	2223.85227653519	2407.12099249594	2048.86827804288	2333.10610216804	3917.00747184033	2233.59985124323	9809.46830111251	990.359340377042	1637.760697182	4249.9533955384	1400.02881540947	3115.23344371124	1630.4573108754	1890.84695809757	3127.24421937151	3086.67423279585	2072.97850622517	2917.0254833307	4850.70633361567	1448.49581026642	2141.21041136585	2062.8632487786	1774.32533419066	3914.49606639857	1501.35528969446	4051.60759730903	4588.71908958806	5752.96001325882	5645.52691597529	5019.41242961005	3394.84831139615	863.084898511638	2143.14391025636	4515.91437314074	3662.73500903922	652.767504743866	647.515084106173	2192.7704012508	1633.10779685299	3344.32757590832	3771.46222816505	6203.49046768619	5075.60020113366	4389.17354644368	3450.00546164725	3116.66776113831	7484.93097698761	7783.61549151293	6603.00160971388	2338.91145247565	2779.49364031343	1239.88140015746	1165.88227173721	5033.54062622847	3660.20873993735	7091.4563713567	7370.33729395981	6914.46690736264	7839.3336203701	7742.79446731866	4805.64151088939	2102.00274652798	2106.32356676173	2713.52783084531	748.300725108153	4363.60444490106	5478.07434105277	6374.11491446469	1457.82897974858	5524.22321188298	5288.55751531062	5069.5408994212	4218.50861464387	3555.56403980523	2150.17817299846	4711.15605907725	2057.16752620021	2141.23788251862	1888.10510223975	5139.00498756112	3662.08419452898	4553.53731506479	5387.85239101024	1635.11505549256	1890.71980582927	3867.60672071745	4666.4364713566	1353.77222904842	3118.14687548832	992.058224348389	3796.71622518034	2218.32141681006
2382.11807779525	1887.84390450644	4619.40375910835	2639.26051910575	443.909718579617	1589.83291245035	1169.39153433166	0	2585.32839297312	2384.08001655539	1334.409560617	1419.72435008469	2747.61593750867	1064.20831691157	8640.07676678085	1399.87965171911	468.369162850339	3080.56186120674	2313.41056749282	1945.84190937958	461.06577654374	721.455423765902	1957.85268503985	4000.0559848792	2986.36025830852	3830.40723541405	3681.314799284	436.245976523384	1368.22354695086	1149.48149669526	2487.72045964922	2745.10453206691	331.963755362793	4964.98934939237	5502.1008416714	6666.34176534216	6558.90866805863	5932.7941816934	2225.45677706448	1488.39942247868	973.752375924698	3346.52283880907	2493.34347470756	1091.23383139848	1088.43476266297	1023.37886691914	463.716262521329	2174.93604157665	2602.07069383339	5034.09893335453	3934.63618314264	4175.8158099862	3810.50083562728	1947.27622680664	6315.53944265595	6614.22395718127	5433.61007538221	1169.51991814399	1610.10210598176	2153.2631522408	1765.21513026224	5946.92237831181	2490.81720560568	5922.06483702504	6200.94575962814	5745.07537303098	6669.94208603843	6573.402932987	3636.24997655773	932.611212196318	936.932032430064	1544.13629651365	1917.69225943982	3194.2129105694	4308.68280672111	5204.72338013303	547.985430619936	4354.83167755132	4119.16598097896	4056.22028494588	3049.1170803122	2850.3796198412	980.7866386668	3541.76452474558	1143.78577411686	971.846348186953	718.71356790809	3969.61345322945	2492.69266019732	3384.14578073312	4218.46085667858	465.723521160892	721.328271497609	2698.21518638579	3497.04493702493	2267.15398113176	1948.75534115666	1399.26945056648	2627.32469084867	3131.7031688934
738.604929354211	1333.48549683501	3564.94301690482	1120.16821408393	2141.4186743935	3564.05178136565	2223.85227653519	2585.32839297312	0	201.24837641773	1250.91883235612	4005.05274305781	3998.4933202821	2621.74275819443	7585.61602457732	1233.49293615815	2947.56313079925	3945.24658601608	2025.54492921214	2902.02849913728	2956.80699811498	2904.95961355058	3012.38832766428	1414.72759190608	1363.25037858682	2394.65269058995	2626.85405708047	3021.5743694965	1217.10484602226	3734.80988966838	449.526942344536	5073.87933869194	2691.30663930768	2379.66095641926	2916.77244869829	4081.01337236905	3973.58027508551	3347.46578872028	4472.63231868511	1360.76737802356	1696.29583456757	2292.06209660554	3884.55172374768	1571.08477179133	1576.33719242902	2930.26008485056	2952.11294720342	3978.01436660331	2806.47364614558	3979.638191151	2851.74792459846	2165.32126990848	1226.15318511206	2902.01565130071	5261.07870045242	5559.76321497774	4379.14933317868	1570.85744527507	2262.27372649092	2801.31702965484	1057.97000479798	3361.59398533869	1436.35646340215	4867.6040948215	5146.48501742461	4690.61463082744	5615.4813438349	5518.94219078347	2581.7892343542	1950.16038633572	1946.71827169529	2263.96273171735	2972.15300164335	2534.66121632496	3254.22206451758	5788.5068640771	2037.34296235318	3300.37093534779	3064.70523877543	2845.68862288601	1994.65633810867	1331.71176327003	2229.29365397393	3600.53605051796	3729.11416708998	1695.97750879972	2909.82350404628	2915.15271102592	3890.3998688552	5224.08930321124	3925.37091650875	2952.25338116551	2900.7259878457	1643.75444418226	3537.99546537125	1731.67264664915	2897.53421834503	1231.79405218681	1572.86394864514	546.374775920284
555.336213393465	1132.23712041728	3381.67430094408	936.899498123189	1940.17029797577	3362.80340494792	2407.12099249594	2384.08001655539	201.24837641773	0	1049.67045593839	3803.80436664008	3797.24494386438	2420.4943817767	7402.34730861657	1416.7616521189	2746.31475438152	3743.99820959835	2208.81364517289	2700.78012271955	2755.55862169726	2703.71123713285	2811.13995124655	1615.97596832381	1546.51909454757	2577.9214065507	2443.58534111972	2820.32599307877	1015.85646960453	3533.56151325065	632.795658305282	4872.63096227421	2490.05826288995	2580.90933283699	3118.02082511602	4282.26174878678	4174.82865150324	3548.71416513801	4271.38394226738	1544.0360939843	1495.04745814984	2108.7933806448	3683.30334732995	1754.35348775207	1759.60590838977	2729.01170843283	2750.86457078569	3776.76599018558	2605.22526972785	3796.36947519025	2668.47920863772	1982.05255394773	1426.42081907189	2700.76727488298	5077.80998449167	5376.49449901699	4195.88061721794	1369.60906885734	2061.02535007319	2984.58574561559	1241.23872075873	3562.84236175642	1253.08774744141	4684.33537886076	4963.21630146387	4507.3459148667	5432.21262787416	5335.67347482272	2398.52051839345	1748.91200991799	1745.46989527756	2062.71435529962	3155.42171760409	2333.41283990723	3070.95334855683	5587.25848765937	1836.09458593545	3117.10221938704	2881.43652281468	2662.41990692526	1811.38762214793	1148.44304730929	2028.0452775562	3399.28767410023	3527.86579067225	1494.72913238199	2708.57512762855	2731.88399506517	3689.15149243747	5022.84092679351	3724.12254009102	2751.00500474778	2699.47761142797	1460.48572822151	3336.74708895352	1914.9413626099	2696.2858419273	1415.06276814755	1389.59523268439	747.623152338014
1047.70851717825	1008.36716079523	3739.92701539714	1304.85095848875	1201.63071508577	2313.13294900953	2048.86827804288	1334.409560617	1250.91883235612	1049.67045593839	0	2754.13391070169	2747.57448792599	1370.82392583831	7760.60002306963	1058.50893766584	1696.64429844313	2694.32775365996	1850.56093071983	1651.10966678116	1705.88816575887	1654.04078119446	1761.46949530817	2665.6464242622	1651.95069769152	2495.99767479705	2801.83805557279	1770.65553714038	92.3421333229745	2483.89105731226	1153.31089903222	3822.96050633582	1440.38780695156	3630.57978877537	4167.6912810544	5331.93220472516	5224.49910744163	4598.3846210764	3221.71348632899	1185.78337953124	445.377002211456	2467.04609509786	2633.63289139156	1396.10077329901	1401.35319393671	1679.34125249444	1701.1941148473	2727.09553424719	1722.59395012217	4154.62218964332	3026.73192309078	2841.4062493692	2476.09127501028	1651.09681894459	5436.06269894473	5734.74721347005	4554.133331671	319.938612918955	1011.35489413481	2626.33303116253	882.986006305668	4612.51281769481	1611.34046189447	5042.58809331382	5321.46901591693	4865.59862931976	5790.46534232722	5693.92618927579	2756.77323284652	699.241553979604	695.799439339168	1013.04389936123	2797.16900315103	2314.73616685819	3429.20606300989	4537.58803172098	786.424129997064	3475.3549338401	3239.68923726774	3020.67262137833	2169.64033660099	1515.9700592242	978.374821617815	2662.28778103437	2478.19533473386	445.058676443597	1658.90467169016	3090.13670951824	2639.48103649909	3973.17047085512	3338.98411296736	1701.33454880939	1649.80715548958	1818.73844267457	2617.56819331372	1556.68864815683	1646.61538598891	1056.81005369449	1747.84794713746	1797.2936082764
3801.84242787995	2671.5672462228	4160.90901564983	4058.98486919045	1863.63406866431	1131.33816899182	2333.10610216804	1419.72435008469	4005.05274305781	3803.80436664008	2754.13391070169	0	2289.12119405014	1383.30998486338	8181.58202332232	2819.6040018038	1057.48961225857	2622.06711774821	3733.13491757751	1487.34716592105	1048.24574494283	1100.09312950723	1499.35794158132	5419.78033496389	4406.08460839321	5250.13158549874	3222.82005582548	983.478373561311	2787.94789703555	1236.07169509499	3907.44480973391	2286.60978860839	1313.74610375014	6384.71369947707	6921.8251917561	8086.06611542686	7978.63301814332	7352.51853177809	1766.96203360596	2908.12377256338	2308.75690849024	2888.02809535055	2034.84873124903	2510.95818148317	2508.15911274767	1074.79265820725	1052.93979585439	1716.44129811813	2143.57595037486	5608.80699229604	5354.36053322733	5595.54016007089	5230.22518571197	1488.78148334812	5857.04469919742	6155.72921372274	4975.11533192369	2434.19529778274	1742.77901656689	3572.9875023255	3184.93948034693	7366.64672839651	3548.46159214945	5463.57009356651	5742.45101616962	5286.58062957245	6211.44734257991	6114.90818952848	3177.75523309921	2054.89235672209	2058.33447136253	1741.09001134047	3066.13994596712	2735.71816711088	3850.18806326258	4746.2286366745	1967.70978070463	4543.09409872986	4946.2718654465	5475.94463503057	3004.92883099319	4270.1039699259	1775.75908908388	3083.26978128706	1232.8623482249	2309.0752342581	1095.22923901154	5238.84109089088	2034.1979167388	2925.6510372746	3759.96611322005	1052.7993618923	1104.32675521211	3195.91240219226	3038.55019356641	3686.87833121645	1490.26059769813	2818.99380065117	2672.31050805144	4551.4275189781
3795.28300510424	2665.00782344709	2695.79231876685	4052.42544641474	3069.76990888322	1157.78302505832	3917.00747184033	2747.61593750867	3998.4933202821	3797.24494386438	2747.57448792599	2289.12119405014	0	1683.4076205971	5892.46082927218	2926.64813146329	2279.24677465833	332.94592369807	3726.5754948018	1096.46482114482	2286.55016096493	2026.16051374276	986.104992617821	5413.22091218819	4399.5251856175	5243.57216272303	3143.46340383086	2468.51166157391	2781.38847425984	3525.19288914513	3900.8853869582	1075.38601840984	2415.65218214587	6378.15427670136	6915.26576898039	8079.50669265115	7972.07359536762	7345.95910900238	522.159160444181	3053.92257332869	2302.19748571453	1939.75855488768	254.272462801111	3264.23996709646	3269.49238773416	1724.23707058953	2283.89967498734	572.679895932011	1192.01967413653	5602.24756952034	5347.80111045163	5588.98073729519	5223.66576293626	1096.47766898139	4262.40431806034	4081.32429786796	4150.95734610401	2427.63587500703	1736.21959379118	4494.47222495998	3178.38005757122	7360.0873056208	3541.90216937374	4685.68952768657	4396.03782878209	4893.95433464683	4777.41074680836	5432.86430516767	1760.99331464798	2048.33293394638	2051.77504858682	1734.53058856476	4665.30819694848	1463.83210395714	1561.06686921244	2457.10744262436	2459.17849209175	4536.53467595415	4939.71244267079	5469.38521225486	2998.36940821749	4263.54454715019	1769.19966630817	794.148587236917	3521.98354227504	2302.51581148239	2028.90236960058	5232.28166811518	254.923277311345	1225.59598292913	1470.84491916991	2281.89241634777	2026.28766601106	3189.35297941656	749.428999516267	3680.31890844075	1100.95910193707	2924.94924749194	2665.75108527573	4544.86809620239
2418.53244301657	1288.25726135942	3555.19544219678	2675.67488432707	1386.36228828612	942.309023171215	2233.59985124323	1064.20831691157	2621.74275819443	2420.4943817767	1370.82392583831	1383.30998486338	1683.4076205971	0	7575.86844986928	1436.29401694042	595.839154061232	2016.35354429517	2349.82493271413	881.633592468008	603.142540367831	342.752893145669	893.644368128277	4036.47035010051	3022.77462352983	3866.82160063536	2617.10648237243	785.104040976815	1404.63791217217	1841.78526854803	2524.13482487053	2452.13658049751	732.244561548778	5001.40371461369	5538.51520689272	6702.75613056348	6595.32303327994	5969.20854691471	1850.88956049068	1524.8137877	925.446923626857	2282.3145218975	1429.13515779598	1580.83234649937	1586.08476713706	308.517326656129	600.492054390242	1356.27160840887	1537.86237692181	4225.49700743266	3971.05054836395	4212.23017520751	3846.91520084859	883.067909895072	5251.33112574438	5550.0156402697	4369.40175847064	1050.88531291936	545.893789070194	2811.06460436288	1801.62949548355	5983.33674353313	2165.15160728607	4857.85652011347	5136.73744271657	4680.8670561194	5605.73376912686	5509.19461607543	2572.04165964616	671.582371858709	675.024486499145	479.927979602076	2981.90057635139	2130.00459365783	3244.47448980954	4140.51506322146	775.770871494653	3290.62336063975	3562.96188058312	4092.63465016719	1984.90876340063	2886.79398506252	392.449104220498	2477.55620783401	1838.57592167794	925.765249394716	345.49474900348	3855.5311060275	1428.48434328575	2602.34654501681	3154.25253976701	598.484795750679	342.880045413962	1812.60241732888	2432.83662011336	2303.56834635307	884.547024245087	1435.68381578779	1563.1163739371	3168.11753411472
6847.01109522311	6752.23286227441	4020.67300767249	6465.44781049338	8962.2307381554	7050.2438543305	9809.46830111251	8640.07676678085	7585.61602457732	7402.34730861657	7760.60002306963	8181.58202332232	5892.46082927218	7575.86844986928	0	8819.10896073547	8171.70760393051	5559.51490557411	9611.16095378946	6694.23485740127	8179.01099023711	7918.62134301495	6682.224081741	7318.1600670289	8948.86640316414	9980.26871516727	4958.76196749685	8360.97249084609	7668.25788974666	9417.65371841731	8035.14296692185	5894.97223471394	8308.11301141806	7318.64208885723	7354.98823909843	6865.58538463374	7127.71427488767	7455.70686389844	6414.61998971636	8946.38340260087	7666.32439085615	5293.55392797177	6146.73329207329	9156.70079636864	9161.95321700634	7616.69789986171	8176.36050425952	6465.14072520419	6038.00607294746	3605.97783342632	4733.86809997885	5420.29475466884	6359.46283946526	6692.80053997421	2324.5373241249	2025.85280959958	3206.46669139863	7470.55684863686	7029.97466079908	10386.9330542322	8643.5860293753	7675.18249014016	6149.25956117516	2718.01192975581	2439.13100715271	2895.00139374987	1970.13468074241	2066.67383379385	5003.82679022312	7707.46555458453	7703.14473435078	7095.9404702672	10557.7690262207	5445.86385621145	4331.39396005974	5699.34872244273	8351.63932136393	4285.24508922953	4520.91078580189	4739.92740169131	5590.95968646864	6253.90426130728	7659.29012811405	5098.31224203526	9414.44437154722	7668.23041859389	7921.36319887276	4670.4633135514	6147.38410658353	5255.93098604772	4421.61591010227	8174.35324561996	7918.74849528324	5941.86158039506	5143.03182975592	9317.28867122647	6691.32142562419	8817.41007676412	6012.75207593218	8021.0910937371
1972.09786551236	2066.87609846106	4798.43595306298	2353.66115024209	955.969933139493	2378.60304011164	990.359340377042	1399.87965171911	1233.49293615815	1416.7616521189	1058.50893766584	2819.6040018038	2926.64813146329	1436.29401694042	8819.10896073547	0	1762.11438954524	3259.59405516136	913.530915773705	2124.8741033342	1771.35825686098	1719.51087229658	2136.88487899447	2600.17633316009	1586.48060658941	2430.52758369494	3860.34699323862	1836.12562824249	1150.85107098881	2549.36114841437	1087.84080793011	3888.43059743793	1505.85789805367	3565.10969767326	4102.22118995229	5266.46211362305	5159.02901633952	4532.91452997429	3287.1835774311	127.274441865404	1152.78456987932	3525.5550327637	2699.10298249367	337.591835633176	342.84425627087	1744.81134359655	1766.66420594941	2792.5656253493	2781.10288778801	5213.13112730915	4085.24086075662	3398.81420606663	2459.64612127021	2126.30842076126	6494.57163661057	6793.25615113589	5612.64226933683	1348.55211209861	1789.13429993639	1567.82409349669	365.335478543126	4547.0427265927	2669.8493995603	6101.09703097966	6379.97795358276	5924.1075669856	6848.97427999306	6752.43512694162	3815.28217051235	1111.64340615094	1115.96422638469	1723.16849046827	1738.66006548519	3373.24510452402	4487.71500067573	5383.75557408765	851.894221099174	4533.86387150594	4298.19817493358	4079.18155904416	3228.14927426683	2565.20469942819	1159.81883262142	3720.7967187002	2543.66542583597	1150.87854214157	1724.37476279227	4148.64564718407	2704.9511276012	4038.64056195723	4397.4930506332	1766.8046399115	1715.27724659169	2877.24738034041	3676.07713097955	867.274329412651	2127.78753511128	1.69888397134628	2806.35688480329	1731.82351717429
2744.35281562138	1614.07763396423	4151.03459625801	3001.49525693188	806.144456405744	1121.46374960001	1637.760697182	468.369162850339	2947.56313079925	2746.31475438152	1696.64429844313	1057.48961225857	2279.24677465833	595.839154061232	8171.70760393051	1762.11438954524	0	2612.1926983564	2675.64530531894	1477.47274652924	9.24386731573908	253.086260915563	1489.48352218951	4362.29072270533	3348.59499613465	4192.64197324017	3212.94563643366	189.264886915583	1730.45828477698	1245.9461144868	2849.95519747534	2276.73536921657	256.256491491569	5327.2240872185	5864.33557949753	7028.57650316829	6921.14340588476	6295.02891951952	1757.08761421415	1850.63416030481	1251.26729623167	2878.15367595874	2024.97431185722	1453.46856922461	1450.6695004891	555.009704068798	4.65290032901007	1706.56687872632	2133.70153098305	4565.72977050419	4296.87092096877	4538.05054781233	4172.7355734534	1478.9070639563	5847.17027980561	6145.85479433093	4965.24091253187	1376.70568552417	1141.73294313143	2515.49789006693	2127.44986808836	6309.15711613794	2490.97197989088	5453.6956741747	5732.5765967778	5276.70621018064	6201.5729231881	6105.03377013666	3167.88081370739	997.402744463523	1000.84485910396	1075.76713366331	2386.06142229015	2725.84374771906	3840.31364387077	4736.35421728269	910.220168446063	3886.46251470098	3888.78225318793	4418.455022772	2580.74791746187	3212.61435766733	718.269476825312	3073.39536189524	1242.73676761671	1251.58562199953	250.344405057751	4181.35147863232	2024.32349734698	2915.77661788278	3750.09169382824	4.69025036626478	252.95910864727	2229.84602353545	3028.67577417459	2629.38871895789	1480.38617830632	1761.50418839261	2158.95552799833	3493.93790671953
3742.03627083822	2611.76108918107	2642.54558450082	3999.17871214872	3402.71583258129	1490.72894875639	4249.9533955384	3080.56186120674	3945.24658601608	3743.99820959835	2694.32775365996	2622.06711774821	332.94592369807	2016.35354429517	5559.51490557411	3259.59405516136	2612.1926983564	0	4051.64604821535	1134.71995182716	2619.496084663	2359.10643744083	1122.70917616689	5359.97417792216	4346.27845135148	5190.32542845701	3090.21666956483	2801.45758527198	2728.14173999382	3858.1388128432	3847.63865269218	1128.63275267586	2748.59810584394	6324.90754243534	6862.01903471437	8026.25995838513	7918.8268611016	7292.71237473636	855.105084142251	3386.86849702676	2248.95075144851	1886.51182062166	587.218386499181	3597.18589079453	3602.43831143223	2057.1829942876	2616.84559868541	905.625819630082	1138.7729398705	5549.00083525432	5294.55437618561	5535.73400302917	5170.41902867024	1133.28563440009	4209.15758379432	4028.07756360194	4097.71061183799	2374.38914074101	1682.97285952516	4827.41814865805	3125.1333233052	7306.84057135478	3488.65543510772	4632.44279342055	4342.79109451607	4840.7076003808	4724.16401254234	5379.61757090165	1707.74658038196	2147.95064901042	2143.62982877667	1681.28385429874	4998.25412064655	1410.58536969112	1228.12094551437	2124.16151892629	2792.12441578982	4483.28794168813	4886.46570840477	5416.13847798884	2945.12267395146	4210.29781288417	2099.77522253994	461.202663538847	3854.92946597311	2249.26907721637	2361.84829329865	5179.03493384916	587.869201009415	1278.84271719515	1137.89899547184	2614.83834004584	2359.23358970913	3136.10624515053	416.483075818197	3757.77376565236	1131.80652005008	3257.89517119001	2612.50435100971	4491.62136193637
2764.14985856635	2858.92809151505	5590.48794611697	3145.71314329608	1869.5008489132	3292.13395588534	1400.02881540947	2313.41056749282	2025.54492921214	2208.81364517289	1850.56093071983	3733.13491757751	3726.5754948018	2349.82493271413	9611.16095378946	913.530915773705	2675.64530531894	4051.64604821535	0	2916.92609638819	2684.88917263468	2633.04178807028	2928.93687204846	2293.00088676056	672.949690815703	1516.99666792123	4652.39898629262	2749.6565440162	1942.9030640428	3462.89206418807	1576.01798686761	4801.96151321164	2419.38881382737	2651.57878189956	3188.69027417859	4352.93119784935	4245.49810056581	3619.38361420058	4200.71449320481	825.011145014133	1944.83656293331	4317.60702581769	3612.63389826738	1222.17673609433	1224.97580482984	2658.34225937026	2680.19512172312	3706.096541123	3573.154880842	6005.18312036314	4877.29285381061	4190.86619912062	3251.6981143242	2918.36041381526	7286.62362966456	7585.30814418988	6404.69426239083	2140.6041051526	2581.18629299038	775.772100442701	967.574924414159	3633.511810819	3461.9013926143	6893.14902403365	7172.02994663676	6716.15956003959	7641.02627304705	7544.48711999561	4607.33416356634	1903.69539920493	1908.01621943868	2515.22048352226	946.608072431204	4165.29709757801	5279.76699372972	6175.80756714164	1765.42513687288	5325.91586455993	5090.25016798757	4871.23355209815	4020.20126732082	3357.25669248218	1957.37582849363	4512.8487117542	3457.19634160968	1942.93053519557	2637.90567856597	4940.69764023806	3618.4820433749	4952.17147773093	5189.54504368719	2680.33555568521	2628.8081623654	3669.2993733944	4468.12912403355	293.872282562993	2919.83952816527	914.141116926336	3598.40887785728	1590.06986005236
2698.81818395942	1568.54300230227	2673.56184972878	2955.96062526992	2267.99588075413	662.023282228365	3115.23344371124	1945.84190937958	2902.02849913728	2700.78012271955	1651.10966678116	1487.34716592105	1096.46482114482	881.633592468008	6694.23485740127	2124.8741033342	1477.47274652924	1134.71995182716	2916.92609638819	0	1484.77613283584	1224.38648561368	110.359828527002	4316.75609104336	3303.06036447268	4147.10734157821	2046.99858268603	1666.73763344482	1684.92365311502	2723.41886101604	2804.42056581338	2171.85083955466	1613.87815401679	5281.68945555654	5818.80094783557	6983.04187150633	6875.60877422279	6249.49428785756	1570.60381954783	2252.1485451996	1205.73266456971	1400.6809294295	982.523224610399	2462.46593896738	2467.71835960507	922.463042460441	1482.12564685825	1075.98586746602	656.228784453807	4505.78274837551	4251.3362893068	4492.51591615036	4127.20094179144	1.43431742706434	4369.69753327637	4668.38204780169	3487.76816600264	1331.17105386221	639.754772646358	3692.69819683089	2081.9152364264	6263.62248447598	2445.43734822892	3976.22292764546	4255.10385024856	3799.2334636514	4724.10017665886	4627.56102360742	1690.40806717815	1013.23069718326	1008.90987694951	638.065767419935	3863.53416881939	1248.37100118982	2362.84089734153	3258.88147075345	1657.40446396266	3440.06985480933	3843.24762152597	4372.92039111004	1901.90458707266	3167.07972600537	965.055270712778	1595.922615366	2720.20951414595	1206.05099033757	1227.12834147149	4135.81684697035	988.371369717922	2322.06080407395	2272.618947299	1480.11838821869	1224.51363788197	2092.88815827173	1551.20302764535	2623.0538138252	4.49428079224879	2123.17521936285	1569.28626413091	3448.40327505757
2753.59668293712	1623.32150127997	4158.33798256461	3010.73912424762	815.388323721483	1128.76713590661	1630.4573108754	461.06577654374	2956.80699811498	2755.55862169726	1705.88816575887	1048.24574494283	2286.55016096493	603.142540367831	8179.01099023711	1771.35825686098	9.24386731573908	2619.496084663	2684.88917263468	1484.77613283584	0	260.389647222162	1496.78690849611	4371.53459002107	3357.83886345038	4201.88584055591	3220.24902274026	181.961500608984	1739.70215209272	1238.6427281802	2859.19906479108	2284.03875552317	265.500358807308	5336.46795453424	5873.57944681327	7037.82037048403	6930.3872732005	6304.27278683526	1764.39100052074	1859.87802762055	1260.51116354741	2885.45706226534	2032.27769816382	1462.71243654035	1459.91336780484	562.313090375398	4.69405091156339	1713.87026503291	2141.00491728965	4573.03315681079	4306.11478828451	4547.29441512807	4181.97944076914	1486.2104502629	5854.47366611221	6153.15818063753	4972.54429883847	1385.94955283991	1149.03632943802	2524.74175738267	2136.6937354041	6318.40098345368	2500.21584720662	5460.9990604813	5739.8799830844	5284.00959648724	6208.87630949469	6112.33715644326	3175.18420001399	1006.64661177926	1010.0887264197	1083.07051996991	2378.75803598356	2733.14713402566	3847.61703017737	4743.65760358929	919.464035761802	3893.76590100758	3898.02612050367	4427.69889008774	2588.05130376846	3221.85822498307	727.513344141051	3080.69874820184	1235.43338131011	1260.82948931527	257.647791364351	4190.59534594806	2031.62688365358	2923.08000418938	3757.39508013484	4.65774461715193	260.262494953869	2237.14940984205	3035.97916048119	2638.63258627363	1487.68956461292	1770.74805570835	2166.25891430493	3503.18177403527
2701.74929837272	1571.47411671557	3897.94833534245	2958.89173968322	1043.60939514046	868.377488684445	1890.84695809757	721.455423765902	2904.95961355058	2703.71123713285	1654.04078119446	1100.09312950723	2026.16051374276	342.752893145669	7918.62134301495	1719.51087229658	253.086260915563	2359.10643744083	2633.04178807028	1224.38648561368	260.389647222162	0	1236.39726127395	4319.68720545666	3305.99147888598	4150.03845599151	2959.8593755181	442.351147831146	1687.85476752832	1499.03237540237	2807.35168022668	2168.91972514136	389.491668403109	5284.62056996984	5821.73206224887	6985.97298591963	6878.5398886361	6252.42540227086	1567.67270513452	1808.03064305615	1208.66377898301	2625.06741504317	1771.88805094165	1410.86505197595	1408.06598324044	301.923443153236	257.739161244573	1453.48061781075	1880.61527006748	4508.71386278882	4254.2674037201	4495.44703056367	4130.13205620474	1225.82080304074	5594.08401889005	5892.76853341537	4712.15465161631	1334.10216827551	888.646682215862	2472.89437281827	2084.8463508397	6266.55359888928	2448.36846264222	5200.60941325913	5479.49033586224	5023.61994926507	5948.48666227253	5851.9475092211	2914.79455279183	954.799227214861	958.241341855297	822.680872747745	2639.14768320572	2472.7574868035	3587.22738295521	4483.26795636713	867.616651197401	3633.37625378542	3846.17873593927	4375.85150552334	2327.6616565463	3170.01084041867	675.66595957665	2820.30910097968	1495.82302853227	1208.98210475087	4.8638904956922	4138.74796138366	1771.23723643142	2662.69035696722	3497.00543291268	255.73190260501	4.23362570488391	2095.81927268503	2775.58951325903	2586.78520170923	1227.29991739076	1718.90067114394	1905.86926708277	3451.33438947087
2809.17801248642	1678.90283082927	2661.55107406851	3066.32045379692	2280.0066564144	551.663453701364	3127.24421937151	1957.85268503985	3012.38832766428	2811.13995124655	1761.46949530817	1499.35794158132	986.104992617821	893.644368128277	6682.224081741	2136.88487899447	1489.48352218951	1122.70917616689	2928.93687204846	110.359828527002	1496.78690849611	1236.39726127395	0	4427.11591957036	3413.42019299968	4257.46717010521	2157.35841121303	1678.74840910509	1795.28348164202	2735.42963667631	2914.78039434038	2061.49101102766	1625.88892967705	5392.04928408354	5929.16077636257	7093.40170003333	6985.9686027498	6359.85411638456	1460.24399102082	2264.15932085987	1316.09249309671	1388.67015376923	872.163396083397	2474.47671462764	2479.72913526534	934.47381812071	1494.13642251852	965.626038939022	644.218008793537	4616.14257690252	4361.69611783381	4602.87574467737	4237.56077031844	110.372676363571	4357.6867576161	4656.37127214142	3475.75739034237	1441.53088238921	750.11460117336	3704.70897249116	2192.2750649534	6373.98231300298	2555.79717675592	3964.21215198519	4243.0930745883	3907.849342029	4712.08940099859	4615.55024794715	1678.39729151788	1062.22794132856	1065.670055969	748.425595946937	3875.54494447966	1236.36022552955	2350.83012168126	3246.87069509318	1669.41523962293	3550.42968333633	3953.60745005297	4483.28021963704	2012.26441559966	3277.43955453237	977.066046373048	1583.91183970574	2732.22028980622	1316.41081886457	1239.13911713176	4246.17667549736	878.011541190921	2211.70097554695	2260.60817163873	1492.12916387896	1236.52441354224	2203.24798679873	1539.19225198509	2694.21391582293	114.85410931925	2135.18599502312	1679.64609265791	3558.76310358457
