0	588.135172915657	1176.64613458771	3044.91062224253	2538.91990876932	2695.74129606309	2071.17167648741	759.43530331835	2051.99506390323	3509.25735500874	4330.00623499097	3695.57367267637	1637.83421870955	2192.94816994695	3044.65179817975	5808.86651887809	2321.74487865777	6260.74582162149	3574.180692199	2454.94141185471	1514.14289923515	486.132750655006	1336.78240570418	1755.35698298371	1971.98060740884	1573.14369857036	1571.20226466129	2699.30235088041	1971.94244195109	3759.59263627708	4007.44781200979	3956.2612689272	4228.51378714737	3959.31761577452	3811.36630421087	2635.0953365569	2696.42689718617	2275.03404180277	2261.36284603924	3274.68938714226	3760.46299817702	1248.00073373697	1234.33709474493	3720.68162566976	4716.49989722734	3569.01958103114	2634.89340036446	3235.47812255777	4292.8577636662	1162.21630114608	2434.9074041557	4190.7436374339	3816.20796399628	2448.74551871945	1507.03308609374	2247.74628137349	1047.21334829243	488.969708262172	3344.58422881697	2698.61471013385	3849.49522559247	2416.87513701026	3367.36584571909	3820.02100120922	4248.4078497473	4119.18048368648	3797.84268554414	3397.89955477064	2195.13903182385	4466.20417201314	8850.16082199329	3256.57964703697	3629.35648458835	4039.22499536285	3519.79276592923	3738.60667784122	4669.23661315348	3782.64333527282	3642.83931261845	4073.63851480515	3598.44440419589	3531.9421312326	2287.26701464663	3137.78046646784	2149.96894529526	1570.83055194962	1925.25021412244	2121.23072383009	1787.63531799194	1820.45029980607	1379.55829465282	2272.02060348599	2420.82150897186	2088.81797948921	3066.96768668942	1631.33899885445	1748.13732155174	4911.53385663209	6175.47962963203	1154.42450634388
588.135172915657	0	730.181486329033	3140.53872040559	2167.69120944596	2324.51259673973	1699.94297716405	1347.57047623401	1463.85989098758	3138.02865568539	3958.77753566762	3324.34497335301	2225.96939162521	2781.08334286261	3048.7989993595	5437.63781955473	2692.97357798113	5889.51712229813	4162.31586511466	2014.36631110434	2102.27807215081	102.002422260652	748.647232788521	2126.58568230707	1383.84543449318	1201.914999247	1199.97356533793	2328.07365155705	2560.07761486675	3388.36393695372	3636.21911268643	3585.03256960384	3857.28508782401	3588.08891645116	3440.13760488751	2263.86663723354	2325.19819786281	1686.89886888711	1890.13414671588	2903.4606878189	3172.32782526136	1754.03494301703	1605.56579406829	3349.4529263464	5304.635070143	2980.88440811548	2263.6647010411	2864.24942323441	3921.62906434284	790.98760182272	2063.67870483234	3819.51493811054	4298.48895232429	2077.51681939609	1666.69387969356	1659.61110845784	1635.34852120808	1077.10488117783	2756.44905590132	2327.38601081049	3261.36005267681	3005.01030992592	3955.50101863475	4408.15617412488	4836.54302266296	4707.31565660214	4385.9778584598	3986.0347276863	1823.91033250049	4094.97547268978	8478.93212266993	3844.71481995263	4217.491657504	4627.3601682785	4107.92793884488	4326.74185075688	5257.37178606914	4370.77850818848	4230.9744855341	4661.77368772081	4186.57957711155	4120.07730414825	1916.03831532327	3509.0091657912	2738.10411821092	1199.60185262626	2296.47891344579	2492.45942315345	2158.8640173153	2191.67899912943	1750.78699397618	2860.15577640164	2049.5928096485	1717.58928016585	2478.83251377377	2002.56769817781	1833.78701338344	4540.30515730873	5804.25093030867	1525.65320566724
1176.64613458771	730.181486329033	0	3729.04968207764	2897.87269577499	3054.69408306877	2430.12446349309	1936.08143790606	875.348929315524	3868.21014201442	4688.95902199665	4054.52645968204	2814.48035329726	3369.59430453466	3637.30996103155	6167.81930588376	1962.7920916521	6619.69860862717	4750.82682678671	2744.54779743338	2690.78903382286	690.513383932704	944.071337546452	1396.40419597804	1110.73167882564	1932.09648557604	1930.15505166697	3058.25513788608	3148.5885765388	4118.54542328275	4366.40059901546	4315.21405593288	4587.46657415304	4318.27040278019	4170.31909121654	2994.04812356258	3055.37968419184	1098.38790721506	2620.31563304491	3633.64217414793	2583.81686358931	2342.54590468909	875.384307739254	4079.63441267543	5893.14603181505	2392.37344644343	2993.84618737013	3594.43090956345	4651.81055067187	1521.16908815175	2793.86019116138	4549.69642443957	4886.99991399634	2807.69830572513	2255.20484136561	1594.96649292718	2223.85948288014	1665.61584284988	2167.93809422926	3057.56749713953	2672.84909100476	3593.52127159797	4544.0119803068	4996.66713579693	5425.05398433501	5295.82661827419	4974.48882013185	4574.54568935835	2554.09181882952	4825.15695901881	9209.11360899896	4433.22578162468	4806.00261917605	5215.87112995056	4696.43890051694	4915.25281242893	5845.88274774119	4959.28946986053	4819.48544720616	5250.28464939286	4775.0905387836	4708.58826582031	2646.21980165231	2778.82767946217	3326.61507988297	1929.7833389553	2625.20230820358	1762.27793682442	1428.68253098627	1722.3778719313	1875.19701186278	3448.66673807369	2779.77429597753	2447.77076649488	2971.01522567274	1272.38621184878	2422.29797505549	5270.48664363776	6534.4324166377	1717.05416588589
3044.91062224253	3140.53872040559	3729.04968207764	0	4054.34690395396	4192.14689907689	1947.73372706261	2655.42277472394	4604.39861139317	4055.25529362286	5950.21255613242	1751.6960600797	2094.90135944754	5074.60403754989	91.7397210460947	2923.95852492762	5366.6555009003	3215.83519937897	4614.89946070112	5007.34495934465	2314.31926659082	3038.53629814494	3889.18595319411	4800.26760522624	4524.38415489878	2750.98049618937	2747.64099172565	4203.67764456928	2401.28944565756	3607.89903950248	4455.13622126438	4662.76937074245	3781.65608337218	4132.62621936039	4062.85968700818	1292.84939312402	4198.03014923166	4827.4375892927	2499.89677861941	3685.74028431541	6312.86654566696	4292.91135597949	4279.24771698745	675.771003427232	2164.09634973741	6121.42312852108	1292.82434096431	4747.45222909523	2072.26076552677	3200.25597169562	1220.12969940582	1145.83301519137	1157.95023191869	1113.430095646	1537.87753614879	4800.14982886343	2925.82118949936	3323.06442373391	5896.98777630691	4197.78828677091	6401.89877308241	3292.75338126803	1295.44978421462	1626.88542150189	1909.93192297655	1566.77693619654	1906.48046693843	1271.55177012787	2291.08356612828	1421.29354977061	5805.25019975077	2584.53016579627	3931.16437998677	3851.19033613258	4193.32855380289	4216.16791604035	2811.81294761736	3788.66320148609	4180.62710104251	3508.61704179669	4168.60795340281	4139.85260519156	1413.03194419829	6182.69108871037	2413.02912399562	2750.29813383526	4970.16083636496	5166.14134607262	4832.54594023447	4865.3609220486	4424.46891689535	2591.00750385052	2099.31727913053	2442.5804184083	5619.37123417936	4676.24962109698	1306.75170702216	3768.90569365971	3318.59625529836	4199.33512858641
2538.91990876932	2167.69120944596	2897.87269577499	4054.34690395396	0	156.821387293774	2106.61317689135	2261.37865978238	2329.92744103358	970.337446239427	1895.86565217846	2302.65084387426	3139.77757517357	4568.61332407668	3962.60718290787	3269.94661010877	4860.66478742709	4216.29986286561	5076.12404866302	952.998055390687	3016.08625569918	2210.98255875992	1953.80135822854	4294.27689175303	1787.14101694935	1303.36640776459	1306.70591222831	160.382442111087	3473.88579841512	1220.67272750776	1468.52790324047	1417.34136015789	1689.59387837805	1420.3977070052	1272.44639544155	2761.49751082994	157.506988416849	3105.1173786629	1554.45012533455	735.769478372938	2258.519641713	3786.92064250628	3773.25700351425	3529.34953709322	6218.44325369137	2067.07622456712	2761.52256298965	696.558213788456	1982.08613842719	1376.70360762324	2834.21720454814	3417.46641616261	5212.29713587265	2940.91680830796	2580.50206324193	1302.90620284781	2549.15670475645	2817.0737102607	1842.64087235295	159.694801364534	2347.55186912845	3918.81849347429	4869.30920218312	5321.96435767325	5750.35120621133	5621.12384015051	5299.78604200817	4899.84291123467	1763.26333782568	3043.24508759191	6311.24091322397	4758.523003501	5131.29984105237	5541.16835182687	5021.73612239325	5240.55003430525	6171.17996961751	5284.58669173685	5144.78266908247	5575.58187126918	5100.38776065992	5033.88548769662	2641.31495975567	5676.70037523716	3651.91230175928	1304.04877011871	4464.17012289175	4660.15063259941	4326.55522676126	4359.37020857539	3918.47820342214	3773.96395995001	1955.02962482343	1611.76648554566	1565.0243302254	4170.25890762377	2747.5951969318	2372.61394786277	3636.55972086271	3693.3444151132
2695.74129606309	2324.51259673973	3054.69408306877	4192.14689907689	156.821387293774	0	2244.41317201428	2399.17865490531	2486.74882832736	813.516058945654	1758.06565705553	2440.45083899719	3277.5775702965	4725.43471137045	4100.4071780308	3113.12522281499	5017.48617472086	4354.09985798854	5213.92404378595	815.198060267758	3153.88625082211	2367.8039460537	2110.62274552231	4451.09827904681	1943.96240424313	1441.16640288752	1444.50590735124	11.5307454923937	3611.68579353805	1063.85134021399	1311.70651594669	1260.51997286411	1532.77249108427	1263.57631971143	1115.62500814778	2899.29750595287	5.88325015477483	3261.93876595667	1692.25012045748	578.948091079165	2120.71964659007	3943.74202980006	3930.07839080802	3667.14953221615	6356.24324881429	1929.27622944419	2899.32255811258	555.305330018341	2119.88613355012	1533.52499491701	2972.01719967107	3555.26641128554	5350.09713099558	3078.71680343089	2718.30205836486	1459.72759014158	2686.95669987938	2973.89509755447	1750.76045097183	5.64138769402223	2209.75187400552	4056.61848859722	5007.10919730605	5459.76435279618	5888.15120133426	5758.92383527344	5437.5860371311	5037.6429063576	1901.06333294861	3181.04508271484	6154.4195259302	4896.32299862393	5269.0998361753	5678.9683469498	5159.53611751618	5378.35002942818	6308.97996474044	5422.38668685978	5282.5826642054	5713.3818663921	5238.18775578285	5171.68548281955	2779.1149548786	5833.52176253093	3789.71229688221	1441.84876524163	4620.99151018553	4816.97201989318	4483.37661405503	4516.19159586916	4075.29959071591	3911.76395507294	2092.82961994636	1749.56648066859	1427.22433510247	4327.08029491754	2885.39519205473	2215.792560569	3479.73833356893	3850.16580240697
2071.17167648741	1699.94297716405	2430.12446349309	1947.73372706261	2106.61317689135	2244.41317201428	0	1681.68382896882	2656.66488433056	2107.52156656025	4002.47882906981	1624.40199618896	1121.16241369243	4100.86509179477	1855.99400601651	3737.69484239067	4392.91655514518	4189.57414513408	3641.160514946	3059.61123228204	1340.5803208357	1743.23432647802	1941.45222613151	3826.52865947113	2576.65042783617	803.246769126762	799.907264663042	2255.94391750668	1427.55049990244	1688.42095978967	2507.40249420177	2715.03564367984	2157.34211065995	2184.89249229778	2115.12595994557	654.884333938587	2250.29642216906	2879.7038622301	552.163051556802	1738.00655725281	4365.13281860435	3319.17241022438	3305.50877123234	1649.50994918235	4111.83007680001	4173.68940145847	654.9093860983	2799.71850203263	2221.68608717879	1252.52224463301	727.604027656787	2119.57196094649	3105.6839589813	834.303631416609	564.138590393677	2852.41610180082	1952.08224374424	2349.3254779788	3949.2540492443	2250.05455970831	4454.1650460198	2319.01443551292	2762.69602529176	3215.3511807819	3643.73802931997	3514.51066325915	3193.17286511681	2793.22973434331	343.349839065677	2395.03249552572	6778.98914550588	2651.90982660964	3024.68666416102	3434.55517493552	3219.58960804778	3242.42897028524	4064.56679272615	3177.97351484549	3206.8881552874	3468.96869437782	3194.8690076477	3166.11365943645	534.701782864313	5208.95214295525	1545.29912486793	802.564406772649	3996.42189060985	4192.4024003175	3858.80699447935	3891.62197629348	3450.72997114023	1667.35078305866	349.649832484447	494.846691345697	3671.63750711675	3702.51067534186	640.98202004045	2840.36218014467	4104.30795314461	3225.5961828313
759.43530331835	1347.57047623401	1936.08143790606	2655.42277472394	2261.37865978238	2399.17865490531	1681.68382896882	0	2811.43036722158	3119.76950749015	4157.24431196083	3306.08582515778	878.398915391198	2419.18126282595	2655.16395066116	5419.37867135949	2711.23272617636	5871.2579741029	2814.74538888065	3214.37671517306	754.707595916803	1245.56805397336	2096.21770902253	2144.84483050231	2731.41591072719	1183.65585105177	1181.7144171427	2410.7094003977	1212.50713863274	3370.10478875849	3617.95996449119	3566.77342140861	3839.02593962877	3569.82976825593	3421.87845669228	2245.60748903831	2405.06190506008	3034.46934512112	1871.87499852065	2885.20153962366	4519.89830149537	1637.48858125556	1949.26769970481	3331.19377815117	3957.06459390899	4328.45488434949	2245.40555284586	2954.48398492365	3903.36991614761	1407.28772752403	2045.41955663711	3801.25578991531	3426.72011647769	2059.25767120086	1117.54523857514	3007.18158469184	287.778044974076	667.641649009975	4104.01953213532	2404.82004259933	4608.93052891082	1657.43983369191	2607.93054240074	3060.58569789087	3488.97254642895	3359.74518036813	3038.40738222579	2638.46425145229	1805.65118430526	4076.71632449455	8460.6729744747	2497.14434371862	2869.92118127	3279.7896920445	2760.35746261088	2979.17137452287	3909.80130983513	3023.20803195447	2883.4040093001	3314.2032114868	2839.00910087754	2772.50682791425	1897.77916712804	3527.26831398643	1390.53364197691	1181.34270443103	2314.73806164103	2510.71857134868	2177.12316551053	2209.93814732466	1769.04614217141	1512.58530016763	2031.33366145327	1699.33013197062	3826.40299000777	2020.82684637304	1358.64947403315	4522.0460091135	5785.99178211343	1543.91235386247
2051.99506390323	1463.85989098758	875.348929315524	4604.39861139317	2329.92744103358	2486.74882832736	2656.66488433056	2811.43036722158	0	3300.26488727301	4121.01376725524	3486.58120494064	3689.82928261278	4244.94323385019	4512.65889034707	5599.87405114235	2530.7373463935	6051.75335388576	5626.17575610223	2176.60254269197	3566.13796313839	1565.86231324823	715.212658199055	1964.34945071945	542.78642408423	1853.4181152038	1856.75761966752	2490.30988314467	4023.93750585432	3550.60016854134	3798.45534427405	3747.26880119147	4019.52131941163	3750.32514803879	3602.37383647513	3311.54921826915	2487.43442945043	775.189937629318	2104.50183277376	3065.69691940652	1973.39647157018	3217.89483400461	1443.32956248066	4079.40124453243	6768.49496113057	1517.02451712791	3311.57427042886	3026.48565482204	4083.86529593046	1404.14263969755	3384.26891198735	3981.75116969816	5762.34884331186	3490.96851574717	3130.55377068114	1027.02123818578	3099.20841219566	2540.96477216541	1292.58916491374	2489.62224239812	1797.50016168924	4468.87020091349	5419.36090962233	5872.01606511246	6300.40291365054	6171.17554758971	5849.83774944737	5449.89461867388	2313.31504526489	4257.2117042774	8641.16835425756	5308.57471094021	5681.35154849158	6091.22005926608	5571.78782983246	5790.60174174446	6721.23167705672	5834.63839917606	5694.83437652168	6125.63357870838	5650.43946809913	5583.93719513583	3191.36666719487	3346.77293420358	4201.96400919849	1854.10047755791	3500.5512375191	2330.22319156583	2291.27551221253	2597.72680124682	2750.5459411783	4324.01566738922	2505.08133226264	2161.81819298487	2403.06997093133	1840.33146659019	3297.64690437101	4702.54138889635	5966.48716189629	2592.40309520141
3509.25735500874	3138.02865568539	3868.21014201442	4055.25529362286	970.337446239427	813.516058945654	2107.52156656025	3119.76950749015	3300.26488727301	0	1894.95726250956	2303.55923354316	3140.68596484247	5538.95077031611	3963.51557257676	2299.60916386934	5831.00223366652	4217.20825253451	5079.24619346733	1123.66234458104	3016.99464536808	3181.32000499935	2924.13880446797	5264.61433799246	2757.47846318878	1936.11365643838	1938.05509034745	809.95500412834	3474.79418808401	447.356254120378	498.19045700104	607.514077119586	719.256432138621	450.060260765775	302.108949202123	2762.40590049884	812.830457822578	4075.45482490233	1555.35851500345	369.515009307446	2257.6112520441	4757.25808874571	4743.59444975367	3530.25792676212	6219.35164336026	2200.12903484439	2762.43095265855	692.196935472373	1982.99452809609	2347.04105386267	2835.12559421704	3418.37480583151	5213.20552554155	2941.82519797686	2581.41045291083	2273.24364908723	3390.16792226558	3787.41115650013	2564.27650991749	810.642644874893	2346.64347945955	3919.72688314318	4870.21759185202	5322.87274734215	5751.25959588023	5622.0322298194	5300.69443167706	4900.75130090357	1764.17172749458	3044.15347726081	5340.90346698455	4759.4313931699	5132.20823072127	5542.07674149577	5022.64451206215	5241.45842397415	6172.08835928641	5285.49508140575	5145.69105875137	5576.49026093807	5101.29615032882	5034.79387736552	2642.22334942457	6647.03782147659	3652.82069142818	1938.42680305912	5434.50756913118	5630.48807883884	5296.89267300069	5329.70765481482	4888.81564966156	3774.87234961891	1955.93801449233	1612.67487521456	1564.1159405565	5140.5963538632	2748.5035866007	1402.27650162334	2666.22227462328	4663.68186135263
4330.00623499097	3958.77753566762	4688.95902199665	5950.21255613242	1895.86565217846	1758.06565705553	4002.47882906981	4157.24431196083	4121.01376725524	1894.95726250956	0	4198.51649605271	5035.64322735203	6359.69965029834	5858.47283508632	3026.25403120479	6651.75111364874	6112.16551504407	6971.98970084148	1944.41122456327	4911.95190787763	4002.06888498158	3744.8876844502	6085.36321797469	3578.22734317101	3199.23205994305	3202.57156440677	1746.53491156313	5369.75145059357	2342.31351662994	1495.07633486804	1287.44318538997	2168.55647276024	1817.58633677203	1887.35286912424	4657.3631630084	1752.18240690075	4896.20370488456	3450.31577751301	2264.472271817	2147.61729568505	5578.00696872794	5564.3433297359	5425.21518927168	8114.30890586982	3020.87791482662	4657.38821516811	1202.76032703718	3877.95179060565	3167.78993384489	4730.0828567266	5313.33206834107	7108.16278805111	4836.78246048642	4476.36771542039	3093.99252906946	4445.02235693491	4608.16003648236	3385.02538989972	1752.4242693615	3118.33937226836	5814.68414565274	6765.17485436157	7217.83000985171	7646.21685838979	7516.98949232896	7195.65169418662	6795.70856341312	3659.12899000413	4939.11073977037	5315.03784852443	6654.38865567945	7027.16549323083	7437.03400400533	6917.60177457171	7136.4156864837	8067.04562179596	7180.45234391531	7040.64832126093	7471.44752344763	6996.25341283837	6929.75113987508	4537.18061193412	7467.78670145882	5547.77795393774	3199.91442229716	6255.25644911341	6451.23695882107	6117.64155298291	6150.45653479705	5709.56452964379	5669.82961212847	3850.89527700188	3507.63213772411	1717.94379632391	5961.34523384543	4643.46084911026	2181.3068624727	2631.61630083405	5484.43074133486
3695.57367267637	3324.34497335301	4054.52645968204	1751.6960600797	2302.65084387426	2440.45083899719	1624.40199618896	3306.08582515778	3486.58120494064	2303.55923354316	4198.51649605271	0	2745.56440988139	5725.26708798373	1659.95633903361	2113.29284620172	6017.31855133414	2565.17214894512	5265.56251113496	3255.64889926495	2964.98231702466	3367.63632266698	3110.45512213559	5450.93065566009	2943.79478085641	2122.42997410601	2124.37140801508	2451.98158448958	3051.9524960914	1856.20297942278	2703.44016118467	2911.07331066274	2029.96002329248	2380.93015928069	2311.16362692848	1060.47833611947	2446.33408915196	4261.77114256995	1434.21082663713	1934.04422423571	4561.17048558725	4943.57440641334	4929.9107674213	1226.69869321896	3915.79240981711	4369.72706844138	1060.68027231192	2995.75616901553	597.284090989828	2533.35737153029	1260.66626852067	1114.81557228835	2909.64629199839	1246.82815395692	2188.54058658264	3048.45376878373	3576.4842399332	3973.72747416775	4145.29171622721	2446.09222669121	4650.2027130027	3943.41643170187	2566.65835830886	3019.31351379899	3447.70036233707	3318.47299627625	2997.13519813391	2597.19206736041	1500.43464085252	770.630499336766	5154.58714931692	3235.19321623011	4581.82743042061	4501.85338656643	4843.99160423674	4866.8309664742	3868.52912574325	4439.32625191993	4831.29015147635	4159.28009223053	4819.27100383666	4790.5156556254	1408.30665802974	6833.35413914421	3063.69217442946	2124.74312072675	5620.82388679881	5816.80439650646	5483.20899066831	5516.02397248244	5075.13196732919	3241.67055428437	1274.75216370451	1606.75569318716	3867.67517409966	5326.91267153082	1947.43635112463	2017.20963358001	2479.90595695566	4849.99817902025
1637.83421870955	2225.96939162521	2814.48035329726	2094.90135944754	3139.77757517357	3277.5775702965	1121.16241369243	878.398915391198	3689.82928261278	3140.68596484247	5035.64322735203	2745.56440988139	0	2979.70267810234	2094.64253538477	4858.8572560831	3271.75414145275	5310.73655882651	2519.99810125357	4092.77563056426	219.417907143275	2123.96696936455	2974.61662441373	2705.3662457787	3609.81482611839	1836.41116740898	1833.07166294526	3289.1083157889	334.108223241543	2809.5833734821	3540.56689248399	3748.20004196206	3278.50452435238	3218.05689058	3148.29035822779	1685.08607376192	3283.46082045128	3912.86826051231	1585.32744983902	2771.17095553503	5398.29721688657	2198.00999653195	2827.666615096	2770.67236287478	3078.66567851779	5206.85379974069	1684.88413756947	3832.88290031484	3342.84850087122	2285.68664291523	1484.89814136072	3240.73437463892	2866.1987012013	1498.73625592447	559.275511931643	3885.58050008304	830.919830051814	1228.16306428637	4982.41844752652	3283.21895799053	5487.32944430202	1197.85202182049	1729.53162700955	2182.18678249968	2610.57363103776	2481.34626497693	2160.00846683459	1760.06533606109	1376.5142373479	3516.19490921815	7900.15155919831	1618.74542832742	1991.5222658788	2401.3907766533	2098.42719435535	2121.26655659281	3031.40239444394	2144.80911656327	2085.72574159497	2435.8042960956	2073.70659395527	2044.95124574402	1337.25775185165	4087.78972926282	512.13472658571	1835.72880505487	2875.25947691742	3071.23998662508	2737.64458078692	2770.45956260105	2329.5675574478	634.186384776437	1470.81224617688	1528.01108962792	4704.80190539897	2581.34826164943	798.128058756754	3961.5245938371	5225.47036683704	2104.43376913887
2192.94816994695	2781.08334286261	3369.59430453466	5074.60403754989	4568.61332407668	4725.43471137045	4100.86509179477	2419.18126282595	4244.94323385019	5538.95077031611	6359.69965029834	5725.26708798373	2979.70267810234	0	5074.34521348711	7838.55993418545	3415.78333247371	8290.43923692885	1381.23252225204	4647.88958180167	2760.28477095907	2679.08092060196	3529.73057565113	2514.32826385	4164.9287773558	3602.83711387773	3600.89567996866	4728.99576618777	2673.31459189233	5789.28605158444	6037.14122731715	5985.95468423456	6258.20720245473	5989.01103108188	5841.05971951823	4664.78875186426	4726.12031249353	4467.98221174972	4291.0562613466	5304.38280244962	5953.41116812398	1027.04839984558	3382.78056633341	5750.37504097712	3001.01805856731	5761.9677509781	4664.58681567182	5265.17153786514	6322.55117897356	3191.90971645344	4464.60081946306	6220.43705274126	5845.90137930364	4478.43893402682	3536.7265014011	4440.69445132045	2148.78284805053	1751.53961381598	5537.53239876393	4728.30812544121	6042.44339553943	1781.85065628186	3779.15425333527	3447.71861604799	3164.67211457333	3581.35315549908	3168.12357061146	3803.05226742202	4224.83244713121	6495.8975873205	10879.8542373007	2490.07387175362	1436.40831464139	1846.27682541589	1326.84459598227	1545.65850789427	2476.28844320653	1589.69516532587	1449.89114267149	1880.6903448582	1405.49623424894	1338.99396128564	4316.960429954	1913.41503363037	2661.57491355427	3600.52396725698	744.391996331087	1948.16155793788	1953.66772163766	1647.21643260337	1494.39729267188	2483.59653369936	4450.51492427922	4118.51139479657	5259.91585663638	2868.64863492419	3777.8307368591	6941.22727193945	8205.17304493939	1652.54013864878
3044.65179817975	3048.7989993595	3637.30996103155	91.7397210460947	3962.60718290787	4100.4071780308	1855.99400601651	2655.16395066116	4512.65889034707	3963.51557257676	5858.47283508632	1659.95633903361	2094.64253538477	5074.34521348711	0	2832.21880388153	5366.39667683752	3216.09402344175	4614.64063663834	4915.60523829855	2314.06044252804	2946.79657709885	3797.44623214802	4800.00878116346	4432.64443385268	2659.24077514327	2655.90127067955	4111.93792352319	2401.03062159478	3516.15931845639	4363.39650021828	4571.02964969635	3689.91636232609	4040.88649831429	3971.11996596208	1201.10967207792	4106.29042818557	4735.69786824661	2408.15705757331	3594.00056326932	6221.12682462086	4292.65253191671	4278.98889292468	676.029827490011	2255.8360707835	6029.68340747498	1201.08461991821	4655.71250804914	1980.52104448068	3108.51625064952	1128.38997835972	1146.09183925415	1249.68995296479	1021.6903745999	1537.61871208601	4708.41010781733	2925.56236543658	3322.80559967113	5805.24805526081	4106.04856572482	6310.15905203631	3292.49455720525	1295.19096015184	1626.62659743911	1909.67309891378	1658.51665724264	1906.22164287565	1271.29294606509	2199.34384508219	1421.55237383339	5805.50902381354	2584.27134173349	3930.90555592399	3850.9315120698	4193.06972974011	4215.90909197757	2811.55412355458	3788.40437742331	4180.36827697973	3508.35821773391	4168.34912934003	4139.59378112878	1321.2922231522	6182.43226464759	2412.77029993284	2658.55841278916	4969.90201230218	5165.88252200984	4832.28711617169	4865.10209798582	4424.21009283257	2590.74867978774	2007.57755808444	2350.84069736221	5527.63151313326	4675.9907970342	1296.51447662801	3677.16597261362	3226.85653425227	4199.07630452363
5808.86651887809	5437.63781955473	6167.81930588376	2923.95852492762	3269.94661010877	3113.12522281499	3737.69484239067	5419.37867135949	5599.87405114235	2299.60916386934	3026.25403120479	2113.29284620172	4858.8572560831	7838.55993418545	2832.21880388153	0	8130.61139753585	3085.91148383927	7378.85535733668	3423.27150845038	5078.27516322638	5480.92916886869	5223.74796833731	7564.2235018618	5057.08762705812	4235.72282030772	4237.66425421679	3109.56416799768	5165.24534229311	2049.27388260101	1801.4187068683	1852.60524995088	1580.35273173072	1849.54890310357	1997.50021466722	3173.77118232118	3112.43962169192	6375.06398877167	3547.50367283885	2534.17713173583	3626.47757957217	7056.86725261505	7043.20361362301	2398.96115806688	5088.05487466503	4499.73819871374	3173.97311851363	2573.38839632031	1516.00875521189	4646.65021773201	3373.95911472238	2287.07803713628	4081.90875684632	3360.12100015863	4301.83343278435	4572.85281295657	5689.77708613492	6087.02032036947	4863.88567378683	3110.25180874423	4597.19965615547	6056.70927790359	4059.40568085018	4390.84131813745	4673.88781961211	4490.73546112417	4670.43636357399	4035.50766676343	3613.72748705424	1912.85670856557	3041.29430311521	5348.48606243183	6695.12027662233	6615.14623276814	6957.28445043845	6980.12381267591	5575.76884425292	6552.61909812165	6944.58299767807	6272.57293843225	6932.56385003837	6903.80850182712	3521.59950423145	8946.64698534593	5176.98502063118	4238.03596692846	7734.11673300052	7930.09724270818	7596.50183687003	7629.31681868416	7188.42481353091	5354.96340048608	3388.04500990623	3720.04853938888	3196.80408021102	7440.20551773254	4060.72919732635	897.332662245999	394.637730370739	6963.29102522197
2321.74487865777	2692.97357798113	1962.7920916521	5366.6555009003	4860.66478742709	5017.48617472086	4392.91655514518	2711.23272617636	2530.7373463935	5831.00223366652	6651.75111364874	6017.31855133414	3271.75414145275	3415.78333247371	5366.39667683752	8130.61139753585	0	8582.49070027926	4797.01585472575	4707.33988908547	3052.33623430948	2649.68222866716	2906.86342919855	901.455068623704	3073.52377047773	3894.88857722813	3892.94714331906	5021.04722953818	3194.77760447785	6081.33751493485	6329.19269066755	6278.00614758497	6550.25866580514	6281.06249443229	6133.11118286864	4956.84021521467	5018.17177584394	1755.54740876419	4583.10772469701	5596.43426580003	4504.13381796369	2388.73493262813	1087.40778391284	6042.42650432753	5939.33505975409	3630.87319882212	4956.63827902223	5557.22300121554	6614.60264232397	3483.96117980385	4756.65228281347	6512.48851609167	6137.95284265405	4770.49039737722	3828.7779647515	3557.75858457928	2440.83431140094	2043.59107716639	3266.72572374903	5020.35958879162	3533.41174138038	3639.71029953702	4590.20100824585	5042.85616373598	5471.24301227406	5342.01564621323	5020.6778480709	4620.7347172974	4516.88391048162	6787.94905067091	11171.9057006511	4479.41480956373	4852.1916471151	5262.0601578896	4742.62792845598	4961.44184036798	5892.07177568024	5005.47849779958	4865.6744751452	5296.4736773319	4821.27956672265	4754.77729375935	4609.0118933044	1502.36829884334	3372.80410782201	3892.57543060739	2671.39133614262	1467.62177453583	1462.11561083605	1768.56689987034	1921.38603980182	3494.85576601274	4742.56638762963	4410.56285814698	4933.80731732483	690.405879803318	4069.88220020951	7233.27873528986	8497.2245082898	1763.24319382493
6260.74582162149	5889.51712229813	6619.69860862717	3215.83519937897	4216.29986286561	4354.09985798854	4189.57414513408	5871.2579741029	6051.75335388576	4217.20825253451	6112.16551504407	2565.17214894512	5310.73655882651	8290.43923692885	3216.09402344175	3085.91148383927	8582.49070027926	0	7830.73466008008	5169.2979182563	5530.15446596978	5932.8084716121	5675.62727108071	8016.10280460521	5508.96692980153	4687.60212305113	4689.5435569602	4365.63060348093	5617.12464503652	3769.85199841413	4617.08918017602	4824.72232965409	3943.60904228383	4294.57917827204	4224.81264591983	3625.65048506459	4359.98310814331	6826.94329151508	3999.38297558226	3847.69324322706	6474.81950457861	7508.74655535846	7495.08291636642	2540.06419595173	5289.42117836155	6283.37608743273	3625.85242125704	4909.40518800688	2234.21372443842	5098.52952047541	3825.83841746579	2070.00218418759	2444.53785762521	3812.00030290204	4753.71273552776	5024.73211569998	6141.65638887832	6538.89962311288	6058.94073521856	4359.74124568256	6563.85173199405	6508.588580647	4511.28498359358	4842.72062088086	5125.76712235552	4709.08608142977	5122.3156663174	4487.38696950684	4065.60678979764	1794.54164960836	2589.4150003718	5800.36536517523	7146.99957936574	7067.02553551155	7409.16375318186	7432.00311541932	6027.64814699633	7004.49840086505	7396.46230042148	6724.45224117566	7384.44315278178	7355.68780457053	3973.47880697486	9398.52628808933	5628.86432337459	4689.91526967187	8185.99603574393	8381.97654545159	8048.38113961343	8081.19612142756	7640.30411627431	5806.84270322949	3839.92431264963	4171.92784213228	5781.32419309101	7892.08482047594	4512.60850006976	3930.85865257136	3480.54921421001	7415.17032796538
3574.180692199	4162.31586511466	4750.82682678671	4614.89946070112	5076.12404866302	5213.92404378595	3641.160514946	2814.74538888065	5626.17575610223	5079.24619346733	6971.98970084148	5265.56251113496	2519.99810125357	1381.23252225204	4614.64063663834	7378.85535733668	4797.01585472575	7830.73466008008	0	6029.12210405371	2300.5801941103	4060.313442854	4910.96309790318	3895.56078610205	5546.16129960784	3772.75764089843	3769.41813643471	5225.45478927835	2213.61001504356	5329.58147473567	5577.43665046837	5684.54651545151	5798.50262560595	5529.30645423311	5381.35514266946	4205.08417501549	5219.80729394073	5849.21473400176	3831.35168449783	4844.67822560085	7334.64369037602	2408.28092209762	4764.01308858545	5290.67046412835	2541.31348171854	7143.20027323014	4204.88223882304	5769.22937380429	5862.84660212479	4222.03311640468	4004.89624261429	5760.73247589249	5386.19680245487	4018.73435717804	3077.02192455232	5821.92697357249	2526.96734390657	3085.21098393683	6918.76492101597	5219.56543147997	7423.67591779147	1322.14607943309	3319.4496764865	2988.01403919922	2704.96753772456	3121.64857865031	2708.41899376268	3343.34769057325	3765.12787028244	6036.19301047173	10420.1496604519	2030.36929490485	683.735080714346	763.709124568534	421.570906898224	398.731544660764	1803.08651308375	826.236259215029	434.272359658605	1106.28241890443	446.291507298305	475.046855509556	3857.25585310522	3294.64755588241	2201.8703367055	3772.07527854432	2125.62451858313	3329.39408018992	3334.9002438897	3028.44895485541	2875.62981492393	2023.89195685059	3990.81034743045	3658.8068179478	6641.14837888842	4249.88115717623	3318.12616001033	6481.52269509068	7745.46846809062	3033.77266090082
2454.94141185471	2014.36631110434	2744.54779743338	5007.34495934465	952.998055390687	815.198060267758	3059.61123228204	3214.37671517306	2176.60254269197	1123.66234458104	1944.41122456327	3255.64889926495	4092.77563056426	4647.88958180167	4915.60523829855	3423.27150845038	4707.33988908547	5169.2979182563	6029.12210405371	0	3969.08431108987	2057.65766041831	1800.47645988692	4140.95199341142	1633.81611860774	2256.36446315528	2259.703967619	803.667314775364	4426.8838538058	1399.44591984217	1621.85280158208	1570.6662584995	1842.91877671966	1573.72260534682	1425.77129378316	3714.49556622063	809.314810112983	2951.79248032129	2507.44818072524	1321.60467502923	1305.52158632231	3633.59574416467	3619.93210517263	4482.34759248391	7171.44130908205	1114.07816917643	3714.52061838034	849.88311213007	2935.08419381788	1807.08898764903	3787.21525993883	4370.4644715533	6165.29519126334	3893.91486369865	3533.50011863262	1149.58130450619	3502.15476014714	2943.91112011688	1440.61416533645	809.556672573736	1394.55381373776	4871.81654886497	5822.30725757381	6274.96241306394	6703.34926160202	6574.12189554119	6252.78409739885	5852.84096662536	2716.26139321637	3996.2431429826	6464.56581156559	5711.52105889169	6084.29789644306	6494.16640721756	5974.73417778394	6193.54808969594	7124.1780250082	6237.58474712754	6097.78072447316	6528.57992665986	6053.38581605061	5986.88354308731	3594.31301514636	5523.37547689555	4604.91035714997	2257.04682550939	4310.84522455014	4506.8257342578	4173.23032841964	4206.04531023378	3765.15330508052	4726.9620153407	2908.02768021412	2564.76454093635	612.026274834711	4016.93400928216	3700.59325232249	2525.93884620438	3789.88461920432	3540.01951677159
1514.14289923515	2102.27807215081	2690.78903382286	2314.31926659082	3016.08625569918	3153.88625082211	1340.5803208357	754.707595916803	3566.13796313839	3016.99464536808	4911.95190787763	2964.98231702466	219.417907143275	2760.28477095907	2314.06044252804	5078.27516322638	3052.33623430948	5530.15446596978	2300.5801941103	3969.08431108987	0	2000.27564989016	2850.92530493933	2485.94833863542	3486.12350664399	1712.71984793459	1709.38034347087	3165.4169963145	457.799542715938	3029.00128062537	3416.87557300959	3624.50872248766	3497.92243149566	3228.72626012281	3080.77494855916	1904.50398090519	3159.76950097688	3789.17694103792	1530.77149038753	2647.47963606063	5274.60589741218	1978.59208938867	2703.97529562161	2990.09027001805	3202.35699799219	5083.1624802663	1904.30204471275	3709.19158084045	3562.26640801449	2161.99532344083	1704.31604850399	3460.15228178219	3085.61660834457	1718.15416306775	776.441730442028	3761.88918060865	611.501922908539	1025.17319097298	4858.72712805213	3159.52763851613	5363.63812482762	978.434114677212	1853.22294648394	2305.87810197407	2734.26495051215	2605.03758445133	2283.69978630899	1883.75665553549	1464.54767617214	3735.61281636143	8119.56946634158	1742.43674780182	2115.21358535319	2525.08209612769	2005.64986669407	2224.46377860607	3155.09371391833	2268.50043603767	2128.69641338329	2559.49561557	2084.30150496074	2017.79923199744	1556.67565899493	3868.37182211955	635.826046060105	1712.03748558047	2655.84156977414	2851.8220794818	2518.22667364365	2551.04165545778	2110.14965030453	757.877704250832	1690.23015332015	1404.31977015352	4581.11058592458	2361.93035450616	1017.54596590003	4180.94250098038	5444.88827398032	1885.01586199559
486.132750655006	102.002422260652	690.513383932704	3038.53629814494	2210.98255875992	2367.8039460537	1743.23432647802	1245.56805397336	1565.86231324823	3181.32000499935	4002.06888498158	3367.63632266698	2123.96696936455	2679.08092060196	2946.79657709885	5480.92916886869	2649.68222866716	5932.8084716121	4060.313442854	2057.65766041831	2000.27564989016	0	850.649655049173	2083.29433299311	1485.84785675383	1245.20634856097	1243.2649146519	2371.36500087101	2458.0751926061	3431.65528626768	3679.51046200039	3628.32391891781	3900.57643713797	3631.38026576513	3483.42895420147	2307.15798654751	2368.48954717677	1788.90129114776	1933.42549602984	2946.75203713286	3274.33024752202	1652.03252075638	1562.27444475432	3392.74427566036	5202.63264788235	3082.88683037614	2306.95605035506	2907.54077254838	3964.9204136568	834.278951136684	2106.97005414631	3862.8062874245	4196.48653006363	2120.80816871006	1564.69145743291	1761.61353071849	1533.34609894743	975.102458917177	2858.45147816197	2370.67736012446	3363.36247493746	2903.00788766527	3853.4985963741	4306.15375186423	4734.54060040231	4605.31323434149	4283.97543619915	3884.03230542565	1867.20168181445	4138.26682200374	8522.2234719839	3742.71239769198	4115.48923524335	4525.35774601785	4005.92551658423	4224.73942849623	5155.36936380849	4268.77608592783	4128.97206327345	4559.77126546016	4084.5771548509	4018.0748818876	1959.32966463724	3465.71781647724	2636.10169595026	1242.89320194023	2253.18756413183	2449.16807383949	2115.57266800133	2148.38764981547	1707.49564466221	2758.15335414099	2092.88415896246	1760.88062947982	2580.83493603442	1959.27634886385	1731.78459112278	4583.59650662269	5847.54227962263	1482.36185635328
1336.78240570418	748.647232788521	944.071337546452	3889.18595319411	1953.80135822854	2110.62274552231	1941.45222613151	2096.21770902253	715.212658199055	2924.13880446797	3744.8876844502	3110.45512213559	2974.61662441373	3529.73057565113	3797.44623214802	5223.74796833731	2906.86342919855	5675.62727108071	4910.96309790318	1800.47645988692	2850.92530493933	850.649655049173	0	2340.47553352449	635.198201704662	1138.20545700475	1141.54496146847	2114.18380033963	3308.72484765527	3174.4740857363	3422.32926146901	3371.14271838642	3643.39523660659	3374.19906523374	3226.24775367009	2596.33656007009	2111.30834664539	1151.31602043436	1676.24429549846	2689.57083660148	2423.68059247284	2502.68217580556	1819.45564528571	3364.18858633337	6053.28230293152	2232.23717532696	2596.36161222981	2650.359572017	3707.73921312542	688.929981498497	2669.0562537883	3605.62508689312	5047.13618511281	2775.75585754812	2415.34111248208	910.963875669315	2383.9957539966	1825.75211396635	2007.8018231128	2113.49615959307	2512.71281988829	3753.65754271444	4704.14825142327	5156.8034069134	5585.19025545148	5455.96288939066	5134.62509124832	4734.68196047482	1610.02048128307	3881.08562147236	8265.04227145251	4593.36205274115	4966.13889029252	5376.00740106703	4856.57517163341	5075.3890835454	6006.01901885766	5119.425740977	4979.62171832263	5410.42092050933	4935.22680990007	4868.72453693678	2476.15400899582	3722.89901700862	3486.75135099944	1138.88781935886	2785.33857932005	2706.34927437087	2372.75386853272	2405.56885034685	2035.33328297925	3608.80300919016	1835.70295843108	1503.69942894843	2026.94388812628	2216.45754939523	2582.43424617196	4326.41530609131	5590.36107909125	1877.19043700236
