0	1631.41208357985	2189.22413707108	1628.3568668371	3966.6479562318	3848.81774303771	2520.61307892307	1998.35464046316	1394.19158241889	3416.74237190738	2093.28563461151	1686.58964077734	2710.07228588023	2976.2359724843	1837.4395929627	2271.09500284656	2512.30972734145	2627.33652047444	1940.74683290306	1631.88019106403	1674.92305581754	3461.67426425868	2753.42922689176	2636.38812347536	2154.48016126735	1875.36595390431	1633.27954726095	3335.69619172603	3358.47352600369	2742.90198025051	1198.29779464489	4274.31582043567	1396.92439250243	2020.31088881424	543.31089209593	1448.04872268335	2351.21994968622	3393.72291464139	2862.4823888301	1140.72621418973	3882.08670199924	3527.8968131391	2054.6993115449	1434.04197355087	2410.67292302832	1294.43670006238	2193.42807868501	4019.0666142308	2914.82376173075	3087.67651818722	3088.12747649857	2920.89544243983	4093.48481975181	1874.42697744284	1826.42925572543	3826.03570835899	3245.9745473516	3657.67182210801	1628.15759430285	1830.27600220546	2647.10292033596	3167.31874637757	2709.0722712682	2158.48553625426	805.392010160988	1877.07723128743	3798.50167923142	2723.28240018609	3062.25084837438	1565.66334413553	3239.16723455925	2503.41082668123	2727.37369685437	2486.62892245423	3017.18178619265	1924.22828765827	2419.67717748772	2158.41864723766	3873.90623320682	3989.01881530995	4123.38583257771	3741.34246723486	4173.30083525724	3557.7619222548	4396.75941450522	3399.6985082516	2714.0778262791	1690.05949916923	3199.76774708255	1548.6214592139	1776.67298610894	2010.35953054981	2034.6258663207	3664.42233437068	1829.752364219	2855.76548199731	1777.30118457007	481.19090719518	884.419009150111	815.873697798514
1631.41208357985	0	1981.4598868736	3259.76895041695	2335.23587265195	2257.09295854435	4088.80652321687	1913.54553939502	1431.28741625653	1785.33028832754	525.092190317718	1555.65713126923	4341.48436946007	1408.0425281905	3468.85167654254	2062.82047374297	4080.50317163524	1059.14307618064	1736.16169409784	0.46810748418514	1965.73932589823	1830.26218067884	4321.62267118556	1042.63999056183	586.286716973549	1503.22927130604	1.86746368110428	1930.56119021866	2923.8602647799	2804.85896816981	1549.56353319503	2642.90373685582	1429.93640255869	1757.86420461504	1556.04983902811	1795.47392087211	1054.53462563752	1762.31083106155	1294.28894453631	2708.91965848352	2313.89325770544	5159.30889671895	3686.11139512475	3065.45405713072	3143.91215824171	2862.63014435618	1980.69949820695	5650.47869781065	4546.2358453106	4719.08860176706	4719.53956007841	4552.30752601968	5724.89690333166	3505.83906102269	195.017172145581	2355.57109343995	2483.73207923532	2089.47837781421	3.4877009412227	198.863918625617	1078.90947604216	1535.90666279772	1077.66018768835	590.29209196046	2436.80409374083	1502.57639426762	5429.91376281126	4354.69448376594	2342.69257792195	464.651211765319	3117.37176485771	4071.60427097503	4295.56714114817	4054.82236674803	4585.37523048645	3492.42173195206	2686.01445093133	590.225202943859	5442.09967750062	5557.21225960375	5691.5792768715	5309.53591152865	5741.49427955104	5125.9553665486	5964.95285879902	4967.8919525454	1082.66574269926	1553.53721682066	4831.17983066239	3180.03354279375	1004.63349102956	442.166086256018	536.106652713837	2033.01025079083	198.340280639151	1224.35339841747	541.685234307547	2049.38435148898	2452.61245344391	1832.43345475046
2189.22413707108	1981.4598868736	0	3817.58100390818	1777.42381916072	1659.59360596663	2107.34663634327	190.86949660792	795.032554652189	1648.15981113649	2506.55207719132	2113.46918476046	4899.29642295131	3389.5024150641	4026.66373003377	2684.36144542636	2099.04328476164	3040.60296305424	248.477304168018	1981.50352275624	514.301081253538	1272.45012718761	2689.48410478179	3024.09987743543	2567.74660384715	478.230615567558	1983.1866081961	3748.96263430584	3771.7399685835	3362.67102166104	2107.37558668626	2085.09168336459	792.299744568652	2433.57733139404	2113.86189251934	741.175414387725	926.925261236083	1968.46326361694	3275.74883140991	2071.53380544536	4295.35314457905	5717.12095021018	4243.92344861598	3623.26611062195	3701.72421173294	2675.41176185703	4.20394161393273	6208.29075130188	5104.04789880183	5276.90065525829	5277.35161356964	5110.11957951091	6282.70895682289	4063.65111451392	1967.54336622891	1636.81157128791	1056.75041028053	4070.93826468781	1977.97218593238	1971.09253064618	3060.36936291576	1268.31675794216	1610.98987125771	2571.75197883406	2994.61614723207	478.883492605984	5987.7258163025	4912.50653725717	873.026711303302	1516.80867510828	1135.91187798411	2090.14438410143	2314.10725427457	2073.36247987443	2603.91534361285	1510.96184507846	704.554564057728	2571.68508981746	3460.63979062702	3575.75237273015	3710.1193899979	3328.07602465505	3760.03439267744	3144.49547967499	3983.49297192542	2986.4320656718	1857.8827975339	2111.34927031189	5388.99188415362	3737.84559628498	2189.93942868874	2423.62597312962	1445.35323415976	2162.44854905884	1970.60683721583	3062.09487653038	1439.77465256605	1783.54659303529	2606.48984059554	2390.24550824169
1628.3568668371	3259.76895041695	3817.58100390818	0	5595.0048230689	5477.17460987481	3018.90242169804	3626.71150730026	3022.54844925599	5045.09923874449	3350.00524554363	2943.30925170945	3863.40566111737	4232.95558341641	209.082726125593	3527.81461377867	3966.11369878265	3884.05613140655	3569.10369974016	3260.23705790113	3303.27992265464	5090.03113109579	1496.70961595965	4264.74499031246	3607.63000597899	3503.72282074141	3261.63641409805	4592.41580265814	4615.1931369358	3999.62159118262	2455.017405577	5902.67268727277	3025.28125933953	3277.03049974635	1800.03050302804	3076.40558952046	3979.57681652332	5022.07978147849	4119.20199976221	1746.04719846282	5138.80631293135	3517.62635017651	3220.97712988051	2269.97118501113	3667.39253396043	1142.16924205115	3821.78494552211	2390.7097473937	1414.69153301315	1530.12311102932	1899.93492524713	1292.53857560273	2465.12795291471	371.506320617596	3454.78612256253	5454.39257519609	4874.33141418871	4914.39143304012	3256.51446113996	3458.63286904257	3903.82253126807	4795.67561321467	4337.4291381053	3611.20851631228	1881.1290677711	3505.43409812453	2170.14481239432	1430.87303328695	4690.60771521148	3194.02021097264	4867.52410139636	2341.31902040465	2412.53162285776	3043.88989832518	2182.622745561	3154.53901902948	4048.03404432482	3610.97530947291	2617.18662227471	3407.74707464127	2866.6662216456	2484.62285630275	2916.58122432513	2460.98934329246	3140.03980357311	2895.96591919285	4342.4346931162	2946.77911010134	1571.41088024544	1818.93749765604	3033.39259704105	3267.07914148192	3662.9827331578	5292.77920120778	3458.1092310561	4484.12234883441	3405.65805140717	2034.03441087289	1211.09116331264	2072.59330873062
3966.6479562318	2335.23587265195	1777.42381916072	5595.0048230689	0	124.280876951699	2576.10240137086	1968.29331576864	2572.45637381291	1799.51200585554	2657.90427191037	3890.89300392118	6676.72024211203	3540.85460978316	5804.08754919449	4398.05634639492	1947.69109004259	3191.9551577733	2025.90112332874	2334.76776516777	2291.72490041426	859.341694312712	4466.90792394251	3175.45207215448	2719.0987985662	2091.28200232749	2333.36840897085	4265.79706287061	5259.09613743185	5140.09484082176	3884.79940584698	307.667864203871	2569.72356372937	4093.10007726699	3891.28571168006	2518.59923354844	1615.42800654558	2119.815458336	3427.10102612896	3848.95762460608	4446.7053392981	7494.5447693709	6021.3472677767	5400.68992978267	5479.14803089366	4452.83558101775	1773.21987754679	7985.7145704626	6881.47171796255	7054.32447441901	7054.77543273036	6887.54339867163	8060.1327759836	5841.07493367464	2140.21870050637	222.759011847299	720.673408880192	4222.29045940687	2338.49036192894	2136.37195402633	3211.72155763482	1419.66895266121	1762.34206597677	2723.10417355311	4772.03996639279	2089.57072494437	7765.14963546322	6689.93035641789	904.397107857417	2400.98461209626	984.559683265055	3253.68580266425	3182.47320021114	2551.11492474372	3412.3820775079	2440.46580403942	1546.97077874408	2723.03728453651	3589.17522738718	3424.4001780111	3687.11705435418	3339.50365132665	3608.68219795839	3134.01547977644	4769.23367978248	2835.07987095274	2009.23499225295	3888.77308947261	7166.41570331434	5515.2694154457	3339.86936368151	2574.97816784867	1932.0220899111	2313.80074377789	2136.8955920128	3213.44707124943	2189.34677166173	3560.97041219601	4383.91365975626	4167.66932740241
3848.81774303771	2257.09295854435	1659.59360596663	5477.17460987481	124.280876951699	0	2458.27218817678	1850.46310257455	2454.62616061882	1923.79288280724	2782.18514886207	3773.06279072709	6558.89002891794	3665.13548673485	5686.25733600041	4280.22613320083	1823.41021309089	3316.236034725	1908.07091013465	2257.136594427	2173.89468722017	983.622571264411	4349.07771074842	3299.73294910618	2843.3796755179	1973.4517891334	2258.81967986686	4147.96684967653	5141.26592423776	5022.26462762768	3766.9691926529	425.498077397957	2451.89335053529	3975.2698640729	3773.45549848597	2400.76902035436	1497.5977933515	2244.0963352877	3551.38190308066	3731.12741141199	4570.9862162498	7376.71455617681	5903.51705458261	5282.85971658858	5361.31781769957	4335.00536782367	1655.3896643527	7867.88435726851	6763.64150476846	6936.49426122493	6936.94521953628	6769.71318547754	7942.30256278952	5723.24472048055	2243.17643789966	98.4781348956003	602.843195686106	4346.57133635857	2253.60525760313	2246.72560231694	3336.00243458652	1543.94982961291	1886.62294292847	2847.38505050481	4654.2097531987	1971.74051175028	7647.31942226913	6572.1001432238	786.56689466333	2283.15439890218	860.278806313356	3135.85558947017	3064.64298701706	2433.28471154963	3294.55186431381	2322.63559084533	1429.14056554999	2847.31816148821	3471.3450141931	3300.1193010594	3569.28684116009	3221.67343813257	3484.40132100669	3016.18526658235	4651.4034665884	2710.79899400104	2133.51586920465	3770.94287627852	7048.58549012026	5397.43920225161	3222.03915048742	2699.25904480037	1814.19187671701	2438.08162072959	2246.23990888658	3337.72794820113	2071.51655846764	3443.14019900192	4266.08344656217	4049.83911420832
2520.61307892307	4088.80652321687	2107.34663634327	3018.90242169804	2576.10240137086	2458.27218817678	0	2175.26098382185	2657.51910696034	3755.50644747975	4613.89871353459	4207.20271970041	5127.29912910833	5496.84905140737	3227.98514782363	4791.70808176963	947.211277084613	5147.94959939751	2352.64482911903	4088.85015909951	2123.06719731864	2815.33613593692	1890.80552257164	5131.4465137787	4675.09324019042	2585.57725191082	4090.53324453937	5856.3092706491	5879.08660492676	5263.51505917358	3718.91087356796	2883.77026557473	2658.87012065818	4540.92396773731	3063.923971019	2293.33260234476	3034.27189757935	4075.80989996021	5383.09546775317	1379.88686473334	6402.69978092231	4918.44236800003	4484.87059787147	3533.86465300209	4931.28600195139	1876.73317964689	2108.10702500992	5409.61216909174	4305.36931659168	4478.22207304815	4478.6730313595	4311.44099730076	5484.03037461274	3264.97253230378	4074.89000257218	2435.49015349806	1855.42899249067	6178.28490103108	4085.31882227564	4078.43916698945	5167.71599925903	3375.66339428543	3718.33650760098	4679.09861517733	3145.02253576206	2586.23012894925	5189.04723409235	4113.82795504702	1746.11394529492	3624.15531145155	1848.62167969832	677.58340129339	606.370798840278	33.984156468841	836.279676137034	596.384791264802	1402.79207228554	4679.03172616073	1353.29315428375	1468.40573638688	1602.77275365463	1220.72938831179	1652.68775633417	1037.14884333173	2193.13127841162	879.08542932853	3965.22943387716	4210.6725780923	4590.31330194348	3082.830965647	4297.28606503201	4530.97260947288	3552.69987050303	4269.79518540211	4077.95347355909	5169.44151287364	3547.12128890932	2039.42217172789	1807.8112583854	3336.48677672159
1998.35464046316	1913.54553939502	190.86949660792	3626.71150730026	1968.29331576864	1850.46310257455	2175.26098382185	0	604.16305804427	1580.24546365791	2438.63772971274	2031.94173587857	4708.42692634339	3321.58806758552	3835.79423342585	2616.44709794778	2166.95763224022	2972.68861557566	177.383845297182	1913.58917527766	323.431584645619	1463.31962379553	2498.61460817387	2956.18552995685	2499.83225636857	410.316268088978	1915.27226071752	3681.04828682726	3703.82562110492	3171.80152505312	1916.50609007834	2275.96117997251	601.430247960733	2365.66298391546	1922.99239591142	550.305917779805	859.010913757502	1900.54891613836	3207.83448393133	1880.66430883744	4227.43879710047	5526.25145360226	4053.05395200806	3432.39661401403	3510.85471512502	2484.54226524912	195.073438221852	6017.42125469396	4913.17840219391	5086.03115865037	5086.48211696173	4919.25008290299	6091.83946021497	3872.781617906	1899.62901875033	1827.68106789583	1247.61990688845	4003.02391720923	1910.0578384538	1903.1781831676	2992.45501543718	1200.40241046358	1543.07552377913	2503.83763135548	2803.74665062415	410.969145127403	5796.85631969458	4721.63704064925	1063.89620791122	1448.8943276297	1240.8125940961	2158.05873158001	2382.02160175315	2141.27682735301	2671.82969109143	1578.87619255704	772.468911536308	2503.77074233888	3528.5541381056	3643.66672020873	3778.03373747648	3395.99037213363	3827.94874015602	3212.40982715358	4051.407319404	3054.34641315038	1789.96845005532	2035.41159427045	5198.1223875457	3546.97609967706	2122.02508121016	2355.71162565104	1377.43888668118	2094.53420158026	1902.69248973725	2994.1805290518	1371.86030508747	1592.67709642737	2415.62034398762	2199.37601163377
1394.19158241889	1431.28741625653	795.032554652189	3022.54844925599	2572.45637381291	2454.62616061882	2657.51910696034	604.16305804427	0	2022.5507894885	1956.37960657425	1549.68361274008	4104.26386829912	2839.32994444703	3231.63117538159	2134.18897480929	2649.21575537871	2490.43049243718	546.555250484171	1431.33105213917	534.451909641696	2067.4826818398	2890.33525492903	2473.92740681836	2017.57413323008	481.174371485419	1433.01413757903	3198.79016368877	3221.56749796643	2605.99595221324	1312.34303203407	2880.12423801678	2.73281008353678	1883.40486077698	1318.82933786715	364.186504615577	957.028367267327	1999.5313322225	2725.57636079284	1277.63224222699	3745.18067396198	4922.08839555799	3448.89089396379	2828.23355596976	2906.69165708075	1880.37920720485	799.236496266122	5413.25819664969	4309.01534414964	4481.86810060611	4482.31905891746	4315.08702485872	5487.6764021707	3268.61855986173	1417.37089561184	2431.8441259401	1851.78296493272	3520.76579407074	1427.79971531531	1420.92006002911	2510.1968922987	1773.12716395868	1314.88068884931	2021.57950821699	2199.58359257988	482.885648868543	5192.69326165031	4117.47398260498	1668.05926595549	966.636204491212	1844.97565214037	2640.3168547185	2864.27972489164	2623.53495049149	3154.08781422992	2061.13431569553	1254.7270346748	2021.51261920039	4010.81226124408	4125.92484334722	4260.29186061497	3878.24849527212	4310.20686329451	3694.66795029206	4533.66544254249	3536.60453628887	1319.88624386021	1553.15347113196	4593.95932950143	2942.81304163279	1639.76695807167	1873.45350251255	895.180763542695	2270.23075195179	1420.43436659876	2511.92240591331	889.602181948985	988.514038383103	1811.45728594335	1595.2129535895
3416.74237190738	1785.33028832754	1648.15981113649	5045.09923874449	1799.51200585554	1923.79288280724	3755.50644747975	1580.24546365791	2022.5507894885	0	2105.82761659307	3340.98741959676	6126.81465778761	2127.0616027535	5254.18196487008	3848.15076207051	3747.20309589813	1767.05520795567	1475.99553900432	1784.86218084335	1741.81931608984	940.17031154283	3988.32259544844	1375.94006629894	1437.46923276549	1541.37641800308	1783.46282464643	3715.8914785462	4709.19055310744	4590.18925649735	3334.89382152257	2087.21029831938	2019.81797940496	3543.19449294258	3341.38012735565	1968.69364922403	1065.52242222117	320.303452480454	2697.90778697899	3299.05204028167	2647.19333344256	6944.63918504649	5471.44168345228	4850.78434545826	4929.24244656925	3902.92999669334	1647.39942246984	7435.80898613819	6331.56613363813	6504.4188900946	6504.86984840595	6337.63781434721	7510.22719165919	5291.16934935023	1590.31311618196	2022.27101770284	2150.43200349821	3397.76425423533	1788.58477760453	1586.46636970192	2143.01647211034	379.843053194329	707.670100639186	1433.8907224322	4222.13438206837	1539.66514061995	7215.2440511388	6140.02477209347	2009.39250218483	1851.07902777185	2784.0716891206	3738.30419523791	3962.26706541106	3721.52229101091	4252.07515474934	3159.12165621495	2352.71437519422	1434.12392927157	5108.7996017635	5223.91218386664	5358.27920113439	4976.23583579154	5408.19420381393	4792.65529081148	5631.6527830619	4634.59187680828	702.664545628283	3338.8675051482	6616.51011898993	4965.36383112129	2789.96377935709	1807.37642559933	1382.11650558668	514.288737922352	1586.99000768839	1413.93506539389	1639.44118733732	3011.0648278716	3834.00807543185	3617.763743078
2093.28563461151	525.092190317718	2506.55207719132	3350.00524554363	2657.90427191037	2782.18514886207	4613.89871353459	2438.63772971274	1956.37960657425	2105.82761659307	0	1235.15980300369	4020.98704119454	882.950337872783	3280.35018265717	1742.32314547744	4605.59536195296	534.050885862925	2261.25388441556	525.048554435075	2490.83151621595	2150.75950894437	4846.71486150327	1325.47336816105	668.358383827578	2028.32146162376	523.365468995216	1610.06386195313	2603.36293651437	2484.36163990428	1229.0662049295	2963.40106512135	1955.02859287641	1437.36687634951	1549.97474251558	2320.56611118983	1579.62681595524	2082.80815932708	769.196754218587	3234.01184880124	1788.80106738773	4838.81156845342	3365.61406685921	2744.95672886519	2823.41482997618	3387.7223346739	2505.79168852467	5329.98136954512	4225.73851704506	4398.59127350153	4399.04223181288	4231.81019775414	5404.39957506612	3185.34173275716	539.008710962408	2880.66328375767	3008.82426955304	1564.38618749649	528.579891258941	535.459546545137	553.817285724445	1856.40399106325	1398.15751595388	671.936894160866	2116.3067654753	2027.66858458534	5109.41643454573	4034.1971555004	2867.78476823967	989.743402083038	3642.46395517543	4596.69646129274	4820.65933146589	4579.91455706574	5110.46742080417	4017.51392226978	3211.10664124905	671.703687321496	5967.19186781834	6082.30444992147	6216.67146718922	5834.62810184637	6266.58646986876	5651.04755686631	6490.04504911674	5492.98414286312	1403.16307096479	1233.03988855512	4510.68250239686	2859.53621452822	684.136162764023	298.451190993742	1061.19884303156	2353.50757905637	535.945239975493	1544.850726683	1066.77742462527	2574.47654180669	2977.70464376163	1511.93612648492
1686.58964077734	1555.65713126923	2113.46918476046	2943.30925170945	3890.89300392118	3773.06279072709	4207.20271970041	2031.94173587857	1549.68361274008	3340.98741959676	1235.15980300369	0	2785.82723819085	1289.64633170695	2873.654188823	584.505362069213	4198.89936811879	1573.93221164109	1864.99188059244	1556.12523875341	2084.13552238177	3385.91931194807	4440.0188676691	2560.63317116474	1903.51818683127	1799.61100159369	1557.52459495033	1649.10655094869	1671.88388522635	1249.20183690058	488.29184613245	4198.56086812505	1548.33259904223	333.721248036897	1143.27874868141	1913.87011735566	2275.4649973756	3317.96796233077	1175.89274805276	2827.31585496707	2195.4970612219	3603.65176544972	2130.45426385552	1509.79692586149	1588.25502697248	2981.02634083973	2117.67312637439	4094.82156654142	2990.57871404137	3163.43147049784	3163.88242880919	2996.65039475045	4169.23977206243	2571.80293109186	1750.67430341481	3750.28075604837	3170.21959504099	1971.08218133067	1552.40264199223	1754.52104989484	1197.97094748643	3091.56379406695	2633.31731895758	1907.09669716456	1062.18018393836	1801.32227897681	4521.27194070616	2799.03735249671	2986.49589606376	1489.90839182492	3235.76796134126	4190.00046745857	4413.96333763171	4173.21856323157	4703.77142697	3610.81792843561	2804.41064741488	1906.86349032519	5560.49587398416	5675.6084560873	5809.97547335505	5427.9321080122	5859.89047603459	5244.35156303214	6083.34905528256	5086.28814902894	2638.32287396848	3.46985839188318	3275.52269939316	1624.37641152452	551.023640239672	1533.61099399744	1958.87091401008	3588.66738206006	1753.99741190838	2780.01052968669	1701.54623225945	2167.78054797252	2571.00864992745	870.715942978828
2710.07228588023	4341.48436946007	4899.29642295131	3863.40566111737	6676.72024211203	6558.89002891794	5127.29912910833	4708.42692634339	4104.26386829912	6126.81465778761	4020.98704119454	2785.82723819085	0	3999.75305503411	3793.75059823092	2278.66389571711	5118.99577752671	4359.75944983194	4650.81911878329	4341.95247694426	4384.99534169777	6171.74655013891	5360.11527707702	5346.46040935559	4689.34542502212	4585.43823978454	4343.35183314118	2410.92317924141	1417.62410468017	1536.62540129026	2791.92083626504	6984.3881063159	4106.99667838265	2583.62016484504	2785.43453043196	4158.12100856358	5061.29223556645	6103.79520052162	3428.90687080862	3747.41226437499	3635.64819506604	817.824527258872	655.372974335329	1593.43447610624	1197.57221121837	3901.12275024765	4903.50036456524	1655.54953719654	2448.71412810423	2333.28255008805	1963.47073587024	3323.62389653669	1567.34937710736	3491.89934049978	4536.50154160566	6536.10799423922	5956.04683323183	2729.05040355228	4338.22988018308	4540.34828808569	3983.79818567728	5877.39103225779	5419.14455714843	4692.92393535541	1982.27659334628	4587.14951716766	5441.36835011408	2432.53262783042	5772.32313425461	4275.73563001576	5949.23952043948	5110.09687686649	5334.05974703964	5093.31497263949	5623.86783637792	4530.91433784353	5129.74946336795	4692.69072851604	6480.59228339208	6595.70486549522	6730.07188276297	6348.02851742012	6779.98688544251	6164.44797244006	7003.44546469048	6006.38455843686	5424.15011215933	2787.94715263942	2538.48320942921	2044.46816346133	3336.85087843052	4319.43823218828	4744.69815220093	6374.49462025091	4539.82465009923	5565.83776787754	4487.3734704503	3115.74982991602	3491.10505933538	2509.05091470962
2976.2359724843	1408.0425281905	3389.5024150641	4232.95558341641	3540.85460978316	3665.13548673485	5496.84905140737	3321.58806758552	2839.32994444703	2127.0616027535	882.950337872783	1289.64633170695	3999.75305503411	0	4163.30052052996	1721.089159317	5488.54569982575	360.006394797829	3144.20422228834	1407.99889230786	3373.78185408873	2681.51291547044	5729.66519937606	1346.70735432148	821.755811216952	2911.27179949654	1406.315806868	1588.8298757927	2582.12895035394	2463.12765374385	1777.9381778394	3828.552902247	2837.97893074919	1416.13289018908	2432.92508038837	3203.51644906261	2462.57715382802	2104.04214548751	570.846184225487	4116.96218667403	905.850729514944	4817.57758229298	3344.38008069878	2723.72274270476	2802.18084381574	4270.67267254668	3388.74202639745	5308.74738338468	4204.50453088463	4377.3572873411	4377.80824565245	4210.57621159371	5383.16558890569	3861.44926279881	1421.95904883519	3763.61362163046	3891.77460742582	1270.70265148183	1411.53022913172	1418.40988441792	329.133052148338	2121.18565712194	1778.51254380639	817.750436230041	2351.82651564531	2910.61892245812	5810.91827241312	4012.96316933997	3750.73510611245	1872.69373995582	4525.41429304821	5479.64679916553	5703.60966933867	5462.86489493853	5993.41775867695	4900.46426014257	4094.05697912183	817.817325246643	6850.14220569112	6965.25478779425	7099.621805062	6717.57843971915	7149.53680774154	6533.9978947391	7372.99538698952	6375.9344807359	1531.6196175302	1286.17647331507	4489.44851623643	2838.30222836778	1199.56298637536	965.876441934484	1944.14918090434	2374.7415652168	1418.89557784828	1566.08471284343	1949.72776249805	3457.42687967948	3860.65498163441	2160.36227468578
1837.4395929627	3468.85167654254	4026.66373003377	209.082726125593	5804.08754919449	5686.25733600041	3227.98514782363	3835.79423342585	3231.63117538159	5254.18196487008	3280.35018265717	2873.654188823	3793.75059823092	4163.30052052996	0	3458.15955089221	4175.19642490824	3814.4010685201	3778.18642586576	3469.31978402673	3512.36264878024	5299.11385722138	1566.3646788461	4473.82771643806	3816.71273210459	3712.805546867	3470.71914022365	4522.76073977169	4545.53807404935	3929.96652829617	2385.36234269055	6111.75541339836	3234.36398546512	3207.3754368599	1912.80183751443	3285.48831564605	4188.65954264891	5231.16250760409	4049.54693687576	1955.12992458841	5069.1512500449	3447.97128729006	3151.32206699406	2200.31612212468	3597.73747107398	1351.25196817674	4030.86767164771	2181.62702126811	1345.03647012669	1460.46804814287	1830.27986236068	1083.45584947713	2256.04522678911	301.851257731144	3663.86884868812	5663.47530132169	5083.4141403143	4844.73637015367	3465.59718726555	3667.71559516816	3834.16746838162	5004.75833934026	4546.51186423089	3820.29124243788	1811.47400488464	3714.51682425013	1961.06208626872	1361.2179704005	4899.69044133708	3403.10293709823	5076.60682752195	2550.40174653024	2621.61434898335	3252.97262445077	2391.70547168659	3363.62174515507	4257.11677045042	3820.05803559851	2686.84168516116	3616.82980076686	2936.32128453205	2554.2779191892	2986.23628721159	2670.07206941806	3209.69486645956	3105.04864531844	4551.5174192418	2877.12404721488	1362.32815411985	1749.28243476959	2963.7375341546	3446.80553927075	3872.0654592834	5501.86192733338	3667.19195718169	4693.20507496001	3614.74077753276	2243.11713699848	1420.17388943823	2002.93824584417
2271.09500284656	2062.82047374297	2684.36144542636	3527.81461377867	4398.05634639492	4280.22613320083	4791.70808176963	2616.44709794778	2134.18897480929	3848.15076207051	1742.32314547744	584.505362069213	2278.66389571711	1721.089159317	3458.15955089221	0	4783.404730188	2081.09555411483	2439.0632526506	2063.28858122715	2668.64088445099	3893.08265442181	5024.52422973832	3067.79651363848	2410.68152930501	2306.77434406743	2064.68793742407	1064.60118887948	1087.37852315714	742.038494426843	1072.79720820166	4705.72421059879	2132.83796111145	304.956269127928	1727.78411075063	2498.37547942487	2782.62833984934	3825.13130480451	1150.24297509152	3411.82121703628	1610.99169915269	3096.48842297598	1623.29092138178	1257.84342876753	1081.09168449874	3565.53170290894	2683.60105675971	3587.65822406768	2483.41537156763	2656.26812802409	2656.71908633544	2988.03284919798	3662.07642958869	3156.30829316107	2257.83764588855	4257.44409852211	3677.38293751473	1386.57681926145	2059.56598446598	2261.68439236859	1705.13428996017	3598.72713654069	3140.48066143132	2414.2600396383	1646.68554600757	2308.48562145055	5105.77730277538	2291.87401002297	3493.6592385375	1997.07173429866	3820.27332341047	4774.50582952779	4998.46869970093	4757.72392530079	5288.27678903921	4195.32329050482	3388.91600948409	2414.02683279893	6145.00123605338	6260.11381815651	6394.48083542426	6012.43747008141	6444.3958381038	5828.85692510136	6667.85441735178	5670.79351109816	3145.48621644222	581.03550367733	2768.35935691942	1708.87711612262	1058.18698271341	2040.77433647118	2466.03425648382	4095.8307245338	2261.16075438212	3287.17387216043	2208.70957473319	2752.28591004174	3155.51401199667	1455.22130504804
2512.30972734145	4080.50317163524	2099.04328476164	3966.11369878265	1947.69109004259	1823.41021309089	947.211277084613	2166.95763224022	2649.21575537871	3747.20309589813	4605.59536195296	4198.89936811879	5118.99577752671	5488.54569982575	4175.19642490824	4783.404730188	0	5139.64624781589	2344.34147753741	4080.54680751789	2114.76384573702	2807.0327843553	2838.01679965625	5123.14316219707	4666.78988860879	2577.2739003292	4082.22989295775	5848.00591906748	5870.78325334514	5255.21170759196	3710.60752198634	1936.55898849012	2650.56676907656	4532.62061615569	3055.62061943738	2285.02925076314	3025.96854599773	4067.50654837859	5374.79211617155	2220.06650031983	6394.39642934069	5865.65364508465	4476.56724628985	3771.79880549642	4922.98265036977	2823.9444567315	2099.80367342829	6356.82344617635	5252.5805936763	5425.43335013276	5425.88430844411	5258.65227438538	6431.24165169735	4212.18380938839	4066.58665099055	1724.93207819529	1596.77109239992	6169.98154944946	4077.01547069402	4070.13581540783	5159.41264767741	3367.3600427038	3710.03315601936	4670.7952635957	3143.14884210653	2577.92677736763	6136.25851117696	5061.03923213164	1737.8105937133	3615.85195986992	963.131406777534	1624.794678378	1553.58207592489	922.223800457469	1783.49095322165	811.574679753168	1394.48872070392	4670.7283745791	1960.28410310093	1476.70908796851	2058.22593006793	1710.6125270404	1660.9911079158	1505.12435549019	3140.34255549623	1070.1477795898	3956.92608229554	4202.36922651067	5537.52457902809	3886.37829115945	4288.98271345039	4522.66925789126	3544.39651892141	4261.49183382048	4069.65012197747	5161.13816129202	3538.8179373277	2031.11882014627	2755.02253547001	3328.18342513996
2627.33652047444	1059.14307618064	3040.60296305424	3884.05613140655	3191.9551577733	3316.236034725	5147.94959939751	2972.68861557566	2490.43049243718	1767.05520795567	534.050885862925	1573.93221164109	4359.75944983194	360.006394797829	3814.4010685201	2081.09555411483	5139.64624781589	0	2795.30477027848	1059.099440298	3024.88240207887	2332.61346346059	5380.7657473662	986.70095952365	472.856359207095	2562.37234748669	1057.41635485814	1948.83627059053	2942.13534515176	2823.13404854167	1567.8386135669	3479.65345023714	2489.07947873933	1776.1392849869	2084.02562837851	2854.61699705275	2113.67770181816	1744.03575068968	930.852579023316	3768.06273466417	1254.7501815248	5177.58397709081	3704.38647549661	3083.72913750258	3162.18723861357	3921.77322053682	3039.8425743876	5668.75377818251	4564.51092568246	4737.36368213893	4737.81464045028	4570.58260639154	5743.17198370352	3524.11414139455	1073.05959682533	3414.7141696206	3542.87515541597	1630.70904627966	1062.63077712187	1069.51043240806	375.961264154664	1772.28620511209	1429.61309179653	468.850984220184	2455.0791741127	2561.71947044826	5462.01882040326	4372.9695641378	3401.83565410259	1523.79428794596	4176.51484103835	5130.74734715567	5354.71021732881	5113.96544292867	5644.51830666709	4551.56480813271	3745.15752711197	468.917873236785	6501.24275368126	6616.35533578439	6750.72235305215	6368.6789877093	6800.63735573168	6185.09844272924	7024.09593497966	6027.03502872604	1182.72016552035	1571.81229719252	4849.45491103426	3198.30862316561	1022.90857140142	616.976989924626	1595.24972889448	2014.73517041897	1069.99612583842	1206.0783180456	1600.82831048819	3108.52742766962	3511.75552962455	1850.70853512232
1940.74683290306	1736.16169409784	248.477304168018	3569.10369974016	2025.90112332874	1908.07091013465	2352.64482911903	177.383845297182	546.555250484171	1475.99553900432	2261.25388441556	1864.99188059244	4650.81911878329	3144.20422228834	3778.18642586576	2439.0632526506	2344.34147753741	2795.30477027848	0	1736.20532998048	265.82377708552	1520.92743135562	2585.46097708772	2778.80168465967	2322.44841107139	232.932422791796	1737.88841542034	3503.66444153008	3526.44177580774	3114.19371749303	1858.89828251825	2333.56898753261	543.822440400634	2188.27913861828	1865.38458835132	492.698110219707	681.627068460321	1723.16507084118	3030.45063863414	1823.05650127734	4050.05495180328	5468.64364604216	3995.44614444796	3374.78880645393	3453.24690756492	2426.93445768902	252.681245781951	5959.81344713386	4855.57059463381	5028.42335109028	5028.87430940163	4861.64227534289	6034.23165265487	3815.1738103459	1722.24517345315	1885.28887545593	1305.22771444854	3825.64007191205	1732.67399315662	1725.79433787042	2815.07117014	1226.57191347451	1365.69167848195	2326.4537860583	2746.13884306405	233.585299830222	5739.24851213448	4664.02923308915	1121.50401547132	1271.51048233252	1381.21007075987	2335.44257687719	2559.40544705033	2318.66067265019	2849.21353638861	1756.26003785423	949.85275683349	2326.3868970417	3705.93798340278	3821.05056550591	3955.41758277366	3573.37421743081	4005.3325854532	3389.79367245076	4228.79116470118	3231.73025844756	1612.58460475814	1862.87196614387	5140.51457998561	3489.36829211696	1944.64123591298	2178.32778035386	1200.055041384	1917.15035628308	1725.30864444006	2816.79668375462	1194.47645979029	1535.06928886727	2358.01253642752	2141.76820407367
1631.88019106403	0.46810748418514	1981.50352275624	3260.23705790113	2334.76776516777	2257.136594427	4088.85015909951	1913.58917527766	1431.33105213917	1784.86218084335	525.048554435075	1556.12523875341	4341.95247694426	1407.99889230786	3469.31978402673	2063.28858122715	4080.54680751789	1059.099440298	1736.20532998048	0	1965.78296178087	1829.79407319465	4321.6663070682	1042.59635467918	586.243081090906	1503.27290718869	1.68308543985904	1931.02929770285	2924.32837226409	2805.327075654	1550.03164067922	2642.43562937164	1429.98003844133	1758.33231209923	1556.5179465123	1795.51755675475	1054.57826152016	1761.84272357736	1294.24530865366	2708.96329436617	2313.8496218228	5159.77700420313	3686.57950260893	3065.92216461491	3144.38026572589	2862.67378023882	1980.7431340896	5650.94680529483	4546.70395279478	4719.55670925125	4720.0076675626	4552.77563350386	5725.36501081584	3506.30716850687	194.549064661396	2355.6147293226	2483.77571511797	2089.43474193157	3.72259676117835	198.395811141432	1078.86584015952	1535.43855531353	1077.19208020417	590.248456077817	2437.27220122502	1502.62003015026	5430.38187029545	4355.16259125012	2342.73621380459	464.694847647963	3117.41540074035	4071.64790685767	4295.61077703081	4054.86600263067	4585.41886636909	3492.46536783471	2686.05808681397	590.181567061215	5442.14331338326	5557.25589548639	5691.62291275414	5309.5795474113	5741.53791543368	5125.99900243124	5964.99649468166	4967.93558842804	1082.19763521507	1554.00532430484	4831.64793814658	3180.50165027793	1005.10159851374	442.122450373375	536.15028859648	2032.54214330665	197.872173154966	1223.88529093328	541.72887019019	2049.42798737162	2452.65608932655	1832.90156223464
1674.92305581754	1965.73932589823	514.301081253538	3303.27992265464	2291.72490041426	2173.89468722017	2123.06719731864	323.431584645619	534.451909641696	1741.81931608984	2490.83151621595	2084.13552238177	4384.99534169777	3373.78185408873	3512.36264878024	2668.64088445099	2114.76384573702	3024.88240207887	265.82377708552	1965.78296178087	0	1786.75120844114	2355.88334528733	3008.37931646006	2552.02604287178	462.510054592186	1967.46604722073	3733.24207333046	3756.01940760813	3140.44786185494	1595.84367624932	2599.39276461813	535.80292333954	2417.85677041867	1599.5608112658	226.874333134186	911.20470026071	1952.74270264157	3260.02827043453	1557.23272419182	4279.63258360367	5202.81986895664	3729.62236736244	3108.96502936841	3187.4231304794	2161.1106806035	518.505022867471	5693.98967004834	4589.74681754829	4762.59957400476	4763.05053231611	4595.81849825737	5768.40787556935	3549.35003326038	1951.82280525354	2151.11265254145	1571.05149153406	4055.21770371244	1962.25162495701	1955.37196967081	3044.64880194039	1492.39569056003	1595.26931028234	2556.03141785869	2480.31506597853	463.162931630611	5473.42473504896	4398.20545600363	1387.32779255684	1501.08811413291	1564.24417874171	2105.8649450768	2329.82781524994	2089.0830408498	2619.63590458822	1526.68240605384	744.75412167018	2555.96452884209	3476.36035160239	3591.47293370552	3725.83995097327	3343.79658563042	3775.75495365281	3160.21604065037	3999.21353290079	3002.15262664717	1842.16223655853	2087.60538077366	4874.69080290009	3223.54451503144	2174.21886771337	2407.90541215425	1429.63267318439	2146.72798808347	1954.88627624045	3046.374315555	1424.05409159068	1269.24551178175	2092.188759342	1875.94442698815
3461.67426425868	1830.26218067884	1272.45012718761	5090.03113109579	859.341694312712	983.622571264411	2815.33613593692	1463.31962379553	2067.4826818398	940.17031154283	2150.75950894437	3385.91931194807	6171.74655013891	2681.51291547044	5299.11385722138	3893.08265442181	2807.0327843553	2332.61346346059	1520.92743135562	1829.79407319465	1786.75120844114	0	3961.93423196939	2316.11037784177	1859.75710425349	1586.30831035438	1828.39471699773	3760.8233708975	4754.12244545874	4635.12114884865	3379.82571387387	1147.03998677655	2064.74987175626	3588.12638529388	3386.31201970695	2013.62554157533	1110.45431457247	1260.47376402328	2742.83967933029	3343.98393263297	3587.36364498539	6989.57107739779	5516.37357580358	4895.71623780956	4974.17433892055	3947.86188904464	1268.24618557367	7480.74087848949	6376.49802598943	6549.3507824459	6549.80174075725	6382.56970669851	7555.15908401049	5336.10124170153	1635.24500853326	1082.10070616001	1210.26169195538	3442.69614658663	1833.51666995583	1631.39826205322	2352.37986332211	560.327258348501	903.000371664054	1863.7624792404	4267.06627441967	1584.59703297125	7260.1759434901	6184.95666444478	1069.222190642	1896.01092012315	1843.90137757777	2798.13388369508	3022.09675386823	2781.35197946808	3311.90484320651	2218.95134467212	1412.54406365139	1863.6955902238	4168.62929022067	4283.74187232381	4418.10888959156	4036.06552424871	4468.0238922711	3852.48497926865	4691.48247151907	3694.42156526545	1149.89329794024	3383.7993974995	6661.44201134123	5010.29572347259	2834.89567170839	1852.30831795063	1427.04839793798	1454.45904946518	1631.92190003969	2354.10537693672	1684.37307968862	3055.9967202229	3878.93996778315	3662.6956354293
2753.42922689176	4321.62267118556	2689.48410478179	1496.70961595965	4466.90792394251	4349.07771074842	1890.80552257164	2498.61460817387	2890.33525492903	3988.32259544844	4846.71486150327	4440.0188676691	5360.11527707702	5729.66519937606	1566.3646788461	5024.52422973832	2838.01679965625	5380.7657473662	2585.46097708772	4321.6663070682	2355.88334528733	3961.93423196939	0	5364.26266174739	4907.90938815911	2818.39339987951	4323.34939250806	6089.12541861779	6111.90275289545	5496.33120714227	3951.72702153665	4774.57578814638	2891.68626862687	4773.740115706	3296.74011898769	2526.14875031345	3267.08804554804	4308.6260479289	5615.91161572186	1612.70301270203	6635.515928891	5014.33596613616	4717.68674584016	3766.68080097078	5164.10214992008	1458.99252682938	2693.68804639572	3704.56573988048	2911.4011489728	3026.83272698897	3396.64454120678	2420.63547472912	3792.76589996966	1868.21593657725	4307.70615054087	4326.2956760697	3746.23451506231	6411.10104899977	4318.13497024433	4311.25531495814	5400.53214722772	3667.57871408828	3951.15265556967	4911.91476314602	3377.83868373075	2819.04627691794	3298.24171152071	2927.5826492466	3562.51081608509	3856.97145942024	3739.42720226996	1213.22212127825	1284.43472373136	1915.79299919879	1054.52584643461	2026.44211990309	2919.93714519843	4911.84787412942	1120.47700631506	2279.65017551487	1369.95660568595	1127.40427261585	1419.87160836548	1332.89244416607	1643.33018761346	1767.86902006645	4198.04558184585	4443.48872606099	2821.63206764782	3315.64711361569	4530.1022130007	4763.78875744157	3785.51601847172	4502.6113333708	4310.76962152778	5402.25766084233	3779.93743687801	2272.23831969658	1869.01021774165	3569.30292469028
