0	365.927087435317	1797.33712759331	3204.246055866	1518.10942891754	2376.21687989181	4958.97519744516	3829.75822356625	331.925023428246	2513.40887229767	2446.75243834855	3001.96580282891	5815.84717063378	984.101630644012	903.170018515377	987.305151773747	3274.59524940268	1375.11856102177	1764.33940845341	2249.80253067301	970.026932821388	3422.9990428018	2050.09248364141	2991.36143168993	2872.89552610416	2825.41185752723	3036.65760647999	2413.85642718793	3015.22559636674	3885.75126877032	3054.37012423178	1360.76157071073	2090.14082367097	7605.67935674232	1546.97448899574	3277.92985268575	2241.70313497735	1468.53628111874	2799.83661631628	1426.91906103608	482.844340467037	3563.54666337432	3144.92911005748	2747.16200464549	4525.99271501571	2733.37761388625	5711.39343705115	2263.00830426934	2401.4431263627	967.996514171807	1629.42871653116	2518.50590697526	7001.71559416369	1608.61456385412	3113.18747934498	3198.37209924448	2485.9017294089	3168.36503621359	3509.78088793706	2161.30075378446	2837.80355473421	3258.33387281554	2927.13259894417	3446.99894822513	2916.97015408829	5715.80197059511	1012.11919634525	4465.80995642711	3439.84901510435	4074.88436135695	2030.09709309389	2588.55552936773	4364.55249681625	857.03362865363	334.058130079878	3452.60781868207	3791.83985937778	3830.74131667758	3876.08742847508	1455.71315767992	4494.7361392891	3066.49602641205	2547.06219363096	1620.25535978948	681.752187374253	4461.45829430529	1004.46794807502	3162.11499775915	3077.53364336349	3152.71835009507	3920.07032059541	3142.77715716689	3567.30026728608	3139.12442695603	3172.77497788433	1120.2717009226	1499.38299517139	1781.08656535011	1791.44980968883	1037.66641669665
365.927087435317	0	2117.74174944865	3524.65067772134	1197.7048070622	2742.14396732713	5324.90228488048	4195.68531100157	56.3419192017594	2147.48178486236	2767.1570602039	3322.37042468426	6136.25179248912	1304.50625249936	1269.09710595069	1307.70977362909	3594.99987125803	1695.52318287712	2084.74403030876	1883.8754432377	1335.9540202567	3788.92613023712	2416.01957107673	3357.28851912525	3193.3001479595	3145.81647938257	3357.06222833534	2047.92933975262	3335.63021822208	4206.15589062566	3374.77474608713	1726.68865814604	1724.21373623566	7971.60644417764	1319.42570691437	3598.33447454109	2562.1077568327	1788.94090297408	3120.24123817163	1792.8461484714	319.472575203424	3883.95128522967	3465.33373191283	3067.56662650084	4846.39733687105	3099.30470132157	6077.32052448647	2628.93539170465	2721.84774821804	1333.92360160712	1949.8333383865	2152.57881953994	7322.12021601903	1543.52073611639	3479.1145667803	3564.2991866798	2851.82881684422	2802.43794877828	3830.1855097924	2481.70537563981	3203.73064216953	3624.26096025086	3293.05968637949	3812.92603566045	3282.89724152361	6081.72905803042	1301.221858205	4831.73704386242	3805.77610253967	4440.81144879226	2350.50171494924	2954.48261680304	4684.9571186716	536.629006798284	53.2121361557368	3818.53490611739	4157.76694681309	4196.66840411289	4242.0145159104	1135.30853582457	4860.66322672442	3386.90064826739	2226.65757177561	1940.65998164483	1047.67927480957	4781.86291616063	638.540860639706	2841.71037590381	2757.12902150814	2832.31372823972	3599.66569874007	2822.37253531154	3246.89564543074	2818.71980510068	2852.37035602898	1486.19878835792	1819.78761702674	1460.68194349477	1471.04518783349	1403.59350413196
1797.33712759331	2117.74174944865	0	2023.2877009169	3315.44655651085	1294.24254252184	3877.00086007519	2747.78388619628	2129.26215102155	3842.68917299125	1126.15202579146	1204.6286752356	4018.51004304047	833.900416492788	1245.50761417652	834.52783619353	2288.82332225528	1357.20508341299	202.05729870711	3331.77686804299	1702.84770427656	2341.02470543183	1520.40803077964	1909.38709431996	2961.49698992844	2901.07315363221	3332.34786854892	3495.83076455791	2800.43668058257	2487.03956059411	3123.77655042542	791.547746688617	3172.11516104095	6523.70501937235	3344.31161658905	1480.59272509244	1865.53475654629	1037.19548406721	1002.49948872297	1158.64869775782	2280.18146806034	1861.65504999643	1736.84578224853	1471.91035935761	2728.6555874224	1651.40327651627	4629.41909968118	1208.87298221215	1682.06138788025	1704.47141221407	167.908411062149	3846.43864559439	5204.37846657038	2690.58890122409	2031.21314197501	2116.39776187451	1403.92739203893	4250.33937358357	1712.44376034375	740.10897765417	1937.15894308301	2176.35953544557	1845.1582615742	2365.02461085515	1834.99581671832	4633.82763322513	2094.09353371523	3383.83561905713	2357.87467773438	2992.91002398697	562.965910575804	1506.58119199775	2567.21536922295	2654.37075624694	2131.39525767318	2859.42053320292	2709.8655220078	2748.7669793076	2794.11309110511	3253.05028527323	3412.76180191913	1269.15889881874	4344.39932122427	529.597076359281	2139.02335168481	2664.12116671198	2183.25230054193	4959.45212535246	4874.8707709568	4950.05547768837	5717.40744818872	4940.1142847602	5364.63739487939	4936.46155454934	4970.11210547763	2342.56897598615	297.954132421912	3578.42369294342	3588.78693728214	1795.45605973706
3204.246055866	3524.65067772134	2023.2877009169	0	4722.35548478354	3317.53024343874	5900.2885609921	4771.07158711319	3536.17107929424	5249.59810126394	3149.43972670837	973.382291191571	5086.44386911684	2220.14442522199	2652.41654244921	2216.94090409225	265.535621338375	1829.12749484422	2225.34499962402	2510.436150171	3109.75663254925	4364.31240634873	2991.40584718834	3932.67479523686	938.209289011531	877.785452715305	1309.06016763201	1511.62626560506	777.148979665665	681.50521290432	1100.48884950852	2302.07493425766	2338.3936181109	8546.99272028925	4751.22054486174	2241.84607415957	962.542920888644	1735.70977474726	2516.26943180619	2565.55762603052	3687.09039633303	359.300607508325	286.441918668375	551.377341559296	2677.98578483913	3674.69097743318	6652.70680059808	3204.32166781627	802.8029295033	3111.38034048676	2145.83993834097	5253.34757386708	3797.46953829769	1981.12994160495	4054.50084289191	4139.68546279141	3427.21509295584	4581.07815526181	2388.31223497843	2763.39667857108	3779.11691828114	4199.64723636247	3868.4459624911	4388.31231177206	3858.28351763522	6657.11533414204	2223.42881951634	5407.12331997404	4381.16237865128	5016.19772490388	1460.3217903411	3529.86889291466	2198.12507483045	4061.27968451963	3538.30418594588	4393.92118222901	4733.15322292471	4772.05468022451	4817.40079202201	4659.95921354592	5436.04950283603	1481.97891047064	5751.30824949696	1583.99069607652	3545.9322799575	1404.20358207588	3590.16122881463	6366.36105362515	6281.77969922949	6356.96440596106	7124.31637646141	6347.02321303289	6771.54632315208	6343.37048282203	6377.02103375033	3749.47790425884	1945.11924393105	4985.33262121611	4995.69586555483	3202.36498800976
1518.10942891754	1197.7048070622	3315.44655651085	4722.35548478354	0	3451.08423051873	4687.58870021512	3558.37172633621	1186.1844054893	2784.79536952772	3964.86186726609	4520.07523174645	7333.95659955132	2502.21105956155	2069.93894233433	2505.41458069129	4792.70467832022	2893.22798993932	3282.44883737095	2521.18902790306	1612.59885223429	3151.61254557176	1795.0385257312	2719.97493445988	4391.0049550217	4343.52128644477	4554.76703539753	3210.72921917848	4533.33502528428	5403.86069768786	4572.47955314932	2523.89880982223	2383.96186667264	7334.29285951228	682.112122249006	4796.03928160329	3759.8125638949	2986.64571003628	4317.94604523382	2156.79785875302	1035.26508845051	5081.65609229187	4663.03853897503	4265.27143356303	6044.10214393325	3083.36281318036	5440.0069398211	2106.57357429869	3919.55255528024	1610.97514429678	3147.5381454487	2789.8924042053	8519.82502308123	2741.22554317859	2841.80098211493	3439.42689336902	3343.81136414918	3439.75153344364	5027.8903168546	3679.41018270201	2566.41705750416	3089.59367801036	2655.74610171413	3175.61245099508	2645.58365685824	5444.41547336506	2498.9266652672	4194.42345919706	3168.46251787431	3803.4978641269	3548.20652201144	3479.51123004885	5882.6619257338	661.075800263913	1184.05129883766	3181.22132145203	3520.45336214773	3559.35481944753	3604.70093124504	582.297837747899	4223.34964205905	4584.60545532959	1028.95276471342	3138.36478870702	1176.42320482604	5979.56772322283	1275.85444530507	1644.00556884161	1559.42421444595	1634.60892117752	2401.96089167787	1624.66772824935	2049.19083836854	1621.01499803849	1654.66554896679	972.877580524703	3017.49242408894	568.966471093659	706.009315506484	1519.99049677378
2376.21687989181	2742.14396732713	1294.24254252184	3317.53024343874	3451.08423051873	0	2582.75831755335	1453.54134367444	2685.80204812537	4889.62575218949	513.777636747367	2344.14795224717	3882.87236903259	2128.14295901463	1473.04686137644	2128.77037871537	3583.06586477712	2651.44762593483	1092.18524381473	4626.01941056483	1838.48537828444	2072.61486789249	1656.04570478752	1089.02967589594	4255.73953245027	4195.31569615405	4626.59041107076	4790.07330707975	4094.67922310441	3781.28210311595	4418.01909294726	1015.45530918109	4466.35770356279	5229.46247685051	3479.94929059693	1344.95505108456	3159.77729906813	2331.43802658905	866.861814715096	1294.2863717657	2422.67139212371	3155.89759251827	3031.08832477037	2766.15290187945	2593.01791341452	367.721417338367	3335.17655715934	1344.51065622003	2976.30393040209	1840.10908622195	1171.69030509778	4894.72278686707	5068.7407925625	3984.83144374593	1637.27228434403	822.15521935267	109.684849517091	5544.58191610541	1576.80608633587	554.133564867669	2072.79661709089	882.11699292373	819.366214764918	1070.78206833331	1616.37840755481	3339.58509070329	3388.33607623707	2089.59307653529	1802.18590749742	1879.83046257516	1857.20845309764	212.338649475914	2431.57769521507	2790.00843025481	2688.93183117139	2995.0582072108	2025.17889541306	2514.7151525485	2547.15205527485	3388.6879592811	2118.51925939729	1835.5513329681	4480.03699523215	1823.83961888112	2274.66102569269	2528.4834927041	3380.68482796684	5095.08979936034	5010.50844496467	5085.69315169625	5853.0451221966	5075.75195876807	5500.27506888727	5072.09922855722	5105.74977948551	2478.20664999402	1372.41099950769	3714.0613669513	3724.42461129002	1931.09373374494
4958.97519744516	5324.90228488048	3877.00086007519	5900.2885609921	4687.58870021512	2582.75831755335	0	1129.21697387891	5268.56036567872	7472.38406974284	2750.84883428373	4926.90626980052	6090.17887782952	4710.90127656798	4055.80517892979	4711.52869626872	6165.82418233047	5234.20594348818	3674.94356136808	7208.77772811818	3988.94826462378	1535.97615464336	2908.88271380375	1967.61376575523	6838.49785000363	6778.0740137074	7209.34872862411	7372.8316246331	6677.43754065776	6364.0404206693	7000.77741050061	3598.21362673444	7049.11602111614	2646.70415929716	4005.47657796611	3658.44248683252	5742.53561662148	4914.1963441424	3384.01912918591	3532.05613640908	5005.42970967706	5738.65591007162	5613.84664232372	5348.9112194328	4800.32442221145	2225.59758355892	752.418239605985	2695.96689317583	5559.06224795544	3990.97868327336	3754.44862265113	7477.48110442042	7276.04730135943	6567.58976129928	1845.78771810018	2195.64917164723	2473.07346803626	8127.34023365876	3784.1125951328	3136.89188242102	2121.17164271096	1845.81595628856	2031.84259850099	1831.02865805931	2042.00504335688	756.826773149942	5971.09439379042	493.165241018058	1519.12618234081	884.090836088219	4439.96677065099	2370.41966807744	4638.884204012	4872.09738737008	5271.69014872474	1506.36737876309	1167.13533806739	1128.23388076759	1082.88776897008	5269.88653796302	795.059181457011	4418.30965052145	4940.60272537769	4406.59793643447	4277.22301007091	4735.79000150103	5963.44314552019	5474.43475522784	5402.54215615147	5419.65498659378	4614.7255201854	5043.3702086885	5179.75695631042	5376.82321241997	5157.777351714	3838.70349652256	3955.16931706104	5256.55517130878	5393.5980157216	3921.30878074852
3829.75822356625	4195.68531100157	2747.78388619628	4771.07158711319	3558.37172633621	1453.54134367444	1129.21697387891	0	4139.34339179981	6343.16709586393	1884.25735715508	3797.68929592162	5253.35208944031	3581.68430268907	2926.58820505088	3582.31172238981	5036.60720845156	4104.98896960927	2545.72658748917	6079.56075423927	2859.73129074487	702.135147484775	1779.66573992485	838.396791876325	5709.28087612472	5648.85703982849	6080.1317547452	6243.61465075419	5548.22056677885	5234.82344679039	5871.5604366217	2468.99665285553	5919.89904723723	3775.92113317607	2876.2596040872	2715.43477149228	4613.31864274257	3784.97937026349	2254.802155307	2402.83916253017	3876.21273579815	4609.43893619271	4484.62966844481	4219.69424555389	3963.49763382224	1096.38060968001	1881.6352134849	1566.74991929692	4429.84527407653	2861.76170939445	2625.23164877222	6348.26413054151	6439.22051297022	5438.37278742037	716.570744221274	1358.82238325801	1343.85649415735	6998.12325977985	2947.28580674359	2007.67490854211	991.954668832046	1008.98916789934	902.625624622081	994.201869670093	912.788069477965	1886.04374702885	4841.87741991151	685.616911680689	431.7061870897	509.35074216744	3310.74979677208	1398.90671993784	3802.05741562279	3742.88041349117	4142.47317484583	1624.57848680308	654.699175005344	1144.23543214078	1176.67233486714	4140.66956408411	664.977915722846	3289.09267664254	3811.38575149878	3277.38096255556	3148.006036192	3898.96321311182	4834.22617164128	4345.21778134893	4273.32518227256	4290.43801271487	4482.56540178888	3914.15323480959	4129.79534847955	4247.60623854106	4028.56037783509	2709.48652264365	2825.95234318213	4127.33819742987	4264.38104184269	2792.09180686961
331.925023428246	56.3419192017594	2129.26215102155	3536.17107929424	1186.1844054893	2685.80204812537	5268.56036567872	4139.34339179981	0	2203.82370406412	2778.6774617768	3333.89082625716	6147.77219406202	1316.02665407226	1212.75518674893	1319.23017520199	3606.52027283093	1707.04358445002	2096.26443188166	1940.21736243946	1279.61210105494	3732.58421103536	2359.67765187497	3300.94659992349	3204.8205495324	3157.33688095547	3368.58262990824	2104.27125895438	3347.15061979498	4217.67629219856	3386.29514766003	1670.34673894428	1780.55565543742	7915.26452497588	1263.08378771261	3609.85487611399	2573.6281584056	1800.46130454699	3131.76163974453	1736.50422926964	263.130656001664	3895.47168680257	3476.85413348573	3079.08702807374	4857.91773844395	3042.96278211981	6020.97860528471	2572.5934725029	2733.36814979094	1277.58168240536	1961.3537399594	2208.9207387417	7333.64061759193	1555.04113768929	3422.77264757854	3507.95726747804	2795.48689764246	2858.77986798003	3841.7059113653	2493.22577721271	3147.38872296777	3567.9190410491	3236.71776717773	3756.58411645869	3226.55532232185	6025.38713882866	1312.7422597779	4775.39512466066	3749.43418333791	4384.4695295905	2362.02211652214	2898.14069760128	4696.4775202445	525.108605225384	3.12978304602255	3762.19298691563	4101.42502761133	4140.32648491113	4185.67259670864	1123.78813425167	4804.32130752266	3398.42104984029	2215.13717020271	1952.18038321773	991.33735560781	4793.38331773353	694.882779841465	2830.18997433091	2745.60861993524	2820.79332666682	3588.14529716717	2810.85213373864	3235.37524385784	2807.19940352778	2840.84995445608	1429.85686915616	1831.30801859964	1449.16154192187	1459.52478626058	1347.2515849302
2513.40887229767	2147.48178486236	3842.68917299125	5249.59810126394	2784.79536952772	4889.62575218949	7472.38406974284	6343.16709586393	2203.82370406412	0	4721.53523545911	5047.31784822685	7861.19921603172	3029.45367604196	3416.57889081305	3032.65719717169	5319.94729480063	3420.47060641972	3809.69145385136	2739.16195109294	3483.43580511906	5936.40791509948	4563.50135593909	5504.77030398761	4918.2475715021	4870.76390292517	5082.00965187794	3737.97183565888	5060.57764176468	5931.10331416826	5099.72216962973	3874.1704430084	2911.20448315305	10119.08822904	3466.90749177673	5323.28189808369	4287.0551803753	3513.88832651668	4845.18866171422	3940.32793333376	2466.95436006578	5608.89870877227	5190.28115545543	4792.51405004344	6571.34476041365	5246.78648618392	8224.80230934882	4776.41717656701	4446.79517176064	3481.40538646948	3717.93544709171	5.0970346775801	9047.06763956163	3268.46815965899	5626.59635164266	5711.78097154216	4999.31060170658	668.519946002131	5555.132933335	4335.49218732182	5351.21242703188	5771.74274511322	5440.54147124185	5960.4078205228	5430.37902638596	8229.21084289278	3026.1692817476	6979.21882872478	5953.25788740203	6588.29323365462	4075.44913849184	5101.9644016654	6409.9045422142	2600.28668237276	2200.6939210181	5966.01669097975	6305.24873167545	6344.15018897525	6389.49630077276	2202.49753177982	7008.14501158678	5111.84807180999	2531.78134436515	3665.60740518742	3195.16105967193	6506.81033970323	1659.43687244932	1997.949314515	2069.84191359137	2052.72908314906	2857.65854955744	2429.01386105434	2292.62711343242	2095.56085732287	2314.60671802884	3633.68057322028	3544.73504056934	2215.82889843406	2078.78605402124	3551.07528899432
2446.75243834855	2767.1570602039	1126.15202579146	3149.43972670837	3964.86186726609	513.777636747367	2750.84883428373	1884.25735715508	2778.6774617768	4721.53523545911	0	2176.0574355168	3369.09473228523	1960.05244228425	1894.92292493177	1960.67986198499	3414.97534804674	2483.35710920446	924.094727084352	4457.92889383445	2352.2630150318	2586.39250463986	2169.82334153489	1602.8073126433	4087.6490157199	4027.22517942367	4458.49989434038	4621.98279034937	3926.58870637403	3613.19158638558	4249.92857621688	1440.96305744386	4298.26718683241	5397.55299358089	3993.72692734429	907.593652548794	2991.68678233776	2163.34750985867	633.170294902179	1808.06400851307	2929.59677881559	2987.80707578789	2862.99780803999	2598.06238514907	2079.24027666715	881.499054085735	3503.26707388971	1858.2882929674	2808.21341367171	2353.88672296931	1003.5997883674	4726.63227013669	4554.96315581514	3816.74092701555	2151.0499210914	990.245736083047	621.050503116916	5376.49139937503	1063.02844958851	386.043048137292	2586.57425383826	1050.20750965411	1333.14385151228	1238.87258506369	2130.15604430217	3507.67560743367	3220.24555950669	2569.87426883577	2315.96354424478	2393.60809932252	1689.11793636727	485.350637217243	1917.8000584677	3303.78606700218	2780.81056842843	3508.83584395817	2538.95653216043	3028.49278929587	3060.92969202222	3902.46559602847	2286.60977612766	1667.46081623772	4993.81463197951	1655.74910215074	2788.43866244005	2014.70585595674	3212.59431123646	5608.8674361077	5524.28608171204	5599.47078844362	6366.82275894397	5589.52959551544	6014.05270563464	5585.87686530458	5619.52741623288	2991.98428674139	1204.32048277732	4227.83900369866	4238.20224803738	2444.87137049231
3001.96580282891	3322.37042468426	1204.6286752356	973.382291191571	4520.07523174645	2344.14795224717	4926.90626980052	3797.68929592162	3333.89082625716	5047.31784822685	2176.0574355168	0	4113.06157792527	2017.8641721849	2450.13628941212	2014.66065105516	1238.91791252995	1626.84724180714	1251.96270843244	2308.15589713391	2907.47637951216	3390.93011515716	2725.03670601525	2959.29250404529	1911.5915802031	1851.16774390688	2282.44245882358	2445.92535483257	1750.53127085724	1437.13415086878	2073.87114070009	1996.17642192422	2136.11336507381	7573.61042909768	4548.94029182465	1268.463782968	815.629346820959	1533.42952171017	1542.88714061462	2363.27737299343	3484.81014329595	811.749640271095	686.940372523196	422.004949632275	1704.60349364756	2701.30868624161	5679.32450940651	2413.50165744776	632.155978154916	2909.10008744967	1372.53708629775	5051.06732082999	3999.74979133478	1778.84968856787	3081.11855170034	3166.30317159984	2453.83280176427	4378.79790222472	1414.92994378686	1790.0143873795	3141.78761831861	3226.2649451709	2895.06367129953	3414.93002058049	2884.90122644365	5683.73304295047	2021.14856647925	4433.74102878247	3407.78008745971	4042.81543371231	971.868709735016	2556.48660172309	1362.58669398734	3858.99943148254	3336.02393290879	4064.04920843852	3759.77093173314	3798.67238903294	3844.01850083044	4457.67896050883	4462.66721164446	508.596619279072	5549.02799645987	1381.71044303943	3343.65202692041	1459.49249147638	3387.88097577754	6164.08080058806	6079.4994461924	6154.68415292398	6922.03612342432	6144.7429599958	6569.26607011499	6141.09022978494	6174.74078071324	3547.19765122175	1502.58280765752	4783.05236817902	4793.41561251774	3000.08473497267
5815.84717063378	6136.25179248912	4018.51004304047	5086.44386911684	7333.95659955132	3882.87236903259	6090.17887782952	5253.35208944031	6147.77219406202	7861.19921603172	3369.09473228523	4113.06157792527	0	4831.74553998976	5264.01765721699	4828.54201886003	5351.97949045521	4440.728609612	4051.50776218036	6394.93303624292	5721.35774731703	5955.48723692508	5538.91807382012	4971.90204492853	6024.65315812837	5964.22932183214	6395.50403674885	6558.98693275784	5863.5928487825	5550.19572879405	6186.93271862535	4810.05778972909	6235.27132924088	6337.81464101394	7362.82165962952	2844.59779495726	4928.69092474623	4347.31088951504	3016.0105543175	5177.1587407983	6298.69151110081	4924.81121819636	4800.00195044846	4535.06652755754	2408.4580842777	4250.59378637096	6302.17660619636	5227.38302525262	4745.21755608018	5722.98145525454	4186.41845410262	7864.94868863486	4790.54949700643	5753.74506942402	5520.14465337662	3894.5297061823	3990.14523540214	7313.4955417835	2698.1316341384	3654.54641684931	5955.66898612348	4244.36292154096	4702.23858379751	4259.15021977022	5499.2507765874	5846.52215328008	5157.24970191516	5938.969001121	5685.05827653001	5762.70283160775	3785.75007753988	3854.44536950247	2888.31879428639	6672.88079928741	6149.90530071365	6877.93057624339	5908.05126444565	6397.58752158109	6430.02442430745	7271.5603283137	5295.11969637251	3604.46495864619	8362.90936426474	4195.5918108443	6157.53339472528	3682.24028704095	6201.7623435824	8977.96216839293	8893.38081399727	8968.56552072884	9735.91749122919	8958.62432780067	9383.14743791986	8954.97159758981	8988.6221485181	6361.07901902662	4316.46417546238	7596.93373598389	7607.29698032261	5813.96610277754
984.101630644012	1304.50625249936	833.900416492788	2220.14442522199	2502.21105956155	2128.14295901463	4710.90127656798	3581.68430268907	1316.02665407226	3029.45367604196	1960.05244228425	2017.8641721849	4831.74553998976	0	655.096097638191	3.20352112973555	2290.49361875867	523.304666920206	1035.9577151999	2497.8764515502	889.612207327264	3174.92512192462	1802.01856276422	2743.28751081274	2127.59657343565	2067.17273713942	2498.44745205613	2661.93034806512	2031.12396572273	2901.64963812631	2289.87613393263	1112.68764983354	2338.21474454816	7357.60543586514	2531.07611963975	2293.82822204173	1257.60150433334	484.434650474727	1815.73498567227	1178.8451401589	1466.94597111105	2579.44503273031	2160.82747941347	1763.06037400148	3541.89108437169	2485.30369300906	5463.31951617396	2014.93438339215	1417.34149571869	891.235915264773	956.452653916851	3033.20314864509	6017.61396351968	1856.6884847313	2865.11355846779	2950.2981783673	2237.82780853172	3416.43895709078	2525.67925729305	1574.00939414696	2589.72963385702	3010.25995193836	2679.05867806699	3198.92502734794	2668.8962332111	5467.72804971792	1260.19311722244	4217.73603554992	3191.77509422717	3826.81044047976	1045.99546244988	2340.48160849054	3380.45086617224	1841.13525929764	1318.15976072389	3204.53389780489	3543.76593850059	3582.66739580039	3628.0135075979	2439.81478832393	4246.66221841192	2082.39439576804	3531.16382427497	636.153729145469	1325.78785473551	3477.35666366127	1370.01680359264	4146.21662840316	4061.6352740075	4136.81998073908	4904.17195123943	4126.8787878109	4551.4018979301	4123.22605760004	4156.87660852834	1529.33347903685	755.731959506934	2765.18819599412	2775.55144033284	982.22056278777
903.170018515377	1269.09710595069	1245.50761417652	2652.41654244921	2069.93894233433	1473.04686137644	4055.80517892979	2926.58820505088	1212.75518674893	3416.57889081305	1894.92292493177	2450.13628941212	5264.01765721699	655.096097638191	0	655.723517338933	2722.7657359859	1178.4007645584	1212.50989503663	3152.97254918839	457.340090100039	2519.82902428642	1146.92246512603	2088.19141317455	2782.69267107384	2722.26883477761	3153.54354969432	3317.02644570331	2621.63236172797	3333.92175535353	2944.97223157082	457.591552195348	2993.31084218635	6702.50933822695	2098.80400241253	2726.10033926896	1689.87362156057	916.706767701953	2248.00710289949	523.749042520705	1034.67385388382	3011.71714995754	2593.0995966407	2195.33249122871	3974.16320159892	1830.20759537087	4808.22341853577	1359.83828575396	1849.61361294591	458.963798037547	1077.59920311437	3421.67592549063	6449.8860807469	2511.78458236949	2210.0174608296	2295.20208072911	1582.73171089353	4071.53505472897	2957.95137452027	1609.47124036768	1934.63353621883	2355.16385430017	2023.9625804288	2543.82892970975	2013.80013557291	4812.63195207973	1915.28921486063	3562.63993791173	2536.67899658898	3171.71434284157	1478.26757967711	1685.38551085235	3812.72298339947	1408.86314207042	1215.88496979496	2549.4378001667	2888.6698408624	2927.5712981622	2972.91740995971	2007.54267109671	3591.56612077372	2514.66651299526	3098.89170704775	1068.42584637269	893.515737508287	3909.6287808885	1907.6379665904	3713.94451117594	3629.36315678028	3704.54786351185	4471.8998340122	3694.60667058367	4119.12978070287	3690.95394037282	3724.60449130111	1097.06136180963	947.553481754608	2332.9160787669	2343.27932310562	549.948445560545
987.305151773747	1307.70977362909	834.52783619353	2216.94090409225	2505.41458069129	2128.77037871537	4711.52869626872	3582.31172238981	1319.23017520199	3032.65719717169	1960.67986198499	2014.66065105516	4828.54201886003	3.20352112973555	655.723517338933	0	2287.29009762893	522.677247219464	1036.58513490064	2497.24903184946	892.815728457	3175.55254162536	1802.64598246497	2743.91493051349	2126.96915373491	2066.54531743868	2497.82003235539	2661.30292836438	2027.92044459299	2898.44611699657	2289.24871423189	1113.31506953428	2337.58732484742	7358.23285556588	2534.27964076949	2290.624700912	1254.39798320361	481.231129344992	1812.53146454253	1179.47255985964	1470.14949224078	2576.24151160058	2157.62395828374	1759.85685287174	3538.68756324196	2485.9311127098	5463.94693587471	2015.56180309289	1414.13797458895	894.439436394508	957.080073617593	3036.40666977483	6014.41044238994	1856.06106503056	2865.74097816854	2950.92559806804	2238.45522823246	3415.81153739004	2522.47573616331	1574.6368138477	2590.35705355776	3010.8873716391	2679.68609776773	3199.55244704868	2669.52365291185	5468.35546941866	1259.5656975217	4218.36345525066	3192.40251392791	3827.4378601805	1042.79194132015	2341.10902819128	3377.24734504251	1844.33878042738	1321.36328185362	3205.16131750563	3544.39335820133	3583.29481550113	3628.64092729864	2443.01830945367	4247.28963811266	2079.1908746383	3534.36734540471	632.950208015733	1328.99137586525	3474.15314253154	1373.22032472237	4149.4201495329	4064.83879513724	4140.02350186881	4907.37547236916	4130.08230894064	4554.60541905983	4126.42957872978	4160.08012965807	1532.53700016659	756.359379207676	2768.39171712386	2778.75496146258	985.424083917506
3274.59524940268	3594.99987125803	2288.82332225528	265.535621338375	4792.70467832022	3583.06586477712	6165.82418233047	5036.60720845156	3606.52027283093	5319.94729480063	3414.97534804674	1238.91791252995	5351.97949045521	2290.49361875867	2722.7657359859	2287.29009762893	0	1899.47668838091	2490.88062096239	2580.78534370769	3180.10582608593	4629.84802768711	3256.94146852672	4198.21041657524	672.673667673156	612.24983137693	1043.52454629364	1581.97545914174	511.613358327291	611.156019367636	834.953228170141	2567.61055559603	2408.74281164758	8812.52834162763	4821.56973839842	2507.38169549795	1032.89211442533	1806.05896828394	2781.80505314456	2635.9068195672	3757.43958986972	427.16827225885	551.977540006749	816.91296289767	2943.52140617751	3940.22659877155	6918.24242193646	3469.85728915464	873.152123039984	3181.72953402344	2411.37555967934	5323.69676740376	3727.12034476101	2051.47913514164	4320.03646423029	4405.22108412979	3692.75071429421	4651.4273487985	2653.84785631681	3028.93229990945	4044.65253961951	4465.18285770085	4133.98158382948	4653.84793311043	4123.81913897359	6922.65095548041	2293.77801305302	5672.65894131241	4646.69799998966	5281.73334624225	1725.85741167948	3795.40451425303	2463.66069616882	4131.62887805631	3608.65337948256	4659.45680356738	4998.68884426308	5037.59030156288	5082.93641336039	4730.3084070826	5701.58512417441	1747.51453180902	5821.65744303364	1759.226245896	3616.28147349418	1669.73920341426	3660.51042235131	6436.71024716184	6352.12889276617	6427.31359949775	7194.6655699981	6417.37240656957	6841.89551668877	6413.71967635871	6447.37022728701	3819.82709779552	2210.65486526943	5055.6818147528	5066.04505909151	3272.71418154644
1375.11856102177	1695.52318287712	1357.20508341299	1829.12749484422	2893.22798993932	2651.44762593483	5234.20594348818	4104.98896960927	1707.04358445002	3420.47060641972	2483.35710920446	1626.84724180714	4440.728609612	523.304666920206	1178.4007645584	522.677247219464	1899.47668838091	0	1559.2623821201	1974.57178462999	1280.62913770503	3698.22978884482	2325.32322968443	3266.59217773295	1604.29190651544	1543.86807021922	1975.14278513593	2138.62568114491	1640.10703534496	2510.63270774854	1766.57146701243	1635.99231675374	1814.91007762795	7880.91010278534	2922.09305001752	1902.81129166397	866.58457395558	320.009599345784	1850.18681430228	1702.1498070791	1857.96290148881	2188.42810235255	1769.81054903571	1372.04344362372	3150.87415399393	3008.60835992927	5986.62418309417	2538.23905031236	1026.32456534092	1282.25284564254	1479.75732083706	3424.22007902285	5626.59703314191	1333.3838178111	3388.418225388	3473.6028452875	2761.13247545192	2893.13429017057	2134.66232691528	2097.31406106716	3113.03430077723	3533.56461885856	3202.36334498719	3722.22969426815	3192.20090013131	5991.03271663813	736.888450302233	4741.04070247013	3715.07976114737	4350.11510739997	794.23917283719	2863.78627541075	2989.43393579448	2232.1521896754	1709.17669110165	3727.83856472509	4067.0706054208	4105.9720627206	4151.3181745181	2830.83171870169	4769.96688533212	1691.37746539027	3922.18075465273	827.608007053713	1716.80478511328	3086.33973328351	1761.0337339704	4537.23355878093	4452.65220438527	4527.83691111684	5295.18888161719	4517.89571818866	4942.41882830786	4514.2429879778	4547.8935389061	1920.35040941461	1279.03662642714	3156.20512637189	3166.5683707106	1373.23749316553
1764.33940845341	2084.74403030876	202.05729870711	2225.34499962402	3282.44883737095	1092.18524381473	3674.94356136808	2545.72658748917	2096.26443188166	3809.69145385136	924.094727084352	1251.96270843244	4051.50776218036	1035.9577151999	1212.50989503663	1036.58513490064	2490.88062096239	1559.2623821201	0	3533.8341667501	1669.84998513666	2138.96740672472	1487.41031163975	1707.32979561285	3163.55428863555	3103.13045233932	3534.40516725603	3697.88806326502	3002.49397928968	2689.09685930122	3325.83384913253	758.550027548724	3374.17245974806	6321.64772066524	3311.31389744915	1513.59044423233	2067.5920552534	1239.25278277432	1035.49720786287	1125.65097861793	2247.18374892045	2063.71234870354	1938.90308095564	1673.96765806472	2761.65330656229	1449.34597780916	4427.36180097407	1175.87526307226	1884.11868658736	1671.47369307417	134.910691922255	3813.44092645449	5237.37618571027	2892.6461999312	1829.1558432679	1914.3404631674	1201.87009333182	4452.39667229068	1745.44147948365	538.05167894706	1904.16122394312	1974.30223673846	1643.10096286709	2162.96731214804	1632.9385180112	4431.77033451802	2296.15083242234	3181.77832035002	2155.81737902727	2790.85272527986	765.023209282914	1304.52389329064	2600.21308836284	2621.37303710704	2098.39753853329	2826.42281406303	2507.80822330069	2546.70968060049	2592.055792398	3220.05256613333	3210.70450321202	1302.15661795864	4311.40160208437	731.654375066391	2106.02563254491	2697.11888585187	2288.49958415211	4926.45440621257	4841.8730518169	4917.05775854848	5684.40972904883	4907.1165656203	5331.6396757395	4903.46383540944	4937.11438633774	2309.57125684625	280.225755692964	3545.42597380353	3555.78921814224	1762.45834059717
2249.80253067301	1883.8754432377	3331.77686804299	2510.436150171	2521.18902790306	4626.01941056483	7208.77772811818	6079.56075423927	1940.21736243946	2739.16195109294	4457.92889383445	2308.15589713391	6394.93303624292	2497.8764515502	3152.97254918839	2497.24903184946	2580.78534370769	1974.57178462999	3533.8341667501	0	3219.8294634944	5672.80157347482	4299.89501431442	5241.16396236294	2179.08562040916	2131.60195183223	2342.847700785	998.809884565942	2321.41569067174	3191.94136307532	2360.56021853679	3610.56410138374	172.042532060105	9855.48188741534	3203.30115015207	3550.33524128566	1547.89322928236	2294.58138397578	3824.75859893227	3676.7215917091	2203.34801844112	2869.73675767933	2451.11920436249	2053.3520989505	3986.47495196522	4983.18014455926	7961.19596772416	4512.81083494235	1707.6332206677	3217.79904484482	3454.32910546705	2742.91142369608	6307.90568846869	641.187966818897	5362.99001001799	5448.1746299175	4735.70426008192	2070.64200509081	3696.80140210452	4071.88584569716	5087.60608540722	5508.13640348856	5176.93512961719	5696.80147889814	5166.7726847613	7965.60450126812	1237.68333432776	6715.61248710012	5689.65154577737	6324.68689202996	2768.81095746718	4838.35806004074	3670.74259112126	2336.6803407481	1937.08757939343	5702.41034935509	6041.64239005079	6080.54384735059	6125.8899591481	2149.52306337492	6744.53866996211	2790.46807759673	3240.87209932596	2802.17979168371	2931.55471804727	3767.64838861029	1245.33458259799	3855.92490345415	3771.34354905849	3846.52825579006	4613.88022629041	3836.58706286188	4261.11017298108	3832.93433265103	3866.58488357932	3370.07423159562	3253.60841105713	2474.89647104511	2485.25971538383	3287.46894736966
970.026932821388	1335.9540202567	1702.84770427656	3109.75663254925	1612.59885223429	1838.48537828444	3988.94826462378	2859.73129074487	1279.61210105494	3483.43580511906	2352.2630150318	2907.47637951216	5721.35774731703	889.612207327264	457.340090100039	892.815728457	3180.10582608593	1280.62913770503	1669.84998513666	3219.8294634944	0	2452.97210998041	1080.06555082002	2021.33449886854	2849.54958537985	2789.12574908362	3220.40046400033	3383.88336000932	2920.73617304999	3791.26184545357	3011.82914587683	911.299957587941	3060.16775649236	6635.65242392093	1641.46391231249	3183.440429369	2147.21371166061	1374.04685780199	2705.34719299953	544.199006518734	1016.48144505328	3469.05724005758	3050.43968674074	2652.67258132874	4431.50329169896	1763.35068106486	4741.36650422976	1292.98137144795	2306.95370304595	2.0304186495805	1534.93929321441	3488.53283979664	6907.22617084694	2578.6414966755	2143.16054652359	2228.3451664231	1731.21251191489	4138.39196903498	3415.29146462031	2066.81133046772	1867.77662191282	2288.30693999416	1957.10566612279	2476.97201540374	1946.9432212669	4745.77503777372	1982.14612916664	3495.78302360572	2469.82208228297	3104.85742853556	1935.60766977715	1866.91237781456	4270.06307349951	951.523051970377	1282.74188410097	2482.58088586069	2821.81292655639	2860.71438385619	2906.0604956537	1550.20258099667	3524.70920646771	2972.0066030953	2641.55161694771	1525.76593647273	436.175647408249	4366.96887098854	1974.49488089641	3256.6044210759	3172.02306668024	3247.20777341181	4014.55974391216	3237.26658048364	3661.78969060283	3233.61385027278	3267.26440120108	639.721271709587	1404.89357185465	1875.57598866686	1885.93923300558	92.6083554605061
3422.9990428018	3788.92613023712	2341.02470543183	4364.31240634873	3151.61254557176	2072.61486789249	1535.97615464336	702.135147484775	3732.58421103536	5936.40791509948	2586.39250463986	3390.93011515716	5955.48723692508	3174.92512192462	2519.82902428642	3175.55254162536	4629.84802768711	3698.22978884482	2138.96740672472	5672.80157347482	2452.97210998041	0	1372.90655916039	983.585191996556	5302.52169536026	5242.09785906404	5673.37257398075	5836.85546998973	5141.4613860144	4828.06426602594	5464.80125585725	2062.23747209108	5513.13986647278	4182.68031394052	2469.50042332275	3417.56991897705	4206.55946197812	3378.22018949904	2939.47668260759	1996.07998176572	3469.4535550337	4202.67975542826	4077.87048768036	3812.93506478944	4665.63278130701	1704.89345055412	2288.39439424935	1159.99073853246	4023.08609331208	2455.00252862999	2218.47246800776	5941.50494977706	7141.35566045499	5031.61360665592	435.342583548459	2060.95753074279	1965.34200152294	6591.36407901539	3649.42095422837	2300.94082007577	585.195488067593	1711.12431538412	1253.24865312757	1696.33701715487	506.028888713512	2292.8029277933	4435.11823914705	1042.8109136253	270.428960395075	651.885318555144	2903.99061600763	2101.04186742262	4504.19256310756	3336.12123272672	3735.71399408138	922.443339318308	368.840816575976	442.10028465601	474.537187382363	3733.91038331965	1071.7370964873	3206.13609270336	3404.62657073433	2870.62178179111	2741.24685542755	4601.09836059659	4427.46699087682	3938.45860058447	3866.56600150811	3883.67883195042	3780.43025430411	3507.39405404514	3643.78080166706	3840.8470577766	3621.80119707063	2302.7273418792	2419.19316241768	3720.57901666542	3857.62186107824	2385.33262610516
2050.09248364141	2416.01957107673	1520.40803077964	2991.40584718834	1795.0385257312	1656.04570478752	2908.88271380375	1779.66573992485	2359.67765187497	4563.50135593909	2169.82334153489	2725.03670601525	5538.91807382012	1802.01856276422	1146.92246512603	1802.64598246497	3256.94146852672	2325.32322968443	1487.41031163975	4299.89501431442	1080.06555082002	1372.90655916039	0	941.26894804852	3929.61513619987	3869.19129990365	4300.46601482035	4463.94891082934	3768.55482685401	3608.82217195666	4091.89469669686	728.860284091028	4140.23330731238	5555.58687310091	1823.9035858094	3001.00075587208	2833.65290281773	2005.31363033864	2522.90751950262	623.173422605328	2096.5469958733	3286.61756656066	2868.00001324382	2470.23290783183	4249.06361820205	1288.32428744916	3661.30095340974	311.535048567491	2650.17953415169	1082.0959694696	1352.4996197175	4568.59839061667	6724.78649735003	3658.70704749553	1063.09499570357	1644.38836763782	1548.77283841797	5218.457519855	3232.8517911234	1884.3716569708	787.711071092799	1294.55515227915	877.040115302764	1396.90646458372	866.87767044688	3665.7094869537	3062.21167998666	2415.7174727857	1389.75653146294	2024.79187771554	1753.16799628023	1684.47270431765	4087.62340000259	1963.21467356633	2362.80743492099	1402.51533504066	1741.74737573637	1780.64883303617	1825.99494483367	2361.00382415926	2444.64365564769	2789.56692959839	2823.99129044462	1497.71522263072	1368.34029626716	4184.52919749163	3054.56043171643	3439.04409457281	3354.46274017715	3429.64744690873	4196.99941740908	3419.70625398055	3844.22936409974	3416.05352376969	3449.70407469799	929.820782718808	1222.45389835773	2347.67245750502	2484.71530191785	1012.42606694476
