0	911.373053192343	850.297960120297	1865.93160811688	3013.81524175642	3015.11779631316	3218.61011060019	4362.00439007746	2793.07911370409	2437.21394342493	3710.18985794595	770.96264650577	3009.26544655504	2115.4939536937	1070.29775224341	1367.54014985568	1330.65575831921	1981.02261332205	1297.84298714354	2044.9994889176	1249.28125908748	1627.6595631413	1781.64892927579	343.351913032863	177.274220486332	1148.28412177462	3889.70413472569	2137.57860432219	1781.45740764467	2274.4758965809	1977.2500529429	659.231289822571	1547.09296845516	661.116170881036	2138.66514454845	2627.18911251954	2574.86170328506	2497.44925523933	2897.92739152673	2631.37742873521	1015.57152695438	432.852412659796	2006.30830692397	1144.70066826668	1684.99085320996	660.977249241471	924.914423803922	1044.77655221885	468.203980367843	2537.98402485068	2287.62287488495	3599.26564857984	1082.75743218221	2272.31912343385	2024.51398685859	4555.3350119546	3398.80797076266	2750.26203507857	2327.87921816844	686.045677220572	2462.0942038076	2735.68009378378	1843.09337201444	2205.95247894307	4885.29018926654	645.838375168352	121.773280669611	2936.37662444446	2000.99624109459	1974.93434719157	2864.20764848453	1079.95718500605	3821.71123042754	3357.81999230963	1236.97648744245	3413.45897319304	1321.70170263304	2179.67501677413	1320.30722783149	2277.71511322359	2768.71532628776	3107.01352526021	2973.38101063653	3117.7257419848	3542.0917600206	3843.58718280003	1082.87134435402	6242.75752674949	1577.42499262677	1042.76926702604	608.084514458686	1178.39360294015	1178.34960037925	2021.59138985599	1118.88591639874	973.474597473681	6127.90704452945	2200.30097405476	2002.44340632327	2577.42406926719
911.373053192343	0	1559.81024527631	1994.10435173186	3141.98798537139	3926.4908495055	4129.98316379253	4184.63628474329	1881.70606051175	2565.3866870399	4415.62378218902	1559.42799854647	3920.63849974738	2214.43072429007	430.500322112868	2278.91320304802	2242.02881151156	2892.3956665144	2209.21604033589	2956.37254210994	2160.65431227982	2539.03261633364	2693.02198246813	1254.72496622521	1088.64727367867	236.911068582276	4801.07718791803	1296.58836827907	2179.7424130244	3185.84894977325	2672.47361260385	1506.33985860132	1675.26571207014	1510.23961028356	1629.31984761003	2499.01636890457	3486.2347564774	1586.07620204699	3809.30044471907	2759.55017235018	1926.94458014672	1344.22546585214	1878.13556330899	624.435334364037	2596.36390640231	1506.44697345042	796.741680188947	1172.94929583383	1379.57703356019	1749.53749306231	2333.91215354827	4510.63870177218	1210.93017579719	3183.6921766262	1896.34124324362	4683.50775556957	4310.18102395501	2878.43477869355	3239.25227136078	1597.41873041291	1550.72115061525	1824.30704059144	1714.92062839947	3117.32553213541	5796.66324245888	1557.21142836069	799.408663203516	3064.54936805944	2912.36929428694	2103.10709080655	3775.58070167687	469.147714902456	4733.08428361988	4269.19304550197	1206.34040978909	3541.63171680801	2233.07475582538	3091.04806996647	499.033071467802	3189.08816641594	2640.54258267278	2978.84078164524	2845.20826702156	2989.55299836983	2974.00175173467	3715.41443918505	1211.04408796899	6114.58478313451	2098.27568056803	1170.94201064102	1318.07214760343	2089.76665613249	2089.7226535716	2932.96444304833	2030.25896959108	108.202271596301	5999.73430091448	2518.26132094862	2913.81645951562	3488.79712245953
850.297960120297	1559.81024527631	0	1412.46238239199	2163.51728163612	2366.68060422919	2570.17291851622	5010.44158216143	3441.51630578806	1586.91598330463	4560.48781806625	79.335313614527	2360.82825447107	2965.791913814	1718.73494432738	719.102957771714	682.218566235245	1332.58542123809	649.405795059575	1396.56229683363	600.84406700351	979.222371057334	1133.21173719182	860.031983736842	834.454510558351	1796.72131385859	3241.26694264172	2786.01579640616	931.159447524368	1626.03870449694	2827.5480130632	191.066670297726	2113.35240594973	189.181789239261	2787.10233663241	3477.48707263984	1926.42451120109	3145.8864473233	2249.49019944276	1900.83945535172	751.340237258937	1049.48082244819	2856.60626704426	1793.13786035064	1571.32617118095	189.320710878826	1775.21238392422	688.281407986006	549.03426593523	3186.42121693465	2936.06006696891	2950.82845649587	1268.77709360432	1623.88193134989	2874.81194697889	3705.0370518343	2750.3707786787	1899.96407495827	1679.44202608447	260.736500540579	3110.53139589156	3384.11728586775	2693.39133213474	1557.5152868591	4236.85299718257	802.934774566497	972.071240789908	2086.07866432417	1352.55904901063	1124.63638707128	2215.77045640056	1728.39437709001	3173.27403834357	2709.38280022566	1885.41367952642	2563.16101307274	836.901244973275	1531.23782469016	1968.74441991546	1629.27792113963	3619.01328640805	3957.31148538051	3823.67897075683	3968.0237021051	4190.52895210457	4693.88514292032	1273.17146566215	7093.05548686978	727.127032506475	687.57861594078	1458.38247457898	529.956410856184	529.912408295287	1373.15419777203	767.243605690008	1621.91178955765	6978.20500464975	1350.00301393446	1354.00621423931	1928.98687718322
1865.93160811688	1994.10435173186	1412.46238239199	0	2958.4097702335	3779.14298662118	3982.63530090821	3597.97919976944	2344.39464814374	734.567581709911	5576.12146606283	1412.08013566215	3773.29063686306	3981.42556181059	2424.60467384473	2131.56534016371	2094.68094862724	2745.04780363008	2061.86817745157	2809.02467922562	2013.3064493955	2391.68475344933	2545.67411958381	1875.66563173343	1850.08815855494	1773.2036775496	4653.72932503371	3290.69272001093	2032.39455014008	3038.50108688893	3843.18166105979	1358.99199571701	700.890023557741	1362.89174739924	3623.42419934189	4493.12072063643	3338.88689359308	1733.42406493131	3661.95258183475	765.445820618322	1779.5967172624	2065.11447044477	3872.23991504085	2618.5396860959	2586.95981917754	1359.09911056611	2790.84603192081	821.15505589803	1564.66791393182	1773.95883454266	1523.59768457692	4363.29083888786	783.174175934672	3036.34431374188	3890.44559497548	2689.40340383771	4162.83316107069	884.330426961686	3091.90440847646	1450.0708675286	1698.06901349957	1971.65490347576	3709.02498013133	2969.97766925109	5649.31537957456	1818.56842256308	1987.7048887865	1966.2751824346	2765.02143140262	1930.49139809089	3628.23283879255	2463.25206663432	4585.73642073556	4121.84518261765	787.763941942765	1547.52736507615	2085.72689294106	2943.70020708215	1495.07128026406	3041.74030353162	4634.64693440464	4972.9451333771	4839.31261875342	4983.65735010169	4968.10610346652	5709.51879091691	783.060263762869	8108.68913486637	1950.92781768371	823.162341090841	2474.01612257557	1942.41879324818	1942.37479068728	2785.61658016402	1882.91110670677	1885.90208013556	7993.83865264634	2370.9134580643	2766.4685966313	3341.44925957522
3013.81524175642	3141.98798537139	2163.51728163612	2958.4097702335	0	2158.83658158498	4370.25160402163	6556.38897000293	4987.46369362956	2223.84218852359	6724.00509970237	2242.85259525065	2160.83946053126	5129.30919545012	3572.48830748426	2519.37890545996	2480.33070059339	2170.51112082193	2298.39010177519	2380.87764056218	1815.21382440264	2653.93903880081	2666.03729850534	3023.54926537296	2997.97179219447	3342.66870170009	4698.80795820267	4438.57635365047	1232.35783411175	1924.64590253832	4991.06529469932	2354.58395193385	3659.29979379124	2352.69907087538	4771.30783298143	5641.00435427596	2181.14577721645	4691.83383516481	703.542811601251	3446.78684319323	2914.85751889506	3212.99810408431	5020.12354868039	3766.42331973543	3734.84345281707	2352.83799251495	3938.72966556034	2234.22879582751	2712.55154757135	4732.36860477616	4482.00745481042	4128.13997148284	2814.72448144583	1926.60591603092	5038.32922861501	1541.51977019818	2239.16130996207	3351.69657937026	3373.32304328559	2424.2537821767	4656.47878373307	4930.06467370926	4856.90861377086	3294.39613995163	3845.59033875998	2966.45205620262	3135.58852242603	992.1345877989	3253.63015112972	1038.88089456484	4027.73932279047	3611.13570027385	4166.77026444273	1163.43541238415	3431.36106736793	1468.46337390892	3000.4185266094	935.547801679084	3514.69180775696	1924.23555952666	5782.53056804417	6120.82876701663	5987.19625239295	6131.54098374122	6115.98973710606	6857.40242455644	2819.11885350366	9256.5727685059	1436.39024912965	2233.52600378229	3621.8997562151	2645.92180130066	2644.11556580142	2530.67400596814	2930.76088732613	3167.85917739916	9141.72228628587	813.514267701657	3252.7916475372	852.77552980494
3015.11779631316	3926.4908495055	2366.68060422919	3779.14298662118	2158.83658158498	0	2211.41502243665	7377.12218639062	5808.19691001725	3044.57540491127	4565.16851811739	2367.06285095903	5.85234975812159	2970.47261386514	4085.41554855657	1647.57764645748	1684.46203799395	1034.09518299111	1717.27480916962	970.118307395563	1765.83653722568	1387.45823317186	1233.46886703737	2671.7658832803	2837.84357582683	4163.40191808778	2539.97137661769	5152.69640063535	1746.7484364811	740.641899732258	2832.22871311434	2420.15099090418	4480.03301017893	2416.25123922195	5153.78294086161	3482.16777269098	440.2560930281	5512.5670515525	2027.36910152644	4267.52005958091	1999.54626935879	2582.26538365337	3769.28555668813	4159.81846457984	1576.00687123209	2420.04387605508	3138.95028641823	3054.9620122152	2546.91381594532	5553.10182116384	5302.74067119811	1969.30338989786	3635.45769783351	742.798672879308	3857.54639411439	3700.35635178316	383.690174449503	4172.42979575795	1214.48646170061	2329.07211909259	5477.21200012076	5750.79789009695	2698.07203218588	1135.55955836665	1870.17239295338	2369.27942114481	3127.08218630199	2081.39796427302	1094.79356954474	1848.6515885303	1868.9027412055	4095.07498131921	2007.93368285776	1430.2464344673	4252.09428375561	2558.48031302159	1693.41609368012	1223.28877990589	4335.42502414465	737.402683089567	5606.88060301387	5337.97746667794	5447.16762834493	4950.30337340989	6557.20955633376	4698.56584297147	3639.85206989135	7097.73618692093	1828.21516893748	3054.25922016997	2608.41870190207	1836.72419337301	1836.76819593391	993.526406457168	1896.23187991442	3988.59239378684	6982.8857047009	1408.22952855688	1093.95506595223	1306.06105178004
3218.61011060019	4129.98316379253	2570.17291851622	3982.63530090821	4370.25160402163	2211.41502243665	0	7580.61450067765	6011.68922430427	3793.65030569013	2353.75349568074	2570.55516524606	2209.41214349036	1915.55243950246	4288.90786284359	1851.0699607445	1889.92090342823	2199.7404831997	2071.86150224644	1989.37396345945	2555.03777961899	1716.31256522081	1704.21430551629	2875.25819756732	3041.33589011385	4366.89423237481	671.094024125502	5356.18871492238	3137.89376990987	2445.6057014833	1457.50955118868	2623.6433051912	4683.52532446595	2619.74355350897	5357.27525514863	3628.66282501112	2189.10582680518	5716.05936583952	4238.78412396309	4471.01237386794	2203.03858364581	2785.75769794039	3972.77787097515	4363.31077886686	1533.61925739022	2623.5361903421	3342.44260070526	3258.45432650222	2750.40613023234	5756.59413545087	5506.23298548513	380.655537979654	3838.95001212054	2443.64568799071	4061.03870840141	5911.77137421981	2131.09029405956	4375.92211004498	996.92856073604	2532.56443337961	5680.70431440778	5954.29020438397	2417.97410631559	1075.85546406999	1666.68007866635	2572.77173543183	3330.57450058901	4292.81298670967	1217.61386950559	3331.37070945678	354.402462115658	4298.56729560623	603.101119827354	3641.66145690395	4455.58659804264	4769.89533545824	1896.90840796715	3434.70380234254	4538.91733843167	2446.01604449497	5810.3729173009	5541.46978096497	5650.65994263195	5153.79568769691	6760.70187062079	4802.7491869786	3843.34438417837	4886.32116448428	2933.86135489198	3257.751534457	2811.91101618909	2040.21650766003	2040.26051022093	1839.57759805349	2099.72419420144	4192.08470807387	4771.47068226425	3556.73733631997	1216.16670427691	3517.47607421669
4362.00439007746	4184.63628474329	5010.44158216143	3597.97919976944	6556.38897000293	7377.12218639062	7580.61450067765	0	4534.92658115517	4332.54678147935	7866.25511907414	5010.05933543159	7371.2698366325	6171.95749482201	4615.13660685615	5729.54453993314	5692.66014839667	6343.02700339951	5659.847377221	6407.00387899506	5611.28564916494	5989.66395321876	6143.65331935325	4705.35630311032	4539.27861056379	3963.73561056102	8251.70852480315	5481.22465302236	5630.37374990952	6636.48028665836	6123.10494948897	4956.97119548644	2897.0891762117	4960.87094716867	5813.95613235332	6683.65265364785	6936.86609336252	3259.22660988032	7259.93178160418	3109.60212680971	5377.57591703184	4794.85680273726	6062.77184805228	4809.07161910732	6046.99524328742	4957.07831033554	4981.37796493223	4322.16017417542	4830.2083704453	2435.09879168097	2074.38151519251	7961.2700386573	3741.66448855711	6634.32351351131	6080.9775279869	5677.20665403792	7760.81236084012	3204.69239063267	6689.88360824589	5048.05006729803	2852.56884424832	3550.38215217051	5899.55691314275	6567.95686902053	9247.294579344	5007.84276524581	4250.04000008863	5564.25438220403	6363.00063117205	5528.47059786033	7226.21203856199	4653.78399964574	8183.715620505	7719.82438238709	3125.02790263501	5087.92559609401	5683.7060927105	6541.67940685159	3685.60321327548	6639.71950330105	6825.17886741607	7163.47706638853	7029.84455176485	7174.18928311311	7158.63803647795	7900.05072392834	3737.27011649927	10299.2210678778	5548.90701745314	4322.86296622065	4768.70348448855	5540.39799301761	5540.35399045671	6383.59577993345	5480.8903064762	4076.43401314699	10184.3705856578	5968.89265783374	6364.44779640073	6939.42845934465
2793.07911370409	1881.70606051175	3441.51630578806	2344.39464814374	4987.46369362956	5808.19691001725	6011.68922430427	4534.92658115517	0	2915.67698345178	6297.32984270077	3441.13405905822	5802.34456025913	4096.13678480182	1722.78136146068	4160.61926355977	4123.7348720233	4774.10172702614	4090.92210084763	4838.07860262169	4042.36037279156	4420.73867684539	4574.72804297988	3136.43102673695	2970.35333419042	1644.79499192947	6682.78324842978	946.298071867193	4061.44847353614	5067.55501028499	4554.1796731156	3388.04591911307	2025.55600848202	3391.9456707953	1279.02955119815	2383.02639929315	5367.94081698915	1275.69997127485	5691.00650523081	3109.84046876206	3808.65064065846	3225.93152636388	2038.91135332912	1648.37844543741	4478.06996691405	3388.15303396217	2669.24662359902	2753.23489780205	3261.28309407193	2099.82778947419	2684.20244996015	6392.34476228393	2172.73921218374	5065.39823713794	1950.65051590286	5033.79805198145	6191.88708446675	3228.72507510543	5120.95833187252	3479.12479092466	1682.35773690685	984.544428984652	3593.71511798868	4999.03159264715	7678.36930297062	3438.91748887244	2681.11472371526	3995.32910583066	4794.07535479868	3959.54532148695	5657.28676218862	1713.12192869804	6614.79034413163	6150.89910601372	1556.63070620097	3891.92201321989	4114.78081633713	4972.75413047822	1472.7718858726	5070.79422692768	2290.2522862609	2628.55048523336	2494.91797060968	2639.26270195795	2623.71145532279	3365.12414277317	2168.3448401259	5764.29448672263	3979.98174107977	2753.93768984727	3199.77820811518	3971.47271664424	3971.42871408334	4814.67050356008	3911.96503010283	1819.60451623041	5649.4440045026	4399.96738146037	4795.52252002736	5370.50318297128
2437.21394342493	2565.3866870399	1586.91598330463	734.567581709911	2223.84218852359	3044.57540491127	3793.65030569013	4332.54678147935	2915.67698345178	0	6147.40380137088	1666.25129691916	3038.72305515315	4552.70789711863	2995.88700915277	1942.77760712847	1903.7294022619	2010.48022192017	1721.7888034437	2074.45709751571	1278.73886768559	2077.33774046932	2089.43600017385	2446.94796704147	2421.37049386298	2344.48601285764	4122.20665987118	3861.97505531897	1297.82696843017	2303.93350517902	4414.46399636783	1777.98265360236	1435.45760526765	1776.09777254389	4194.70653464994	5064.40305594447	2604.31931188317	2467.99164664122	2927.38500012484	1222.94465466964	2338.25622056357	2636.39680575282	4443.52225034889	3189.82202140394	3158.24215448558	1776.23669418346	3362.12836722885	1392.43739120607	2135.95024923986	2508.52641625257	2258.16526628683	3628.72325717795	1354.45651124271	2301.77673203197	4461.72793028352	2118.12106852967	3428.26557936078	1127.85439084668	2796.72174495409	1847.65248384521	2432.63659520948	2706.22248518567	4280.30731543937	2717.79484162014	4914.74779786465	2389.85075787113	2558.98722409454	1231.70760072469	2677.02885279823	1195.92381638098	3451.13802445898	3034.53440194236	3851.16883902565	3387.27760090774	1359.04627725081	976.245029768109	2423.81722827791	2209.13262537224	2066.3536155721	2307.17272182171	5205.92926971268	5544.22746868514	5410.59495406146	5554.93968540973	5539.38843877457	6280.80112622495	1354.34259907091	8679.97147017441	1216.3602359738	1394.44467639888	3045.29845788361	2069.32050296917	2067.51426746993	2051.04899845411	2354.15958899464	2457.1844154436	8565.12098795438	1636.34587635439	2676.19034920571	2606.8816778653
3710.18985794595	4415.62378218902	4560.48781806625	5576.12146606283	6724.00509970237	4565.16851811739	2353.75349568074	7866.25511907414	6297.32984270077	6147.40380137088	0	4481.15250445172	4563.16563917111	2201.19305789895	4574.54848124009	4204.62619424241	4243.67439910897	4553.49397888044	4425.61499792718	4343.12745914019	4908.79127529973	4070.06606090155	4057.96780119703	3700.4558343294	3726.0333075079	4652.5348507713	2025.1971414997	5641.82933331887	5491.64726559061	4799.35919716404	1743.15016958517	4369.42114776852	5257.28282640111	4371.30602882699	5642.91587354513	3914.30344340761	4542.85932248592	6001.69998423602	6592.53761964383	6341.56728668116	3809.14758080731	3511.00699561806	4258.41848937165	4648.95139726336	2989.1616468853	4371.16710718742	3628.08321910175	4754.9664101648	4011.45355213102	6042.23475384736	5915.92926787924	2595.86512821953	4792.94729012816	4797.39918367145	4346.67932679791	8265.52486990055	4484.8437897403	6460.45189302452	3350.68205641678	4299.75131752567	5966.34493280428	6239.93082278047	2703.61472471209	3429.60895975074	2878.41476094238	3757.55304349975	3616.21511898551	6646.56648239041	3470.37494857265	5685.12420513752	2696.2657769119	4584.20791400273	2557.23483525963	5995.41495258469	4788.35752412007	7123.64883113899	3723.58657309297	5788.45729802328	4824.55795682817	4799.76954017571	6096.01353569739	5827.11039936146	5936.30056102845	5439.43630609341	7046.34248901728	5088.3898053751	4793.06120229996	3395.96758564334	5287.61485057272	4752.95912497199	3102.10534348726	4078.08329840171	4079.88953390094	4193.33109373423	3793.24421237624	4477.72532647036	2559.95655606516	5910.49083200071	3471.21345216516	5871.22956989743
770.96264650577	1559.42799854647	79.335313614527	1412.08013566215	2242.85259525065	2367.06285095903	2570.55516524606	5010.05933543159	3441.13405905822	1666.25129691916	4481.15250445172	0	2361.21050120091	2886.45660019947	1718.35269759754	719.485204501552	682.600812965083	1332.96766796792	649.788041789413	1396.94454356347	601.226313733347	979.604617787172	1133.59398392166	780.696670122315	755.119196943824	1796.33906712875	3241.64918937156	2785.63354967632	1010.4947611389	1626.42095122677	2748.21269944867	111.731356683199	2112.97015921989	109.846475624734	2786.72008990258	3398.15175902531	1926.80675793093	3145.50420059346	2249.8724461726	1900.45720862188	672.00492364441	970.14550883366	2777.27095342974	1792.75561362081	1491.99085756642	109.985397264299	1695.87707030969	687.899161256169	469.698952320703	3186.03897020481	2935.67782023908	2951.21070322571	1268.39484687448	1624.26417807972	2795.47663336436	3784.37236544883	2750.75302540853	1979.2993885728	1679.82427281431	181.401186926052	3110.14914916173	3383.73503913791	2614.05601852021	1557.89753358894	4237.23524391241	723.59946095197	892.735927175381	2165.41397793869	1352.94129574046	1203.9717006858	2216.1527031304	1728.01213036018	3173.65628507341	2709.7650469555	1885.03143279658	2642.49632668727	757.565931358748	1531.62007142	1968.36217318562	1629.66016786946	3539.67797279353	3877.97617176598	3744.3436571423	3888.68838849057	4190.14670537473	4614.5498293058	1272.78921893232	7013.72017325526	806.462346121002	687.196369210943	1379.04716096446	530.338657586021	530.294655025124	1373.53644450186	687.908292075481	1621.52954282781	6898.86969103522	1429.33832754899	1354.38846096914	1929.36912391306
3009.26544655504	3920.63849974738	2360.82825447107	3773.29063686306	2160.83946053126	5.85234975812159	2209.41214349036	7371.2698366325	5802.34456025913	3038.72305515315	4563.16563917111	2361.21050120091	0	2968.46973491886	4079.56319879845	1641.72529669936	1678.60968823583	1028.24283323299	1711.4224594115	964.265957637441	1759.98418746756	1381.60588341374	1227.61651727925	2665.91353352218	2831.99122606871	4157.54956832966	2537.96849767141	5146.84405087723	1740.89608672298	734.789549974136	2830.22583416806	2414.29864114606	4474.1806604208	2410.39888946383	5147.93059110349	3480.1648937447	434.403743269978	5506.71470179437	2029.37198047273	4261.66770982279	1993.69391960066	2576.41303389524	3763.43320693001	4153.96611482172	1574.00399228581	2414.19152629696	3133.09793666011	3049.10966245708	2541.0614661872	5547.24947140572	5296.88832143998	1967.30051095158	3629.60534807539	736.946323121187	3851.69404435627	3702.35923072944	389.542524207625	4166.57744599983	1212.48358275432	2323.21976933447	5471.35965036264	5744.94554033882	2696.0691532396	1133.55667942037	1876.0247427115	2363.42707138669	3121.22983654387	2083.40084321931	1092.79069059846	1842.79923877217	1866.89986225921	4089.22263156109	2005.93080391147	1432.24931341358	4246.24193399749	2560.48319196788	1687.563743922	1225.29165885218	4329.57267438653	731.550333331445	5601.02825325575	5332.12511691982	5441.31527858681	4944.45102365177	6551.35720657564	4696.56296402518	3633.99972013323	7095.73330797464	1822.36281917936	3048.40687041185	2602.56635214395	1830.87184361489	1830.91584617579	987.674056699047	1890.3795301563	3982.74004402872	6980.88282575461	1402.37717879876	1091.95218700594	1308.06393072632
2115.4939536937	2214.43072429007	2965.791913814	3981.42556181059	5129.30919545012	2970.47261386514	1915.55243950246	6171.95749482201	4096.13678480182	4552.70789711863	2201.19305789895	2886.45660019947	2968.46973491886	0	2373.35542334114	2609.93028999016	2648.97849485673	2958.79807462819	2830.91909367493	2748.43155488794	3314.09537104748	2475.37015664931	2463.27189694478	2105.75993007716	2131.33740325565	2451.34179287235	2586.64646362796	3440.63627541992	3896.95136133837	3204.6632929118	458.042888313779	2774.72524351627	3662.58692214887	2776.61012457474	3441.72281564618	1713.11038550866	2948.16341823367	3800.50692633706	4997.84171539159	4746.87138242891	2214.45167655506	1916.31109136581	2057.2254314727	2447.75833936441	1394.46574263305	2776.47120293517	1426.8901612028	3160.27050591256	2416.75764787877	3841.04169594841	4321.23336362699	2296.20797748211	3198.25138587591	3202.7032794192	2145.48626889896	6670.8289656483	2890.14788548805	4865.75598877227	1755.98615216453	2705.05541327342	3765.15187490533	4038.73776488151	502.421666813134	1834.91305549849	3582.23251816881	2162.8571392475	1993.72067302409	5051.87057813817	1875.6790443204	4090.42830088528	1561.1499773868	2383.01485610378	2518.65355932981	4400.71904833244	3193.66161986782	5528.95292688674	2128.89066884072	4193.76139377104	2623.36489892922	3205.07363592346	3894.82047779844	3625.91734146251	3735.1075031295	3238.24324819446	4845.14943111833	2887.19674747615	3198.36529804772	4127.26357305578	3692.91894632047	3158.26322071975	1507.40943923502	2483.38739414946	2485.1936296487	2598.63518948198	2198.54830812399	2276.53226857141	4012.41309083575	4315.79492774846	1876.51754791292	4276.53366564518
1070.29775224341	430.500322112868	1718.73494432738	2424.60467384473	3572.48830748426	4085.41554855657	4288.90786284359	4615.13660685615	1722.78136146068	2995.88700915277	4574.54848124009	1718.35269759754	4079.56319879845	2373.35542334114	0	2437.83790209909	2400.95351056262	3051.32036556546	2368.14073938695	3115.29724116101	2319.57901133088	2697.95731538471	2851.9466815192	1413.64966527627	1247.57197272974	651.400996295131	4960.0018869691	1067.28085207878	2340.13047337251	3344.77364882431	2831.39831165492	1665.26455765239	2105.76603418301	1669.16430933462	1198.81952549717	2068.5160467917	3645.15945552847	1427.15150299593	3968.22514377013	3190.05049446305	2085.86927919778	1503.1501649032	1447.63524119613	193.935012251169	2755.28860545337	1665.37167250149	946.465262138337	1603.4496179467	1538.50173261125	2180.03781517518	2764.41247566113	4669.56340082325	1641.43049791005	3342.61687567726	1465.84092113075	5114.00807768244	4469.10572300607	3308.93510080641	3398.17697041184	1756.34342946398	1762.56776260784	1665.38234154038	1870.933756528	3276.25023118647	5955.58794150995	1716.13612741176	958.333362254582	3495.04969017231	3071.293993338	2533.60741291942	3934.50540072794	38.6473927895884	4892.00898267095	4428.11774455304	1636.84073190196	3972.13203892088	2391.99945487645	3249.97276901754	929.53339358067	3348.012865467	2210.04226055991	2548.34045953237	2414.70794490869	2559.05267625696	2543.5014296218	3284.91411707218	1641.54441008186	5684.08446102164	2257.20037961909	1601.44233275389	1476.9968466545	2248.69135518356	2248.64735262266	3091.8891420994	2189.18366864215	538.702593709169	5569.23397880161	2758.9740397826	3072.74115856668	3647.7218215106
1367.54014985568	2278.91320304802	719.102957771714	2131.56534016371	2519.37890545996	1647.57764645748	1851.0699607445	5729.54453993314	4160.61926355977	1942.77760712847	4204.62619424241	719.485204501552	1641.72529669936	2609.93028999016	2437.83790209909	0	39.048204866567	613.482463466372	220.988803684771	677.459339061917	704.165081057325	260.11941328562	414.108779420107	1024.18823682282	1190.26592936935	2515.8242716303	2522.16398487001	3505.11875417787	1287.02107134821	906.935746725222	2471.68638923936	772.5733444467	2832.45536372145	768.673592764468	3506.20529440413	3121.625448816	1207.32155342938	3864.98940509502	2387.91142540143	2619.94241312343	395.478613435096	934.687737195886	2500.74464322042	2512.24081812236	1215.46454735711	772.4662295976	1491.37263996075	1407.38436575772	899.336169487838	3905.52417470636	3655.16302474063	2231.72549872416	1987.88005137603	904.778973578171	2518.95032315505	4060.89867565814	2031.26782090698	2524.85214930047	960.339068312754	681.49447263511	3829.63435366328	4103.22024363947	2337.5297083109	838.412329087383	3517.75003941085	721.701774687329	1479.50453984451	2441.94028814801	734.251245669758	1480.49801089512	1508.36041733051	2447.49733486173	2454.17108057186	1990.27984245395	2604.51663729813	2919.02263689658	481.039621149435	1583.83110378088	2687.84737768717	910.174963367912	3959.30295655639	3690.39982022046	3799.58998188745	3612.16207828126	4909.63190987628	4338.02351909648	1992.27442343387	6737.19386304594	1082.98865633032	1406.68157371249	1102.52085075514	189.14654691553	189.190549476428	654.051240000311	411.381981866168	2341.01474732936	6622.34338082591	1705.8646377583	733.412742077243	1666.60337565502
1330.65575831921	2242.02881151156	682.218566235245	2094.68094862724	2480.33070059339	1684.46203799395	1889.92090342823	5692.66014839667	4123.7348720233	1903.7294022619	4243.67439910897	682.600812965083	1678.60968823583	2648.97849485673	2400.95351056262	39.048204866567	0	650.366855002841	181.940598818204	714.343730598386	665.116876190758	297.003804822089	450.993170956576	987.303845286349	1153.38153783288	2478.93988009383	2559.04837640648	3468.23436264141	1247.97286648164	943.820138261691	2510.73459410593	735.688952910231	2795.57097218498	731.789201227999	3469.32090286766	3160.67365368256	1244.20594496585	3828.10501355855	2348.86322053486	2583.05802158696	434.526818301663	897.803345659417	2539.79284808699	2475.35642658589	1254.51275222368	735.581838061131	1458.39896496695	1370.49997422125	862.451777951369	3868.6397831699	3618.27863320416	2268.60989026063	1950.99565983956	941.66336511464	2557.99852802162	4021.85047079158	2068.15221244345	2487.967757764	997.223459849223	644.610081098641	3792.74996212681	4066.335852103	2376.57791317747	875.296720623852	3554.63443094732	684.81738315086	1442.62014830804	2402.89208328144	773.299450536325	1441.44980602855	1547.40862219708	2410.61294332526	2491.05547210833	2027.16423399042	2567.63224576167	2879.97443203001	520.087826016002	1544.78289891431	2650.9629861507	947.059354904381	3922.41856501993	3653.51542868399	3762.70559035098	3651.21028314782	4872.74751833981	4377.07172396305	1955.3900318974	6776.24206791251	1043.94045146375	1369.79718217603	1141.56905562171	165.591100707262	163.784865208029	690.93563153678	450.430186732735	2304.13035579289	6661.39158569248	1666.81643289174	772.46094694381	1627.55517078845
1981.02261332205	2892.3956665144	1332.58542123809	2745.04780363008	2170.51112082193	1034.09518299111	2199.7404831997	6343.02700339951	4774.10172702614	2010.48022192017	4553.49397888044	1332.96766796792	1028.24283323299	2958.79807462819	3051.32036556546	613.482463466372	650.366855002841	0	683.179626178511	210.366519740248	731.741354234577	483.427917978883	495.526177683409	1637.67070028919	1803.74839283572	3129.30673509667	2528.29683738074	4118.60121764425	938.153286710176	293.453283258849	2820.55417387739	1386.05580791307	3445.93782718782	1382.15605623084	4119.6877578705	3470.49323345403	593.839089963007	4478.47186856139	2039.04364076339	3233.42487658981	965.451086367678	1548.17020066226	2849.61242785846	3125.72328158873	1564.33233199514	1385.94869306397	2104.85510342712	2020.86682922409	1512.81863295421	4519.00663817274	4268.645488207	1957.62885066091	2601.3625148424	291.296510111799	2867.81810779308	3712.03089102011	1417.78535744061	3138.33461276684	1202.81192246366	1294.97693610148	4443.11681712965	4716.70270710584	2686.39749294893	1123.8850191297	2904.26757594448	1335.1842381537	2092.98700331088	2093.07250350997	1083.11903030779	1131.63022625709	1857.22820196854	3060.9797983281	1996.25914362081	1441.92097370425	3217.99910076451	2570.15485225855	829.907405787467	1234.96331914284	3301.32984115354	296.69249990154	4572.78542002277	4303.88228368683	4413.07244535382	3961.02986291929	5523.11437334266	4686.89130373452	2605.75688690024	7086.06164768398	794.119985946371	2020.16403717887	1574.32351891096	802.629010381903	802.6730129428	360.16288514621	862.136696923312	2954.49721079574	6971.21116546394	1356.99685312027	1082.28052671528	1317.73559101699
1297.84298714354	2209.21604033589	649.405795059575	2061.86817745157	2298.39010177519	1717.27480916962	2071.86150224644	5659.847377221	4090.92210084763	1721.7888034437	4425.61499792718	649.788041789413	1711.4224594115	2830.91909367493	2368.14073938695	220.988803684771	181.940598818204	683.179626178511	0	747.156501774056	483.176277372554	355.548937025622	483.805942132246	954.491074110679	1120.56876665721	2446.12710891816	2591.86114758215	3435.42159146574	1066.03226766344	976.632909437361	2692.67519292413	702.876181734561	2762.75820100931	698.976430052329	3436.50813169199	3342.61425250077	1277.01871614152	3795.29224238288	2166.92262171666	2550.24525041129	616.467417119867	914.608002309117	2721.7334469052	2442.54365541022	1436.45335104188	702.769066885461	1640.33956378515	1337.68720304558	829.639006775699	3835.82701199423	3585.46586202849	2301.4226614363	1918.18288866389	974.47613629031	2739.93912683982	3839.90987197337	2100.96498361912	2455.15498658833	1074.9329415104	611.797309922971	3759.93719095114	4033.52308092733	2558.51851199567	996.006038176441	3587.44720212299	668.061954427427	1409.80737713237	2220.95148446324	955.240049354529	1259.50920721035	1729.34922101528	2377.80017214959	2523.868243284	2059.97700516609	2534.819474586	2698.03383321181	702.028424834206	1362.84230009611	2618.15021497503	979.872126080051	3889.60579384426	3822.43866524144	3729.89281917531	3833.15088196603	4839.93474716414	4559.01232278125	1922.57726072173	6958.18266673071	861.999852645545	1336.98441100036	1323.50965443991	347.531699525466	345.725464026233	723.74840271245	632.370785550939	2271.31758461722	6843.33218451068	1484.87583407353	954.401545762014	1445.61457197025
2044.9994889176	2956.37254210994	1396.56229683363	2809.02467922562	2380.87764056218	970.118307395563	1989.37396345945	6407.00387899506	4838.07860262169	2074.45709751571	4343.12745914019	1396.94454356347	964.265957637441	2748.43155488794	3115.29724116101	677.459339061917	714.343730598386	210.366519740248	747.156501774056	0	795.718229830122	417.339925776297	285.159657943161	1701.64757588474	1867.72526843127	3193.28361069222	2317.93031764049	4182.57809323979	1148.51980645042	456.231738023853	2610.18765413714	1450.03268350862	3509.91470278336	1446.13293182639	4183.66463346605	3260.12671371378	529.862214367462	4542.44874415693	2249.41016050364	3297.40175218535	1029.42796196322	1612.1470762578	2799.16724929257	3189.70015718428	1353.96581225489	1449.92556865952	2168.83197902267	2084.84370481964	1576.79550854976	4582.98351376828	4332.62236380254	1747.26233092066	2665.33939043795	454.271724531259	2887.42808671883	3922.39741076036	1353.80848184507	3202.31148836239	992.445402723409	1358.95381169703	4507.0936927252	4780.67958270138	2476.03097320868	913.518499389454	2840.29070034894	1399.16111374925	2156.96387890643	2303.43902325022	872.752510567542	1341.99674599733	1646.86168222829	3124.95667392364	1785.89262388056	1652.2874934445	3281.97597636005	2780.5213719988	723.297786284558	1445.32983888309	3365.30671674909	456.64208103552	4636.76229561831	4367.85915928238	4477.04932094937	3980.18506601432	5587.0912489382	4476.52478399427	2669.73376249578	6875.69512794373	944.487391432531	2084.14091277441	1638.30039450651	866.605885977447	866.649888538344	149.796365405962	926.113572518857	3018.47408639128	6760.8446457237	1567.36337286052	871.914006975028	1528.10211075724
1249.28125908748	2160.65431227982	600.84406700351	2013.3064493955	1815.21382440264	1765.83653722568	2555.03777961899	5611.28564916494	4042.36037279156	1278.73886768559	4908.79127529973	601.226313733347	1759.98418746756	3314.09537104748	2319.57901133088	704.165081057325	665.116876190758	731.741354234577	483.176277372554	795.718229830122	0	838.725214398176	850.823474102702	1208.33544097033	1182.75796779184	2397.5653808621	2883.59413380003	3386.85986340967	582.855990290883	1025.19463749343	3175.85147029668	654.314453678495	2714.19647295324	650.414701996263	3387.94640363592	3825.79052987332	1325.58044419758	3746.73051432681	1683.7463443441	2501.68352235523	1099.64369449242	1397.78427968167	3204.90972427775	2393.98192735415	1919.62962841443	654.207338829395	2123.5158411577	1289.12547498952	897.337723168715	3787.26528393816	3536.90413397242	2349.98438949236	1869.62116060783	1023.03786434638	3223.11540421237	3356.73359460082	2149.52671167519	2406.59325853227	1558.10921888295	609.039957774064	3711.37546289507	3984.96135287126	3041.69478936822	1479.182315549	3636.00893017906	1151.23823179998	1361.2456490763	1737.77520709068	1438.41632672708	776.332929837793	2212.52549838784	2329.23844409352	2572.42997134006	2108.53873322215	2486.25774652993	2214.85755583925	1185.20470220676	930.393757686654	2569.58848691896	1028.43385413612	3967.31674364154	4305.614942614	4171.98242799032	4316.32715933858	4791.37301910808	5042.18860015381	1874.01553266566	7441.35894410327	378.82357527299	1288.42268294429	1806.68593181247	830.707976898021	828.901741398788	772.310130768516	1115.54706292349	2222.75585656116	7326.50846188324	1001.69955670098	1437.57782313457	1328.14281017971
1627.6595631413	2539.03261633364	979.222371057334	2391.68475344933	2653.93903880081	1387.45823317186	1716.31256522081	5989.66395321876	4420.73867684539	2077.33774046932	4070.06606090155	979.604617787172	1381.60588341374	2475.37015664931	2697.95731538471	260.11941328562	297.003804822089	483.427917978883	355.548937025622	417.339925776297	838.725214398176	0	153.989366134487	1284.30765010844	1450.38534265497	2775.94368491592	2262.04457158439	3765.23816746349	1421.58120468906	729.293136262488	2337.12625589851	1032.69275773232	3092.57477700707	1028.79300605009	3766.32470768975	2987.06531547515	947.202140143759	4125.10881838064	2522.47155874228	2880.06182640905	612.088036186926	1194.80715048151	2381.82732351627	2772.36023140798	1080.90441401626	1032.58564288322	1751.49205324637	1667.50377904334	1159.45558277346	4165.64358799198	3915.28243802625	1971.60608543854	2247.99946466165	727.333122769894	2470.08816094253	4195.45880899899	1771.14840762136	2784.97156258609	719.384004484774	941.61388592073	4089.7537669489	4363.33965692509	2202.96957497005	640.457101150819	3257.63062612523	981.821187972949	1739.62395313013	2576.50042148886	599.691112328907	1615.05814423597	1373.80028398966	2707.61674814735	2194.05166728624	1925.34889168313	2864.63605058375	3053.58277023743	346.479487808584	1718.39123712173	2947.96679097279	729.703479274155	4219.42236984201	3950.51923350608	4059.70939517307	3562.84514023803	5169.7513231619	4203.46338575563	2252.39383671949	6602.63372970509	1217.54878967117	1666.80098699811	1220.96046873021	449.265960201151	449.309962762048	393.931826714691	508.77364674256	2601.13416061498	6487.78324748506	1840.42477109915	598.852608736393	1801.16350899587
1781.64892927579	2693.02198246813	1133.21173719182	2545.67411958381	2666.03729850534	1233.46886703737	1704.21430551629	6143.65331935325	4574.72804297988	2089.43600017385	4057.96780119703	1133.59398392166	1227.61651727925	2463.27189694478	2851.9466815192	414.108779420107	450.993170956576	495.526177683409	483.805942132246	285.159657943161	850.823474102702	153.989366134487	0	1438.29701624293	1604.37470878946	2929.93305105041	2108.0552054499	3919.22753359798	1433.67946439359	741.391395967014	2325.02799619398	1186.68212386681	3246.56414314155	1182.78237218458	3920.31407382424	2974.96705577062	793.212774009272	4279.09818451512	2534.5698184468	3034.05119254354	766.077402321413	1348.79651661599	2535.81668965076	2926.34959754247	1068.80615431173	1186.57500901771	1905.48141938086	1821.49314517783	1313.44494890795	4319.63295412647	4069.27180416073	1817.61671930405	2401.98883079614	739.43138247442	2624.07752707702	4207.55706870352	1617.15904148688	2938.96092872058	707.285744780247	1095.60325205522	4243.74313308339	4517.32902305957	2190.87131526552	628.358841446293	3103.64125999075	1135.81055410744	1893.61331926462	2588.59868119338	587.592852624381	1627.1564039405	1361.70202428513	2861.60611428183	2040.06230115175	1937.44715138766	3018.62541671824	3065.68102994196	459.947226642749	1730.48949682625	3101.95615710728	741.801738978681	4373.4117359765	4104.50859964057	4213.69876130756	3716.83450637252	5323.74068929639	4191.36512605111	2406.38320285398	6590.53547000057	1229.64704937569	1820.7903531326	1374.9498348647	603.255326335638	603.299328896535	239.942460580204	662.763012877047	2755.12352674947	6475.68498778053	1852.52303080368	586.754349031866	1813.2617687004
