0	827.169028088176	927.18254333292	1706.36525547755	3947.40210765072	1197.25558277647	225.307165915573	218.806838756766	1335.98956184501	1803.2738720337	1069.79077652332	2081.19015711544	2338.9070336025	1765.36312458565	1192.48376938123	4350.38276865993	259.932408159621	2603.12709036653	228.547472787928	2648.47336960319	2123.26287110909	3622.57721137352	1025.42459125531	2604.17432885278	2008.2906640944	2253.97117849524	1043.82860059073	2606.02054388145	2374.68398691877	2326.92753039504	2152.88913734002	2108.62579551106	2240.87961639519	3693.28775076353	2485.72058389315	1841.85833214139	1367.75784341395	2937.76719846927	1913.42401228167	2480.84875683371	4220.5111787768	441.788598072765	2014.85021183846	1666.85053939831	4682.58748010263	2488.69400237662	5285.45040736789	4703.50562776427	4441.91586457812	4603.86425939446	598.90122131948	813.977106042073	2010.15981304114	1433.13686153717	3003.25922334307	3770.03002506238	5116.44228286826	4939.23468245765	5126.4848768081	5359.45102834778	5101.80168040097	5195.06285645723	4980.83704155648	4947.34664993344	5565.34790156871	5391.85491798574	5506.36902583992	5002.72827465571	6402.03549888755	4983.58078720264	4147.98974480887	1464.94577079763	1849.9969335084	816.781246812427	3656.79039161364	3496.05821829713	1941.1899729118	4054.57855626553	1621.05398943663	1626.26047079268	759.06434431947	1995.02908439393	2691.68208775136	731.516484766428	4116.68062882817	5230.45621172453	4111.28373384235	4681.49212307612	1844.15769149942	5865.93158193423	4680.7381816445	5164.95905092145	1341.14582892462	1731.68079855532	5262.18591631151	2449.7885545889	2445.20206080452	3261.22171499995	4688.60618577766	3841.97614257801
827.169028088176	0	164.989952605607	879.196227389374	3331.61519003466	963.748657191738	841.094083531641	608.36218933141	705.32083469214	2630.44290012187	1880.59677226097	2908.35918520362	1723.12011598643	2592.53215267383	1808.27068699729	3734.59585104386	586.079740450043	1987.34017275046	844.334390403996	1821.30434151502	2950.43189919727	3006.79029375745	680.020716506633	1988.38741123671	2721.93660773122	3081.14020658341	1201.29351855366	3433.18957196962	3201.85301500694	3154.09655848322	2980.0581654282	2724.41271312713	3068.04864448337	4309.0746683796	1869.93366627708	2669.02736022957	2192.74054933876	3553.55411608534	2740.59304036985	3308.01778492188	4836.29809639286	471.408472686017	1952.52366788401	1051.06362178224	5509.75650819081	1872.90708476055	6112.61943545606	5530.67465585244	5269.0848926663	5431.03328748264	228.267806768696	1641.14613413025	2723.88385687053	817.349943921106	3830.42825143125	4595.36746050872	5943.61131095643	5766.40371054582	5953.65390489627	6186.62005643595	5928.97070848915	6022.23188454541	5808.00606964466	5774.51567802162	6392.51692965688	6219.02394607392	6333.53805392809	5829.89730274389	7229.20452697573	5810.74981529082	3532.2028271928	2292.11479888581	2465.78385112447	1643.9502749006	3407.02974214191	3493.59919653273	2768.35900099998	3438.79163864946	934.861585140971	932.842975037534	1586.23337240765	2822.19811248211	3518.85111583953	1518.95920023995	3500.8937112121	4614.66929410846	3495.49681622628	5508.6611511643	2671.3267195876	5250.14466431816	5296.52509926057	4549.17213330539	702.837431246499	2347.46771617139	4646.39899869544	3065.57547220497	2817.35020886297	2725.0231241406	4072.81926816159	4669.14517066619
927.18254333292	164.989952605607	0	779.182712144629	3166.62523742905	1063.76217243648	1006.08403613725	708.375704576154	540.330882086533	2730.45641536662	1980.61028750572	3008.37270044836	1558.13016338083	2692.54566791857	1973.2606396029	3569.60589843825	751.069693055651	1822.35022014485	1009.3243430096	1721.29082627027	3050.44541444201	2841.80034115184	780.034231751377	1823.3974586311	2821.95012297596	3181.15372182816	1301.3070337984	3533.20308721437	3301.86653025169	3254.11007372796	3080.07168067294	2889.40266573273	3168.06215972811	4474.06462098521	1704.94371367147	2769.04087547431	2292.75406458351	3718.54406869094	2840.60655561459	3408.03130016663	5001.28804899847	636.398425291624	2052.53718312875	886.073669176636	5609.77002343555	1707.91713215494	6212.63295070081	5630.68817109719	5369.09840791104	5531.04680272738	355.35065032506	1741.15964937499	2823.89737211528	727.179788894748	3930.44176667599	4695.38097575347	6043.62482620118	5866.41722579056	6053.66742014102	6286.6335716807	6028.98422373389	6122.24539979015	5908.0195848894	5874.52919326636	6492.53044490163	6319.03746131866	6433.55156917284	5929.91081798863	7329.21804222047	5910.76333053556	3367.21287458719	2392.12831413055	2630.77380373008	1743.96379014535	3507.04325738665	3593.61271177748	2868.37251624472	3273.80168604385	769.871632535364	767.853022431927	1686.24688765239	2922.21162772685	3618.86463108428	1618.97271548469	3335.90375860649	4449.67934150285	3330.50686362067	5608.67466640904	2771.34023483234	5085.15471171256	5461.51505186617	4384.18218069978	537.847478640892	2512.457668777	4481.40904608983	3230.56542481057	2917.36372410771	2825.03663938534	3907.82931555598	4769.15868591093
1706.36525547755	879.196227389374	779.182712144629	0	2783.60584207333	1842.94488458111	1720.18024378549	1487.55841672078	370.375693632538	3509.63912751125	2759.79299965035	3787.55541259299	1397.59525271299	3471.7283800632	2356.28003495862	3186.58650308253	1446.43284731793	1439.33082478913	1716.337988962	1238.68190727458	3829.62812658664	2982.20194446353	1559.21694389601	1440.37806327538	3601.13283512059	3960.33643397279	2080.48974594303	4312.385799359	4081.04924239632	4033.29278587259	3859.25439281757	3563.13559347959	3947.24487187274	4857.08401634092	1321.92431831576	3548.22358761894	3071.93677672814	4101.56346404666	3619.78926775922	4187.21401231126	5384.30744435419	1264.57665740478	2831.71989527338	503.054273820919	6388.95273558018	1324.89773679922	6991.81566284544	6409.87088324182	6148.28112005567	6310.22951487201	1107.46403415807	2520.34236151962	3603.08008425991	1506.36250103938	4709.62447882062	5474.5636878981	6822.80753834581	6645.59993793519	6832.85013228565	7065.81628382532	6808.16693587852	6901.42811193478	6687.20229703403	6653.71190541099	7271.71315704625	7098.22017346329	7212.73428131746	6709.09353013326	8108.4007543651	6689.94604268019	2984.19347923147	3171.31102627518	3013.7931990858	2523.14650228998	4286.22596953128	4372.79542392211	3647.55522838935	2890.78229068813	386.852237179647	384.83362707621	2465.42959979702	3701.39433987148	4398.04734322891	2398.15542762932	3069.39656904039	4066.65994614713	2947.48746826495	6387.85737855367	3550.52294697697	4702.13531635684	5844.53444722189	4892.76762956749	365.219426552931	2895.47706413272	5101.44329716226	3756.95955342648	3696.54643625234	3604.21935152997	3524.80992020027	5548.34139805556
3947.40210765072	3331.61519003466	3166.62523742905	2783.60584207333	0	2750.14652487426	4172.7092735663	3798.74117126254	2626.29435534252	5054.37219266062	5017.19288417405	4490.68573558892	1608.49507404822	4564.63005394588	5139.88587703195	893.672757497385	3917.6949304847	1616.34788635852	4175.94958043865	4022.28774934791	3190.85837162995	489.701987618453	2921.97751639541	1611.97475591327	1939.11144355633	3405.45940163281	2903.57350705999	6151.18238326468	6047.62919913118	5687.1910440089	5913.94376572101	6056.02790316178	5363.56745544503	7640.68985841425	1661.0682007138	3127.57096117236	2579.64426423678	6885.16930611999	4359.47739998636	2573.47473003449	8167.91328642752	3803.02366272067	1932.55189581226	2328.48547767821	3896.45277873511	1651.42276660571	4499.31570600036	3917.37092639674	3655.7811632106	3817.72955802694	3521.97588775411	3752.56459958492	1937.24229460959	2514.26524611355	5911.26380848526	2982.06373105302	4330.30758150073	4153.09998109012	4340.35017544058	4573.31632698025	4315.66697903345	4408.92815508971	4194.70234018896	4161.21194856592	4779.21320020118	4605.72021661822	4720.23432447239	4216.59357328819	5615.90079752003	4197.44608583512	2822.09895059055	4382.6522813279	5797.39904115913	3748.67714371373	1793.72601268621	1880.29546707703	2033.89987303411	107.176448614802	2407.18869080416	2412.39517216021	4051.45198530009	2118.55396890802	4254.85733864703	3215.8856228843	576.896612195319	1283.0541040738	176.298636668927	3895.3574217086	3124.02039641314	1918.52947428351	8628.14028929522	2400.26767272242	2628.77775878816	5679.08290620605	2608.94334031719	6397.19066223962	1502.2000468462	1111.7193946849	741.204078126935	3342.04035977906
1197.25558277647	963.748657191738	1063.76217243648	1842.94488458111	2750.14652487426	0	1422.56274869204	1048.59464638828	1472.56919094857	2304.22566778636	2267.04635929979	1944.61052801188	1141.65145082603	1814.48352907162	2389.73935215769	3153.12718588346	1167.54840561044	1405.87150759006	1425.8030555644	2785.05299870675	1986.68324200553	2425.32162859705	283.727940685105	1406.91874607631	1758.18795053948	2117.39154939167	237.544861361919	3401.03585839042	3297.48267425692	2937.04451913464	3163.79724084675	3305.88137828753	2613.42093057077	4890.54333354	1288.46500111668	1705.27870303783	1228.99189214703	4135.02278124574	1776.84438317811	2344.26912773015	5417.76676155326	1052.87713784642	988.775010692267	1678.93040541424	4546.00785099907	1291.43841960015	5148.87077826433	4566.9259986607	4305.33623547456	4467.2846302909	771.829362879852	1002.41807471066	1760.13519967879	336.582383541734	3161.117283611	3631.61880331699	4979.8626537647	4802.65505335408	4989.90524770454	5222.87139924421	4965.22205129741	5058.48322735367	4844.25741245292	4810.76702082988	5428.76827246514	5255.27528888218	5369.78939673635	4866.14864555215	6265.45586978399	4847.00115809908	2950.7341620324	1632.50575645365	3047.25251628487	998.53061883947	2459.53480883717	2529.850539341	1804.61034380824	2857.32297348906	1757.6336185402	1762.84009989624	1301.30546042583	1858.44945529037	2555.1024586478	555.210543048211	2919.4250460517	4033.20062894806	2914.02815106588	4544.91249397256	1707.57806239586	4668.67599915777	5877.99376442096	3967.70346814499	1477.72545802818	2928.93638133179	4064.93033353504	3647.04413736537	1853.60155167123	2063.96613222349	3491.35060300119	3705.39651347445
225.307165915573	841.094083531641	1006.08403613725	1720.18024378549	4172.7092735663	1422.56274869204	0	373.968102303757	1546.41491822378	1789.45888372576	1039.61275586485	2067.3751688075	2564.21419951807	1751.54813627771	967.176603465654	4575.6899345755	273.747396467564	2828.4342562821	3.84225482349299	2662.28835791113	2109.44788280115	3847.88437728909	1250.73175717088	2829.48149476835	2233.59783000997	2240.15619018729	1269.13576650631	2592.2055555735	2360.86899861082	2313.1125420871	2139.07414903208	1883.31862959549	2227.06462808725	3467.98058484796	2711.02774980872	1828.04334383345	1593.06500932952	2712.4600325537	1899.60902397373	2467.03376852577	3995.20401286122	455.603586380708	2240.15737775404	1892.15770531388	4668.77249179469	2714.00116829219	5271.63541905994	4689.69063945632	4428.10087627018	4590.04927108652	650.733385812188	800.16211773413	2235.46697895671	1658.44402745275	2989.44423503513	3995.33719097795	5102.62729456032	4925.4196941497	5112.66988850016	5345.63604003983	5087.98669209303	5181.24786814929	4967.02205324854	4933.5316616255	5551.53291326076	5378.0399296778	5492.55403753197	4988.91328634777	6388.22051057961	4969.7657988947	4373.29691072444	1451.13078248969	1624.68976759283	802.966258504484	3882.09755752921	3721.3653842127	2138.80940053219	4279.8857221811	1775.95566867261	1773.93705856918	745.249356011527	2054.15530465828	2677.86709944342	956.823650682001	4341.98779474374	5455.7633776401	4336.59089975792	4667.67713476818	1830.34270319148	6091.23874784981	4455.43101572892	5390.26621683703	1543.93151477814	1506.37363263975	5487.49308222708	2224.48138867333	2670.50922672009	3486.52888091553	4913.91335169323	3828.16115427007
218.806838756766	608.36218933141	708.375704576154	1487.55841672078	3798.74117126254	1048.59464638828	373.968102303757	0	1172.44681592002	2022.08071079046	1272.23458292956	2299.99699587221	2190.24609721432	1984.16996334242	1341.14470576941	4201.72183227174	118.953759222159	2454.46615397834	377.208409176112	2429.66653084643	2342.06970986586	3473.91627498533	876.763654867126	2455.51339246459	2113.57441839981	2472.778017252	895.16766420255	2824.82738263821	2593.49082567553	2545.73436915181	2371.69597609679	2257.28673189924	2459.68645515196	3841.94868715171	2337.05964750496	2060.66517089816	1584.37836000735	3086.42813485745	2132.23085103844	2699.65559559047	4369.17211516498	222.981759315999	1866.18927545028	1518.18960301013	4901.39431885939	2340.03306598843	5504.25724612465	4922.31246652103	4660.72270333489	4822.67109815123	380.094382562714	1032.78394479884	2115.52166753912	1284.47592514899	3222.06606209984	3987.00527117731	5335.24912162502	5158.04152121441	5345.29171556486	5578.25786710454	5320.60851915774	5413.869695214	5199.64388031325	5166.15348869021	5784.15474032547	5610.66175674251	5725.17586459668	5221.53511341248	6620.84233764432	5202.38762595941	3999.32880842068	1683.7526095544	1998.65786989659	1035.58808556919	3508.12945522545	3347.39728190894	2159.99681166857	3905.91761987734	1402.24715067987	1407.45363203592	977.871183076236	2213.8359231507	2910.48892650812	910.597010908539	3968.01969243998	5081.79527533634	3962.62279745416	4900.29896183289	2062.96453025619	5717.27064554605	4829.39911803268	5016.29811453327	1169.96341247438	1880.34173494351	5113.52497992333	2598.44949097708	2296.54112441634	3112.56077861177	4539.94524938948	4060.78298133478
1335.98956184501	705.32083469214	540.330882086533	370.375693632538	2626.29435534252	1472.56919094857	1546.41491822378	1172.44681592002	0	3139.26343387871	2390.89852883153	3417.17971896046	1027.21955908045	3101.35268643066	2513.59152168944	3029.27501635172	1291.40057514218	1282.01933805832	1549.65522509614	1395.99339400539	3459.2524329541	2611.82625083099	1188.84125026347	1283.06657654457	3230.75714148805	3589.96074034025	1710.11405231049	3942.01010572646	3710.67354876378	3662.91709224006	3488.87869918503	3429.73354781927	3576.8691782402	5014.39550307174	1164.61283158494	3177.84789398641	2701.5610830956	4258.87495077748	3249.41357412668	3816.83831867872	5541.61893108501	1176.72930737816	2461.34420164084	345.742787090103	6018.57704194764	1167.58625006841	6621.4399692129	6039.49518960928	5777.90542642313	5939.85382123948	895.681532411593	2149.96666788708	3232.70439062737	1135.98680740684	4339.24878518809	5104.18799426556	6452.43184471327	6275.22424430266	6462.47443865311	6695.44059019279	6437.79124224598	6531.05241830224	6316.82660340149	6283.33621177845	6901.33746341372	6727.84447983075	6842.35858768493	6338.71783650072	7738.02506073256	6319.57034904765	2826.88199250066	2800.93533264264	3171.10468581661	2152.77080865744	3915.85027589874	4002.41973028957	3277.17953475681	2733.47080395732	285.064427591622	290.27090894767	2095.05390616448	3331.01864623894	4027.67164959637	2027.77973399678	2795.57287651996	3909.34845941632	2790.17598153414	6017.48168492113	3180.14725334443	4544.82382962602	6001.8459339527	4522.39193593496	5.15626707960701	3052.78855086353	4731.06760352972	3770.89630689711	3326.1707426198	3233.84365789743	3367.49843346945	5177.96570442302
1803.2738720337	2630.44290012187	2730.45641536662	3509.63912751125	5054.37219266062	2304.22566778636	1789.45888372576	2022.08071079046	3139.26343387871	0	749.846127860903	563.686457071698	3445.87711861239	489.742138714736	2394.54697233844	5457.35285366982	2063.20628019332	3710.09717537642	1793.30113854925	4451.74724163689	1863.51382103067	4729.54729638341	2132.3946762652	3711.14441386267	3115.26074910429	1648.9127910278	2150.79868560063	1096.81019060406	993.257006470559	632.818851348282	859.571573060388	1001.65571050117	437.605744361494	2586.31766575364	3592.69066890304	1926.80123148826	2474.72792842384	1830.79711345938	694.894792674258	2480.89746262613	3113.5410937669	2245.06247010646	3121.82029684836	3345.62464834438	3185.34033362135	3595.66408738651	3482.17653533419	2900.23175573057	2638.64199254442	2800.59038736077	2402.17509335318	1301.8075930757	3117.12989805103	2540.10694654707	1199.98535130938	4877.00011007227	3394.12923349839	3626.38523122175	3711.29861317643	3556.17715631408	4222.17179847977	3442.69491991591	3720.50236872935	3474.54874014831	3762.07402953501	3588.58104595204	3703.09515380622	3665.97866620085	4598.76162685385	5841.19054950327	5254.95982981876	671.719911332713	941.700203191676	1305.69504894689	4763.76047662353	4603.02830330702	3020.47231962651	5161.54864127542	3424.32786147033	3429.53434282638	1044.20952771423	2935.8182237526	888.40821571766	1838.48656977632	5223.65071383806	6337.42629673442	5218.25381885224	3189.30115939295	1930.35179624748	6972.90166694412	3573.7680966346	6271.92913593135	3144.41970095832	2197.70740712909	6369.1560013214	1342.81846957901	3552.17214581441	4368.19180000984	5795.57627078755	2038.70227054431
1069.79077652332	1880.59677226097	1980.61028750572	2759.79299965035	5017.19288417405	2267.04635929979	1039.61275586485	1272.23458292956	2390.89852883153	749.846127860903	0	1027.76241294265	3408.69781012582	711.935380412856	1644.70084447754	5420.17354518325	1313.36015233242	3672.91786688985	1043.45501068835	3701.90111377599	1826.3345125441	4692.36798789684	2095.21536777863	3673.9651053761	3078.08144061772	1611.73348254123	2113.61937711406	1552.59279970865	1321.25624274597	1273.49978622225	1099.46139316723	1038.83501898774	1187.4518722224	2623.49697424021	3555.51136041647	1889.62192300169	2437.54861993727	1867.97642194595	859.996268108876	2443.71815413956	3150.72040225348	1495.21634224556	3084.64098836179	2736.64131592163	3629.15973592983	3558.48477889994	4232.02266319509	3650.07788359147	3388.48812040533	3550.43651522167	1652.32896549228	1264.62828458913	3079.95058956446	2502.9276380605	1949.83147917028	4839.8208015857	4063.01453869546	3885.80693828485	4073.0571326353	4306.02328417498	4184.9924899932	4141.63511228444	3927.40929738369	3893.91890576065	4511.92015739591	4338.42717381295	4452.94128166712	3949.30053048292	5348.60775471475	5804.0112410167	5217.78052133219	634.540602846143	780.206156985082	1268.51574046032	4726.58116813696	4565.84899482045	2983.29301113994	5124.36933278885	2674.48173360943	2679.68821496548	965.740898873961	2898.63891526603	1638.25434357856	1801.30726128975	5186.47140535149	6300.24698824785	5181.07451036567	3628.06437890333	1893.17248776091	6935.72235845755	3610.94740512117	6234.74982744478	2394.57357309741	1447.86127926818	6331.97669283483	1379.99777806558	3514.99283732784	4331.01249152327	5758.39696230098	2788.54839840521
2081.19015711544	2908.35918520362	3008.37270044836	3787.55541259299	4490.68573558892	1944.61052801188	2067.3751688075	2299.99699587221	3417.17971896046	563.686457071698	1027.76241294265	0	2882.1906615407	315.827032529793	2672.46325742019	4893.66639659812	2341.12256527507	3146.41071830472	2071.21742363099	4729.66352671864	1299.82736395897	4165.86083931171	2228.33846869699	3147.45795679097	2551.57429203259	1085.22633395611	1707.06566664996	1660.49664767576	1556.94346354226	1196.50530841998	1423.25803013209	1565.34216757287	872.881719856111	3150.00412282534	3029.00421183134	1363.11477441656	1911.04147135214	2394.48357053108	167.766144833773	1917.21100555443	3677.2275508386	2522.97875518821	2558.13383977666	3623.54093342613	2621.65387654965	3031.97763031481	3204.26025025244	2622.31547064882	2360.72570746268	2522.67410227902	2680.09137843492	1267.21305107337	2553.44344097933	2281.19291155362	1420.57807289634	4313.31365300058	3035.25212575281	3062.69877415005	3147.61215610473	3278.26087123233	3658.48534140807	3113.87269934179	3156.81591165766	2910.86228307661	3484.15774445326	3310.6647608703	3425.17886872447	3102.29220912915	4320.84534177211	5277.50409243157	4691.27337274706	616.244386317813	1306.71330557021	1264.40891030302	4200.07401955183	4039.34184623532	2456.78586255481	4597.86218420372	3702.24414655208	3707.45062790813	1322.12581279597	2372.1317666809	610.491930635914	1389.39998496367	4659.96425676636	5773.73983966272	4654.56736178054	2625.61470232125	1366.66533917578	6409.21520987243	4137.4545537063	5708.24267885965	3422.33598604006	2475.62369221083	5805.4695442497	1906.50492665071	2988.48568874271	3804.50534293815	5231.88981371585	1760.78598546257
2338.9070336025	1723.12011598643	1558.13016338083	1397.59525271299	1608.49507404822	1141.65145082603	2564.21419951807	2190.24609721432	1027.21955908045	3445.87711861239	3408.69781012582	2882.1906615407	0	2956.13497989766	3531.39080298373	2011.47573505742	2309.19985643648	521.443182226434	2567.45450639043	2413.79267529969	2432.03287387365	1584.60669175054	1313.48244234719	517.070051781189	2203.5375824076	2562.7411812598	1295.07843301177	4542.68730921646	4439.13412508295	4078.69596996068	4305.44869167278	4447.53282911356	3755.07238139681	6032.19478436603	566.163496581715	2150.62833490596	1674.34152401515	5276.67423207177	2750.98232593814	2789.61875959827	6559.4182123793	2194.52858867245	1434.12464256039	1233.58077354612	4991.35748286719	556.518062473625	5594.22041013245	5012.27563052883	4750.68586734268	4912.63426215903	1913.48081370589	2144.0695255367	2205.48483154692	905.770172065327	4302.76873443703	4076.96843518511	5425.21228563282	5248.00468522221	5435.25487957266	5668.22103111234	5410.57168316553	5503.83285922179	5289.60704432104	5256.11665269801	5874.11790433327	5700.6249207503	5815.13902860448	5311.49827742027	6710.80550165211	5292.3507899672	1809.08271120637	2774.15720727968	4188.90396711091	2140.1820696655	2888.63071681829	2975.20017120912	2249.95997567636	1715.67152266302	1312.28398667207	1317.49046802812	2442.95691125186	2303.79908715849	3000.45209051592	1607.39054883607	1777.77359522566	2891.54917812202	1772.37670023984	4990.26212584068	2152.92769426398	3527.02454833173	7019.645215247	3495.17237685451	1032.37582616006	4070.58783215782	3703.84804444927	4788.6955881914	2298.95118353935	2206.62409881698	2349.69915217516	4150.74614534257
1765.36312458565	2592.53215267383	2692.54566791857	3471.7283800632	4564.63005394588	1814.48352907162	1751.54813627771	1984.16996334242	3101.35268643066	489.742138714736	711.935380412856	315.827032529793	2956.13497989766	0	2356.6362248904	4967.61071495508	2025.29553274527	3220.35503666168	1755.3903911012	4413.83649418884	1373.77168231593	4239.80515766867	1912.51143616719	3221.40227514793	2625.51861038955	1159.17065231307	1661.05654688589	1586.5523293188	1482.99914518529	1122.56099006302	1349.31371177512	1491.3978492159	798.937401499148	3076.05980446837	3102.9485301883	1437.05909277352	1984.9857897091	2320.53925217411	205.152653959522	1991.15532391139	3603.28323248164	2207.15172265842	2632.07815813362	3307.71390089633	2917.22435551698	3105.92194867177	3520.08728278224	2938.14250317862	2676.55273999247	2838.50113480881	2364.26434590513	951.386018543578	2627.38775933629	2050.36480783233	1346.63375453938	4387.25797135754	3351.07915828261	3173.87155787199	3361.12175222245	3594.08790376212	3732.42965976503	3429.69973187158	3230.76023001462	3181.98352534779	3799.98477698305	3626.49179340009	3741.00590125426	3237.36515007006	4636.6723743019	5351.44841078853	4765.21769110402	300.41735378802	1232.76898721325	948.581877773225	4274.01833790879	4113.28616459228	2530.73018091177	4671.80650256068	3386.41711402228	3391.62359537833	1006.29878026618	2446.07608503786	926.318963165707	1348.74443106158	4733.90857512332	5847.68415801968	4728.5116801375	2916.12899849047	1440.60965753274	6483.15952822939	4063.51023534934	5782.18699721661	3106.50895351027	2159.79665968104	5879.41386260667	1832.56060829374	3062.43000709968	3878.44966129511	5305.83413207282	2076.61301799236
1192.48376938123	1808.27068699729	1973.2606396029	2356.28003495862	5139.88587703195	2389.73935215769	967.176603465654	1341.14470576941	2513.59152168944	2394.54697233844	1644.70084447754	2672.46325742019	3531.39080298373	2356.6362248904	0	5542.86653804115	1222.19094654725	3795.61085974775	963.936296593299	2057.20026929845	2714.53597141384	4815.06098075474	2217.90836063654	3796.658098234	3200.77443347563	2845.24427879998	2236.31236997196	3197.29364418619	2965.95708722351	2918.20063069979	2744.16223764477	2448.04343830678	2832.15271669994	2500.8039813823	3678.20435327437	2433.13143244614	2560.24161279518	1745.28342908804	2504.69711258642	3072.12185713845	3877.44403748116	1336.86221431128	3207.33398121969	2859.33430877954	5273.86058040737	3681.17777175784	5876.72350767263	5294.77872806901	5033.18896488287	5195.13735969921	1617.90998927784	1405.25020634682	3202.64358242236	2625.6206309184	3594.53232364782	4962.51379444361	5707.715383173	5530.50778276239	5717.75797711284	5950.72412865252	5693.07478070572	5786.33595676198	5572.11014186123	5538.61975023819	6156.62100187345	5983.12801829049	6097.64212614466	5594.00137496046	6993.3085991923	5926.7042338746	5340.47351419009	2056.21887110238	1452.84676914677	1408.05434711717	4849.27416099487	4688.54198767835	3105.98600399784	5247.06232564675	2743.13227213827	2741.11366203483	1350.33744462422	3021.33190812393	3282.9551880561	1924.00025414765	5309.16439820939	6422.93998110575	5303.76750322357	5272.76522338086	2435.43079180417	7058.41535131546	3488.25441226327	6357.44282030268	2511.10811824379	539.197029174096	6454.66968569274	2641.86739825367	3637.68583018575	4453.70548438118	5881.08995515889	4433.24924288276
4350.38276865993	3734.59585104386	3569.60589843825	3186.58650308253	893.672757497385	3153.12718588346	4575.6899345755	4201.72183227174	3029.27501635172	5457.35285366982	5420.17354518325	4893.66639659812	2011.47573505742	4967.61071495508	5542.86653804115	0	4320.6755914939	1747.2556782934	4578.93024144785	4425.26841035711	3593.83903263915	1383.37474511584	3324.95817740461	1746.20843980715	2342.09210456553	3808.44006264201	3306.55416806919	6554.16304427388	6450.60986014038	6090.1717050181	6316.92442673021	6459.00856417098	5766.54811645423	8043.67051942345	1864.66218476678	3530.55162218156	2982.62492524598	7288.14996712919	4762.45806099556	2976.45539104369	8570.89394743672	4206.00432372987	2335.53255682146	2683.53222926161	4790.12553623249	1861.68876628331	5392.98846349775	4811.04368389413	4549.45392070798	4711.40231552433	3924.95654876331	4155.54526059412	2340.22295561879	2917.24590712275	6314.24446949446	3875.73648855041	5223.98033899812	5046.77273858751	5234.02293293796	5466.98908447764	5209.33973653083	5302.6009125871	5088.37509768634	5054.8847060633	5672.88595769857	5499.3929741156	5613.90708196978	5110.26633078557	6509.57355501741	5091.1188433325	1928.42619309316	4785.6329423371	6200.37970216833	4151.65780472293	2687.39877018359	2773.96822457442	2436.88053404331	826.186457232797	2799.73426590289	2801.75287600632	4454.43264630929	2521.53462991722	4657.83799965623	3618.8662838935	1470.5693696927	1208.82913347138	717.374120828458	4789.03017920598	3527.00105742234	1515.54881327431	9031.12095030442	3293.94043021981	3031.75841979736	6082.06356721525	3502.61609781457	6800.17132324882	2097.71923690465	2005.39215218228	1034.58582649206	3949.51419870787
259.932408159621	586.079740450043	751.069693055651	1446.43284731793	3917.6949304847	1167.54840561044	273.747396467564	118.953759222159	1291.40057514218	2063.20628019332	1313.36015233242	2341.12256527507	2309.19985643648	2025.29553274527	1222.19094654725	4320.6755914939	0	2573.4199132005	269.905141644071	2388.54096144357	2383.19527926871	3592.87003420749	995.717414089286	2574.46715168675	2154.69998780266	2513.90358665486	1014.12142342471	2865.95295204107	2634.61639507839	2586.85993855466	2412.82154549964	2138.33297267708	2500.81202455481	3722.99492792955	2456.01340672712	2101.79074030102	1625.50392941021	2967.47437563529	2173.35642044129	2740.78116499333	4250.21835594282	181.856189913144	1985.14303467244	1637.14336223229	4942.51988826225	2458.98682521059	5545.38281552751	4963.43803592389	4701.84827273774	4863.79666755409	395.719042730591	1073.90951420169	2156.64723694198	1403.42968437115	3263.19163150269	4028.13084058017	5376.37469102788	5199.16709061727	5386.41728496772	5619.3834365074	5361.73408856059	5454.99526461685	5240.7694497161	5207.27905809307	5825.28030972833	5651.78732614536	5766.30143399954	5262.66068281533	6661.96790704717	5243.51319536226	4118.28256764284	1724.87817895725	1879.70411067443	1076.71365497205	3627.08321444761	3466.3510411311	2201.12238107142	4024.8713790995	1520.94132559101	1518.92271548758	1018.99675247909	2254.96149255355	2951.61449591098	951.722580311394	4086.97345166214	5200.7490345585	4081.57655667632	4941.42453123574	2104.09009965904	5836.22440476821	4710.44535881052	5135.25187375543	1288.91717169654	1761.38797572135	5232.47873914548	2479.49573175492	2415.4948836385	3231.51453783393	4658.89900861163	4101.90855073763
2603.12709036653	1987.34017275046	1822.35022014485	1439.33082478913	1616.34788635852	1405.87150759006	2828.4342562821	2454.46615397834	1282.01933805832	3710.09717537642	3672.91786688985	3146.41071830472	521.443182226434	3220.35503666168	3795.61085974775	1747.2556782934	2573.4199132005	0	2831.67456315445	2678.01273206371	2953.47605610009	2106.04987397697	1577.70249911122	4.37313044524501	2724.98076463404	3084.18436348623	1559.29848977579	4806.90736598048	4703.35418184698	4342.9160267247	4569.66874843681	4711.75288587758	4019.29243816083	6296.41484113006	117.406506473379	2672.07151713239	2195.78470624158	5540.8942888358	3015.20238270216	3311.0619418247	6823.63826914332	2458.74864543648	1955.56782478682	936.276550968215	5512.80066509362	114.43308798991	6115.66359235888	5533.71881275526	5272.12904956912	5434.07744438546	2177.70087046991	2408.28958230072	2726.92801377335	1169.99022882935	4566.98879120106	4598.41161741154	5946.65546785925	5769.44786744864	5956.69806179909	6189.66421333877	5932.01486539197	6025.27604144823	5811.05022654748	5777.55983492444	6395.5610865597	6222.06810297674	6336.58221083091	5832.94145964671	7232.24868387855	5813.79397219364	1544.86265444234	3038.37726404371	4453.12402387493	2404.40212642953	3410.07389904472	3496.64335343555	2771.4031579028	1548.86158609393	1052.47858760949	1054.49719771292	2707.17696801589	2825.24226938493	3521.89527274235	1871.6106056001	2193.24449855384	2627.329121358	1508.15664347582	5511.70530806712	2674.37087649042	3262.80449156771	7283.86527201102	4016.61555908094	1284.50274150396	4334.80788892185	4225.29122667571	5052.91564495543	2820.39436576579	2728.06728104342	2085.47909541113	4672.189327569
228.547472787928	844.334390403996	1009.3243430096	1716.337988962	4175.94958043865	1425.8030555644	3.84225482349299	377.208409176112	1549.65522509614	1793.30113854925	1043.45501068835	2071.21742363099	2567.45450639043	1755.3903911012	963.936296593299	4578.93024144785	269.905141644071	2831.67456315445	0	2658.44610308764	2113.29013762464	3851.12468416144	1253.97206404324	2832.7218016407	2236.83813688233	2243.99844501079	1272.37607337866	2596.047810397	2364.71125343432	2316.95479691059	2142.91640385557	1880.07832272313	2230.90688291074	3464.7402779756	2714.26805668108	1831.88559865694	1596.30531620188	2709.21972568134	1903.45127879722	2470.87602334926	3991.96370598887	451.761331557215	2243.39768462639	1895.39801218624	4672.61474661818	2717.24147516455	5275.47767388344	4693.53289427982	4431.94313109367	4593.89152591001	653.973692684544	804.004372557623	2238.70728582907	1661.6843343251	2993.28648985862	3998.57749785031	5106.46954938381	4929.2619489732	5116.51214332365	5349.47829486333	5091.82894691652	5185.09012297278	4970.86430807203	4937.37391644899	5555.37516808426	5381.88218450129	5496.39629235547	4992.75554117126	6392.0627654031	4973.60805371819	4376.5372175968	1454.97303731318	1621.44946072048	806.808513327977	3885.33786440157	3724.60569108505	2142.04970740454	4283.12602905345	1779.19597554497	1777.17736544153	749.09161083502	2057.39561153063	2681.70935426691	960.063957554356	4345.22810161609	5459.00368451245	4339.83120663027	4671.51938959167	1834.18495801497	6094.47905472216	4452.19070885657	5393.50652370938	1547.1718216505	1503.1333257674	5490.73338909944	2221.24108180097	2673.74953359245	3489.76918778788	4917.15365856559	3832.00340909356
2648.47336960319	1821.30434151502	1721.29082627027	1238.68190727458	4022.28774934791	2785.05299870675	2662.28835791113	2429.66653084643	1395.99339400539	4451.74724163689	3701.90111377599	4729.66352671864	2413.79267529969	4413.83649418884	2057.20026929845	4425.26841035711	2388.54096144357	2678.01273206371	2658.44610308764	0	4771.73624071228	3924.31005858917	2501.32505802165	2679.05997054996	4543.24094924623	4902.44454809843	3022.59786006867	5254.49391348464	5023.15735652196	4975.40089999824	4801.36250694321	4505.24370760523	4889.35298599838	4194.37074173812	2560.60622559033	4490.33170174459	4014.04489085378	2973.23404399941	4561.89738188486	5129.3221264369	5934.64430677961	2206.68477153043	3773.82800939902	1741.7361810955	7331.06084970582	2563.5796440738	7933.92377697108	7351.97899736746	7090.38923418131	7252.33762899766	2049.57214828371	3462.45047564526	4545.18819838555	2448.47061516502	5651.73259294627	6416.67180202374	7764.91565247145	7587.70805206084	7774.95824641129	8007.92439795097	7750.27505000416	7843.53622606043	7629.31041115967	7595.82001953664	8213.8212711719	8040.32828758893	8154.84239544311	7651.2016442589	9050.50886849074	7632.05415680583	4222.87538650605	4113.41914040082	3510.04703844521	3465.25461641562	5228.33408365692	5314.90353804775	4589.66334251499	4129.46419796271	1625.53414445423	1623.51553435079	3407.53771392266	4643.50245399712	5340.15545735455	3340.26354175496	4191.56627052535	5305.34185342171	4186.16937553953	7329.96549267931	4492.63106110261	5940.81722363142	4605.85253994731	5834.87574369314	1393.50999055975	2254.0398345078	6043.5514112879	4699.06766755212	4638.65455037798	4546.32746565561	4763.49182747485	6490.4495121812
2123.26287110909	2950.43189919727	3050.44541444201	3829.62812658664	3190.85837162995	1986.68324200553	2109.44788280115	2342.06970986586	3459.2524329541	1863.51382103067	1826.3345125441	1299.82736395897	2432.03287387365	1373.77168231593	2714.53597141384	3593.83903263915	2383.19527926871	2953.47605610009	2113.29013762464	4771.73624071228	0	2866.03347535274	2270.41118269064	2949.10292565484	1251.74692807362	214.601030002864	1749.13838064361	2960.32401163473	2856.77082750123	2496.33267237895	2723.08539409106	2865.16953153183	2172.70908381508	4449.83148678431	2998.19637045537	281.404538967699	757.691349858505	3694.31093449004	1168.61902835641	617.383641595459	4977.05491479757	2565.05146918186	1258.30647581769	3665.61364741977	2559.32460899354	2988.55093634728	3162.18753625879	2580.24275665517	2318.65299346903	2480.60138828537	2722.16409242857	1309.28576506702	1253.61607702036	2323.26562554726	2720.40543685531	3013.48628904161	2993.17941175917	2815.97181134855	3003.22200569901	3236.18815723868	2978.53880929188	3071.79998534814	2857.57417044739	2824.08377882435	3442.08503045961	3268.59204687665	3383.10615473082	2879.46540354662	4278.77262777846	3977.6767284726	4159.22712033212	1191.79390969796	2606.54066952918	1306.48162429667	2900.24665559286	2739.51448227635	1156.95849859584	3298.03482024475	3744.31686054573	3749.52334190177	1364.19852678962	1072.30440272193	1063.99896701708	1431.47269895732	3360.13689280739	4473.91247570375	3354.73999782157	2558.22925196703	279.105179609673	5109.38784591346	5437.28191766527	4408.41531490068	3464.40870003371	2517.69640620448	4505.64218029073	3206.33229060968	1688.65832478374	2504.67797897918	3932.06244975688	1718.71327146892
3622.57721137352	3006.79029375745	2841.80034115184	2982.20194446353	489.701987618453	2425.32162859705	3847.88437728909	3473.91627498533	2611.82625083099	4729.54729638341	4692.36798789684	4165.86083931171	1584.60669175054	4239.80515766867	4815.06098075474	1383.37474511584	3592.87003420749	2106.04987397697	3851.12468416144	3924.31005858917	2866.03347535274	0	2597.15262011821	2101.67674353173	1614.28654727912	3080.6345053556	2578.74861078278	5826.35748698747	5722.80430285397	5362.36614773169	5589.1188694438	5731.20300688458	5038.74255916782	7315.86496213705	2150.77018833225	2802.74606489515	2254.81936795957	6560.34440984279	4034.65250370915	2248.64983375728	7843.08839015031	3478.19876644347	1607.72699953505	2818.18746529666	3406.75079111665	2141.12475422416	4009.61371838191	3427.66893877829	3166.07917559215	3328.02757040849	3197.1509914769	3427.73970330771	1612.41739833238	2189.44034983634	5586.43891220805	2492.36174343457	3840.60559388228	3663.39799347167	3850.64818782212	4083.6143393618	3825.96499141499	3919.22616747126	3705.00035257051	3671.50996094747	4289.51121258273	4116.01822899977	4230.53233685394	3726.89158566973	5126.19880990157	3707.74409821666	3311.800938209	4057.8273850507	5472.57414488192	3423.85224743652	1304.02402506775	1390.59347945858	1709.0749767569	557.188287883041	2896.89067842261	2902.09715977866	3726.62708902288	1793.72907263081	3930.03244236982	2891.06072660709	494.103417454649	1607.87900035101	666.00062428738	3405.65543409014	2799.19550013593	2243.35437056072	8303.31539301801	1910.56568510397	2616.98251791059	5354.25800992884	2119.24135269874	6072.36576596242	1177.375150569	622.017407066444	1066.02897440414	3017.21546350185
1025.42459125531	680.020716506633	780.034231751377	1559.21694389601	2921.97751639541	283.727940685105	1250.73175717088	876.763654867126	1188.84125026347	2132.3946762652	2095.21536777863	2228.33846869699	1313.48244234719	1912.51143616719	2217.90836063654	3324.95817740461	995.717414089286	1577.70249911122	1253.97206404324	2501.32505802165	2270.41118269064	2597.15262011821	0	1578.74973759747	2041.91589122459	2401.11949007678	521.272802047024	3229.20486686927	3125.65168273576	2765.21352761348	2991.96624932559	3134.05038676637	2441.58993904961	4718.71234201884	1460.29599263784	1989.00664372294	1512.71983283213	3963.19178972458	2060.57232386321	2627.99706841525	5245.93577003211	881.046146325259	1272.50295137737	1395.20246472914	4829.73579168417	1463.26941112131	5432.59871894943	4850.65393934581	4589.06417615967	4751.01257097601	599.998371358695	961.125417623616	2043.8631403639	407.712270281864	3150.40753492462	3915.34674400209	5263.5905944498	5086.38299403919	5273.63318838964	5506.59933992932	5248.94999198251	5342.21116803878	5127.98535313802	5094.49496151499	5712.49621315025	5539.00322956728	5653.51733742146	5149.87658623725	6549.18381046909	5130.72909878418	3122.56515355356	1612.09408237917	2875.42152476371	963.929558393969	2727.00902563527	2813.5784800261	2088.33828449334	3029.15396501022	1473.90567785509	1479.11215921114	1129.47446890467	2142.17739597547	2838.8303993329	838.938483733316	3091.25603757286	4205.03162046922	3085.85914258703	4828.64043465766	1991.30600308096	4840.50699067892	5706.16277289981	4139.53445966614	1193.99751734308	2757.10538981063	4236.7613250562	3475.21314584421	2137.32949235634	2235.79712374464	3663.18159452235	3989.12445415955
