0	3897.60981763493	3544.08954605576	2338.72909641074	4388.85512973102	2848.92686034994	2315.35844345137	1017.53446021371	2802.56365611123	2310.98876135006	1760.62223153926	2047.43306468665	2166.46695469017	3851.76313244173	1931.26035387011	2964.45744018761	2247.69002797607	2618.17519760427	3100.04925047854	1871.25013388878	3835.40837986421	3634.73851520959	4271.24717454434	2327.47821192435	1706.95441545964	1690.27624823289	1426.29612971892	326.812736831772	2253.20567158411	2932.31169513878	2830.76724454292	3120.30245729459	5002.96823318496	2470.9781191768	2696.6539149337	1632.67969922911	1321.80823401486	3862.47729322594	1323.18582788208	1700.31776832049	1421.21104931727	2308.84110186997	1841.69879668849	2634.23298468593	1468.01537652686	2491.43072830359	2758.92968209114	3448.25750620301	3787.07093094166	157.673733361578	1467.87047247236	3021.64044584921	2340.44499690236	3440.24348521661	2562.56762945316	2315.11115091377	2170.54700340785	2916.68695650097	2967.03242789885	1684.5162422214	3733.64677435825	4566.15233551822	1351.99435193221	3200.10667160302	2745.02718514399	2170.72629840032	655.342367998647	325.111680400405	2691.78093940928	3185.34413006837	1976.69796869963	2117.26871031937	3733.30971509635	2474.15321802927	2923.37342611553	1343.89323563232	2018.63115956392	2091.44782066132	2505.64455982439	1875.82052034665	2243.40015647352	3346.12254672863	1927.2113192754	1788.73814690494	2198.49718655976	2530.96604669147	2242.3965852958	3250.03016180915	3076.90301126206	2476.96776575863	2635.81693723247	3300.24896585658	2592.90854131985	1894.19656731223	3525.63639177453	4200.75776490917	1407.45595142138	2643.09973433603	3410.5941576865	3490.5488761882
3897.60981763493	0	5690.58405459672	6236.33891404567	2242.36062119005	4995.42136889091	3161.32899850551	4411.38827735946	2191.51463456182	3161.79700676962	3907.11674008023	5399.88084910215	2131.50082735412	1864.51470328442	3795.35124246435	3527.45297114052	1883.2875550887	1279.43462003067	6997.65906811347	2026.35968374615	1756.07625887424	1823.47924171859	4506.78909481997	1613.61248202401	4589.33368164153	4425.54276859181	4125.065084014	4224.42255446671	1644.40414605082	965.298122496152	1066.84257309201	867.162796742084	7149.46274172592	1583.87107315296	3619.86997319321	4972.43260206012	4540.13533655006	1860.07567104798	2574.42398975285	3224.09432006962	2476.39876831767	1588.76871576497	3223.52134245948	2382.49031593813	4110.3066804413	1406.17908933134	1138.68013554379	449.35231143192	6368.96373974513	4055.28355099651	4110.14563689231	875.969371785719	2134.52549765439	457.366332418323	5567.54939377105	3161.61727578704	2130.30033502611	3278.14351631456	930.577389736082	2817.57750992238	5880.14128289922	8463.76215315316	3498.34320782196	6918.37067560662	4891.52169368495	2130.04723781635	3448.25722619077	4222.72149803534	3619.42385447813	5136.66381962542	4123.19247724059	4263.76321886033	5879.80422363732	1580.45274013891	985.26856554493	2553.71658200262	4165.12566810488	5180.21136464564	2680.47329897877	2065.54965313969	1654.20966116141	1670.81349340519	2119.26541402265	2108.87167072999	5865.4927557261	6035.63608929728	6140.00640293073	6248.93721003495	6307.26874201346	6374.57758339356	6308.6764637274	5556.52926385323	6217.06094852238	2857.9865621727	2673.59245473707	4622.86641310671	5305.06576905631	2379.98291088939	7308.20397532144	7388.15869382313
3544.08954605576	5690.58405459672	0	5432.83605796683	7932.94467578677	1715.71142238761	2529.25505609122	2526.55508584205	3499.0694200349	2528.7870478271	1783.46731451649	5591.52261074241	3559.0832272426	3826.0693513123	5475.34989992586	6508.54698624337	3807.29649950802	4926.62152637871	4196.70151434488	5068.33149091292	7379.49792591996	7178.82806126535	7815.3367206001	4076.97157257271	5251.04396151539	5234.36579428864	2117.79341633684	3662.37157193534	4944.44335016533	6043.10116840087	5214.56332175885	6557.7468513388	2748.30333373972	4106.71298144376	2070.71408140351	2171.47504829152	4865.89778007061	3830.50838354874	3945.07438025827	2466.4897345271	3432.01720768075	4954.85473684582	2467.06271213724	3308.09373865859	2076.0741695289	5954.86293652718	5061.82786031663	5649.17883373842	7331.16047699742	3457.40960705454	2076.21907358339	6398.37932620666	5884.53454295812	5854.876535333	6106.65717550892	2528.96677880968	3560.28371957061	2412.44053828216	6350.65947986842	2873.00654467434	1118.26697056204	5662.80459938456	2192.24084677476	6744.19621765878	799.062360911766	3560.53681678037	4199.4319140544	3663.76105870929	2071.16020011859	2088.69186620203	1567.39157735613	1426.82083573639	1117.0085906446	4110.13131445781	4705.31548905179	4153.94871747488	1525.45838649184	5635.53736671707	6049.73410588015	5419.91006640241	5047.72691794843	6890.21209278439	5471.30086533116	3647.48417489824	3064.53520195751	3234.67853552868	3339.04884916214	3447.97965626636	3506.31118824486	3573.62002962497	3507.7189099588	2755.57171008463	3416.10339475378	2832.59749242402	3016.99159985965	3104.10550104283	2504.10821528772	3310.60114370733	4507.24642155284	4587.20114005453
2338.72909641074	6236.33891404567	5432.83605796683	0	5813.64235017071	5151.09278266469	4654.08753986211	2906.28097212478	5141.29275252197	4649.71785776079	3649.36874345033	836.458064943523	4505.1960511009	6190.49222885247	2440.98767158132	2708.88594290515	4586.4191243868	4956.904294015	1323.61615741477	4209.97923029952	4480.26265517143	4412.85967232708	2382.50066263327	4666.20730833509	1647.00523240414	1810.79614545386	3315.04264162999	2011.91635957896	4591.93476799485	5271.04079154952	5169.49634095366	5459.03155370533	6891.71474509603	4809.70721558754	5035.38301134444	3521.42621114018	1696.20357749561	6201.20638963667	3661.91492429282	4039.04686473122	3759.940145728	4647.5701982807	4180.42789309923	4972.96208109667	3356.76188843793	4830.15982471433	5097.65877850188	5786.98660261375	1898.32441903059	2181.05536304916	3356.61698438343	5360.36954225995	4101.81341639128	5778.97258162735	673.821117542089	4653.8402473245	4509.27609981859	5255.4160529117	5305.76152430959	4023.24533863214	5622.39328626932	2227.42323910749	3690.72344834294	1311.36015969195	4633.77369705506	4509.45539481106	2788.0816878549	2013.61741601033	5030.51003582002	5524.0732264791	3865.4444806107	4006.01522223044	5622.05622700742	4812.88231444001	5262.10252252626	3682.62233204305	3907.37767147499	1056.12754940003	3555.8656150669	4170.78926090598	4582.12925288426	4565.52542064048	4117.07350002302	4127.46724331568	4087.24369847083	4419.71255860254	4127.83375456751	5138.77667372022	4965.64952317313	4129.42663656521	4524.56344914354	5188.99547776765	4481.65505323093	4232.92566372296	5864.36548818526	6539.48686131991	3114.315981368	4981.82883074677	1245.4086685083	2167.82616835869
4388.85512973102	2242.36062119005	7932.94467578677	5813.64235017071	0	7237.78199008096	5403.68961969556	5406.38958994472	4433.87525575187	5404.15762795968	6149.47736127028	4977.18428522719	4373.86144854417	4106.87532447447	3372.65467858939	3104.75640726556	4125.64817627876	3006.32314940806	6574.96250423851	2864.61318487385	1333.37969499928	1400.78267784363	4084.09253094501	3855.97310321406	4166.63711776657	4002.84620471685	5815.15125944993	4270.57310385143	2988.50132562144	1889.8435073859	2718.38135402792	1375.19782444797	9391.82336291597	3826.23169434302	5862.23059438327	6021.53482896013	4117.4387726751	4102.43629223803	3987.8702955285	5466.45494125968	4500.92746810602	2978.08993894095	5465.88196364953	4624.85093712818	5856.87050625788	1978.08173925959	2871.11681547014	2283.76584204835	5946.26717587017	4475.53506873223	5856.72560220338	1534.56534958011	2048.41013282866	2078.06814045377	5144.85282989609	5403.97789697709	4372.66095621616	5520.50413750461	1582.28519591835	5059.93813111243	8122.50190408927	8041.0655892782	5740.70382901201	6495.67411173166	7133.88231487501	4372.40785900641	3733.51276173237	4269.18361707748	5861.78447566818	7379.02444081547	6365.55309843064	6506.12384005038	8122.16484482737	3822.81336132896	3227.62918673498	3778.9959583119	6407.48628929493	4757.51480077068	2257.77673510381	2513.03460938436	2885.21775783834	1248.11692953023	2461.64381045561	4285.46050088853	6587.35231629077	6919.82117642249	6627.94237238746	7638.88529154016	7465.75814099308	6629.53525438516	7024.67206696349	7689.1040955876	6981.76367105087	5100.34718336275	4915.95307592712	6865.22703429676	5614.42459918794	4622.34353207944	6885.50741144648	6965.46212994817
2848.92686034994	4995.42136889091	1715.71142238761	5151.09278266469	7237.78199008096	0	1834.0923703854	3326.14214597847	2803.90673432909	1833.62436212128	1625.84551978453	4896.35992503659	2863.92054153679	3130.90666560648	4780.18721422005	5813.38430053755	3112.1338138022	4231.4588406729	5912.41293673249	4373.1688052071	6684.33524021415	6483.66537555953	7120.17403489428	3381.8088868669	4555.88127580958	4539.20310858283	3039.81895263302	3139.17642308572	4249.28066445951	5347.93848269506	4519.40063605303	5862.58416563299	4464.01475612733	3411.55029573794	1375.55139569769	3887.18647067913	4170.7350943648	3135.34569784292	3249.91169455246	1771.32704882128	2736.85452197493	4259.69205114	1771.90002643143	2612.93105295278	3025.06054906031	5259.70025082136	4366.66517461081	4954.0161480326	6635.9977912916	2970.03741961553	3024.89950551132	5703.21664050084	5189.3718572523	5159.71384962719	5411.4944898031	1833.80409310387	2865.12103386479	1717.27785257634	5655.49679416261	2177.84385896853	884.719914008312	7378.51602177217	1497.07816106894	6049.03353195296	1328.95816025785	2865.37413107455	3504.26922834859	3137.47536665435	1375.99751441278	372.980443814418	1619.68028294696	1321.19039623319	884.382854746412	3414.968628752	4010.15280334598	3458.78603176906	1577.85839192182	4940.37468101126	5354.57142017433	4724.7473806966	4352.56423224262	6195.04940707857	4776.13817962535	2952.32148919243	4780.24662434512	4950.3899579163	5054.76027154975	5163.69107865397	5222.02261063247	5289.33145201258	5223.43033234641	4471.28313247224	5131.81481714139	2137.4348067182	2321.82891415384	1388.39407865522	4219.81963767533	2615.43845800152	6222.95784394045	6302.91256244214
2315.35844345137	3161.32899850551	2529.25505609122	4654.08753986211	5403.68961969556	1834.0923703854	0	2829.1369031759	969.814363943686	4.36968210131735	1128.84027698196	3817.62947491859	1029.82817115139	1536.40468899036	2946.09484383465	3979.29193015215	1278.0414434168	2397.3664702875	5415.40769392991	2539.0764348217	4850.24286982875	4649.57300517413	5286.08166450888	1547.7165164815	3007.08230745797	2843.29139440825	2542.81370983045	2642.17118028315	2415.18829407411	3513.84611230966	2685.30826566763	4028.49179524759	3988.13374322041	1577.45792535254	458.540974687708	3390.18122787656	2957.8839623665	1547.11884977456	1415.81932416706	615.040675130888	902.762151589534	2425.5996807546	473.659646762882	778.838682567377	2528.05530625774	3425.60788043596	2532.57280422541	3119.9237776472	4801.9054209062	2473.03217681295	2527.89426270875	3869.12427011544	3355.2794868669	3325.62147924179	3985.29801958749	0.288277281530185	1031.02866347939	601.32851304959	3821.40442377721	630.842201229974	2718.81228439371	6881.5107789696	963.364091519168	5336.11930142306	1730.19269517945	1031.28176068915	1866.00585200721	2640.47012385178	458.094855972625	1975.33482111991	1122.67504014438	1102.43422035483	2718.47522513181	1580.8762583666	2176.06043296058	1624.69366138366	1080.85314911925	3597.95999046208	3520.47904978893	2890.65501031119	2518.47186185722	4360.95703669317	2942.04580923994	1118.22911880703	4283.24138154254	4453.38471511372	4557.75502874717	4666.68583585139	4725.0173678299	4792.32620921	4726.42508954384	3974.27788966967	4634.80957433882	421.161876139148	1210.27794832315	1885.3993214578	3722.81439487275	781.346087616117	5725.95260113788	5805.90731963957
1017.53446021371	4411.38827735946	2526.55508584205	2906.28097212478	5406.38958994472	3326.14214597847	2829.1369031759	0	3316.34211583575	2824.76722107458	1700.29662619394	3064.96752490036	2680.24541441469	4365.54159216626	2948.79481408381	3981.99190040132	2761.46848770059	3131.95365732879	2586.27079075402	2541.77640507087	4852.94284007791	4652.2729754233	5288.78163475805	2841.25667164888	2724.48887567334	2707.81070844659	408.761669505208	1135.81648609329	2766.98413130863	3516.54608255882	3344.54570426745	4031.19176549675	3985.43377297125	2984.75657890132	3210.43237465822	615.145239015404	2339.34269422856	4376.25575295046	1836.96428760661	2214.09622804501	1934.98950904179	2822.61956159449	2355.47725641301	3148.01144441045	450.480916313153	3428.30785068513	3272.70814181566	3962.03596592754	4804.60539115537	930.854521212495	450.336012258655	3871.82424036461	3357.97945711607	3954.02194494113	3580.10208966687	2828.88961063829	2684.32546313238	3430.46541622549	3824.10439402637	2198.29470194592	2728.6976941529	4052.3738757937	1865.77281165673	4217.64113181673	1997.18398572062	2684.50475812485	1672.87682821235	1137.20597286724	3205.5593991338	3699.12258979289	1706.46186303151	2004.95174974528	2727.43931423546	2987.93167775379	3437.15188584005	1857.67169535684	1748.28375405665	3108.98228087502	3523.1790200381	2893.35498056036	2757.17861619804	4363.65700694234	2944.74577948911	2302.51660662947	1454.10447836665	1624.24781193782	1728.61812557128	2232.49570159544	2059.36855104835	1963.18930603411	1897.28818636794	2282.71450564287	1805.67267116292	2407.97502703675	4039.41485149905	4714.53622463369	893.677491696857	3156.87819406055	2896.81569796198	2976.77041646367
2802.56365611123	2191.51463456182	3499.0694200349	5141.29275252197	4433.87525575187	2803.90673432909	969.814363943686	3316.34211583575	0	970.282372207805	1715.60210551841	4304.83468757844	636.096701421061	1049.1994763305	2700.30508094065	3009.47756620847	554.873628135162	1427.55210634381	5902.61290658977	1569.26207087802	3880.42850588506	3679.75864123045	4316.2673005652	577.902152537811	3494.28752011783	3330.4966070681	3030.0189224903	3129.376392943	1445.37393013043	2544.03174836597	1715.49390172395	3058.6774313039	4957.9481071641	607.643561408854	1428.35533863139	3877.38644053641	3445.08917502636	1059.91363711471	1479.37782822914	1102.24588779074	1381.35260679396	1455.78531681092	1032.00670789766	190.975681376309	3015.26051891759	2455.79351649228	1562.75844028173	2150.10941370352	5273.91757822143	2960.23738947281	3015.0994753686	2899.30990617176	2385.46512292321	2355.8071152981	4472.50323224734	970.102641225216	632.016652703374	1086.62888175274	2851.59005983352	1118.04741388983	3688.6266483374	7368.71599162945	1450.56930417902	5823.32451408292	2700.00705912314	631.837357710904	2353.21106466707	3127.67533651163	1427.90921991631	2945.1491850636	1931.67784267877	2072.24858429851	3688.2895890755	611.061894422911	1206.24606901689	1458.67042047891	1973.61103354306	4085.16520312193	2550.66468584525	1920.84064636751	1548.65749791353	3391.14267274949	1972.23144529626	1013.82550920629	4770.4465942024	4940.58992777358	5044.96024140703	5153.89104851125	5212.22258048975	5279.53142186986	5213.63030220369	4461.48310232952	5122.01478699867	908.367088799002	723.072735663298	2431.35177854489	4210.01960753261	188.468276327569	6213.15781379773	6293.11253229942
2310.98876135006	3161.79700676962	2528.7870478271	4649.71785776079	5404.15762795968	1833.62436212128	4.36968210131735	2824.76722107458	970.282372207805	0	1124.47059488064	3813.25979281727	1030.29617941551	1540.77437109167	2946.56285209877	3979.75993841627	1278.50945168092	2397.83447855161	5411.0380118286	2539.54444308582	4850.71087809287	4650.04101343825	5286.549672773	1548.18452474562	3002.71262535666	2838.92171230693	2538.44402772913	2637.80149818183	2415.65630233823	3514.31412057378	2685.77627393175	4028.95980351171	3987.6657349563	1577.92593361666	458.07296642359	3385.81154577524	2953.51428026519	1551.48853187588	1416.28733243118	610.670993029571	903.230159853652	2426.06768901872	469.289964661565	779.306690831496	2523.68562415642	3426.07588870008	2533.04081248953	3120.39178591132	4802.37342917032	2468.66249471164	2523.52458060743	3869.59227837956	3355.74749513102	3326.08948750591	3980.92833748617	4.12238956370902	1031.49667174351	605.698195150908	3821.87243204133	626.472519128656	2718.34427612959	6877.14109686828	958.994409417851	5331.74961932175	1729.72468691533	1031.74976895327	1861.63616990589	2636.10044175046	457.626847708506	1974.86681285579	1118.30535804307	1101.96621209071	2718.00721686769	1581.34426663072	2176.52844122469	1625.16166964778	1076.48346701793	3593.59030836076	3520.94705805305	2891.12301857531	2518.93987012134	4361.42504495729	2942.51381750406	1118.69712707114	4278.87169944123	4449.0150330124	4553.38534664585	4662.31615375008	4720.64768572858	4787.95652710869	4722.05540744252	3969.90820756835	4630.4398922375	416.79219403783	1214.64763042447	1889.76900355911	3718.44471277144	781.814095880236	5721.58291903656	5801.53763753825
1760.62223153926	3907.11674008023	1783.46731451649	3649.36874345033	6149.47736127028	1625.84551978453	1128.84027698196	1700.29662619394	1715.60210551841	1124.47059488064	0	3808.05529622591	1775.61591272611	2665.24496597231	3691.88258540937	4725.07967172687	2023.82918499152	3143.15421186222	4286.56741694796	3284.86417639642	5596.03061140347	5395.36074674885	6031.8694060836	2293.50425805622	3467.5766469989	3450.89847977215	1413.97343284849	1878.90425741884	3160.97603564883	4259.63385388438	3431.09600724235	4774.27953682231	3242.34600164569	2323.24566692726	1510.13574846428	2261.3409508946	3082.43046555412	2675.95912675652	2161.60706574178	683.022420010603	1648.54989316425	3171.38742232932	683.59539762075	1524.6264241421	1399.21502927578	4171.39562201068	3278.36054580013	3865.71151922192	5547.69316248092	1673.94229253805	1399.05398572679	4614.91201169016	4101.06722844162	4071.40922081651	4323.18986099242	1128.59298444435	1776.81640505411	1730.16879003155	4567.19216535193	1089.53923015785	1973.02454281899	5752.67050198764	408.773532258263	4960.72890314228	984.404953604728	1777.06950226387	2415.96459953791	1880.2937441928	1505.26277293986	1998.82596359895	216.075737160365	356.646478780106	1972.68748355709	2326.66399994132	2921.8481745353	2370.48140295838	258.008928024655	3852.07005220058	4266.26679136365	3636.44275188592	3264.25960343194	5106.74477826789	3687.83355081467	1864.01686038175	3154.40110456059	3324.54443813176	3428.91475176522	3537.84555886944	3596.17709084794	3663.48593222805	3597.58481256188	2845.43761268771	3505.96929735686	1049.13017790752	2339.11822530511	3014.23959843975	2593.9741178908	1527.13382919084	4597.11232415592	4677.06704265761
2047.43306468665	5399.88084910215	5591.52261074241	836.458064943523	4977.18428522719	4896.35992503659	3817.62947491859	3064.96752490036	4304.83468757844	3813.25979281727	3808.05529622591	0	3668.73798615738	5354.03416390895	1604.52960663779	1872.42787796162	3749.96105944328	4120.44622907148	1597.77821901133	3373.52116535599	3643.80459022791	3576.40160738356	2223.81410985769	3829.74924339157	810.547167460616	974.338080510339	3473.72919440556	1929.15103880707	3755.47670305133	4434.582726606	4333.03827601014	4622.57348876181	7050.40129787161	3973.24915064401	4198.92494640091	3680.11276391576	859.745512552085	5364.74832469315	2825.4568593493	3202.5887997877	2923.48208078448	3811.11213333718	3343.96982815571	4136.50401615315	3515.44844121351	3993.7017597708	4261.20071355836	4950.52853767023	1739.63786625501	2134.11300368786	3515.30353715901	4523.91147731643	3265.35535144776	4942.51451668382	515.134564766512	3817.38218238098	3672.81803487507	4418.95798796818	4469.30345936606	3186.78727368861	5781.0798390449	3063.88130405101	3399.28176396765	1518.48982650447	4792.46024983064	3672.99732986754	1951.62362291138	1927.76155203311	4194.05197087649	5037.6023757711	4024.13103338628	4164.70177500602	5780.742779783	3976.42424949648	4425.64445758274	2846.16426709953	4066.06422425057	219.66948445651	2719.40755012337	3334.33119596246	3745.67118794073	3729.06735569696	3280.61543507949	3291.00917837216	4245.93025124641	4578.39911137812	4286.52030734309	5297.46322649579	5124.33607594871	4288.11318934079	4683.25000191912	5347.68203054323	4640.3416060065	3396.46759877944	5027.90742324174	5703.02879637638	3273.00253414358	4145.37076580325	1908.32312621929	2326.51272113426
2166.46695469017	2131.50082735412	3559.0832272426	4505.1960511009	4373.86144854417	2863.92054153679	1029.82817115139	2680.24541441469	636.096701421061	1030.29617941551	1775.61591272611	3668.73798615738	0	1685.29617775156	2064.20837951959	2949.46375900076	248.213272265412	1367.53829913611	5266.51620516871	1509.24826367032	3820.41469867736	3619.74483402274	4256.25349335749	517.888345330108	2858.19081869677	2694.39990564704	2393.92222106924	2493.27969152194	1385.36012292272	2484.01794115827	1655.48009451624	2998.6636240962	5017.9619143718	547.629754201152	1488.3691458391	3241.28973911535	2808.9924736053	1696.01033853577	843.281126808083	1092.59349271551	745.255905372901	1395.77150960321	1092.02051510536	467.766029995765	2379.16381749653	2395.77970928457	1502.74463307402	2090.09560649581	4637.82087680037	2324.14068805175	2379.00277394754	2839.29609896405	2325.45131571551	2295.7933080904	3836.40653082628	1030.11644843292	4.08004871768685	1146.64268896045	2791.57625262582	686.076682568261	3748.6404555451	6732.61929020839	1366.84238046785	5187.22781266186	2760.02086633084	4.2593437101566	1717.11436324601	2491.57863509057	1487.92302712401	3005.1629922713	1991.69164988647	2132.26239150622	3748.3033962832	551.048087215209	1146.23226180919	822.57371905785	2033.62484075076	3449.06850170087	2490.65087863754	1860.82683915981	1488.64369070583	3331.12886554179	1912.21763808856	377.728807785225	4134.34989278134	4304.49322635251	4408.86353998596	4517.79434709019	4576.12587906869	4643.4347204488	4577.53360078263	3825.38640090846	4485.91808557761	726.485734818587	1359.16943708436	2491.36558575259	3573.92290611155	476.632779645865	5577.06111237667	5657.01583087836
3851.76313244173	1864.51470328442	3826.0693513123	6190.49222885247	4106.87532447447	3130.90666560648	1536.40468899036	4365.54159216626	1049.1994763305	1540.77437109167	2665.24496597231	5354.03416390895	1685.29617775156	0	3749.50455727115	3481.60628594732	1604.07310446567	1233.58793483746	6951.81238292027	1980.51299855295	3553.42857460766	3352.75870995305	4460.94240962677	1524.28492051738	4543.48699644833	4379.69608339861	4079.2183988208	4178.5758692735	1598.55746085762	2217.03181708857	1388.49397044655	2731.6775000265	5503.41420231511	1380.78501326493	1755.35526990879	4926.58591686691	4494.28865135686	10.7141607842054	2528.57730455965	2151.44536412125	2430.55208312447	1542.92203057177	2010.06433575324	1217.5301477558	4064.4599952481	2128.79358521488	1235.75850900433	1823.10948242612	6323.11705455193	4009.43686580331	4064.2989516991	2572.30997489436	2088.67881246119	2028.8071840207	5521.70270857785	1536.65198152797	1681.21612903388	1413.62881303014	2524.59012855612	2167.24689022033	4015.6265796148	8417.91546795996	2499.76878050953	6872.52399041342	3027.00699040053	1681.03683404141	3402.41054099757	4176.87481284214	1754.90915119371	3272.14911634099	2659.07972913474	2399.24851557591	4015.2895203529	1377.60991441246	928.389706326205	2507.86989680941	2617.25783810961	5134.36467945244	2634.62661378557	2019.70296794648	1608.36297596821	3064.14274147209	2073.41872882945	2063.02498553679	5819.6460705329	5989.78940410408	6094.15971773753	6203.09052484175	6261.42205682026	6328.73089820036	6262.82977853419	5510.68257866003	6171.21426332918	1957.56656512951	809.077751452645	2758.35170982229	5259.21908386311	1208.6633981057	7262.35729012823	7342.31200862993
1931.26035387011	3795.35124246435	5475.34989992586	2440.98767158132	3372.65467858939	4780.18721422005	2946.09484383465	2948.79481408381	2700.30508094065	2946.56285209877	3691.88258540937	1604.52960663779	2064.20837951959	3749.50455727115	0	1033.19708631751	2145.43145280549	2515.91662243369	3202.30782564912	1768.9915587182	2039.27498359012	1971.87200074577	2339.98682067424	2225.21963675377	793.982439177177	630.191526127454	3357.55648358902	1812.97832799052	2150.94709641353	2830.0531199682	2728.50866937235	3018.04388212401	6934.22858705506	2368.71954400622	3404.63581852236	3563.94005309922	744.784094085708	3760.21871805536	1530.27551966759	3008.86016539877	2043.33269224511	2206.58252669939	3008.28718778862	2531.97440951535	3399.27573039697	2389.17215313301	2656.67110692056	3345.99893103243	2573.61249728078	2017.94029287132	3399.13082634247	2919.38187067864	1660.82574480996	3337.98491004603	1772.19815130669	2946.38312111618	2068.28842823728	3062.9093616437	2864.77385272827	2602.34335525152	5664.90712822836	4668.4109106888	3283.1090531511	3123.01943314227	4676.2875390141	2068.46772322975	1275.91798587146	1811.58884121657	3404.18969980727	4921.42966495456	3907.95832256973	4048.52906418947	5664.57006896646	2371.89464285869	2821.11485094495	1321.40118245099	3949.89151343402	1384.86012218128	1114.87794348558	1729.80158932467	2141.14158130294	2124.53774905916	1676.0858284417	1827.86572502762	4129.75754042986	4462.22640056158	4170.34759652655	5181.29051567925	5008.16336513217	4171.94047852425	4567.07729110258	5231.50931972669	4524.16889518996	2642.75240750184	3423.37781660395	4407.63225843585	3156.82982332703	2540.84115916545	3512.85273285708	3592.80745135878
2964.45744018761	3527.45297114052	6508.54698624337	2708.88594290515	3104.75640726556	5813.38430053755	3979.29193015215	3981.99190040132	3009.47756620847	3979.75993841627	4725.07967172687	1872.42787796162	2949.46375900076	3481.60628594732	1033.19708631751	0	2701.25048673535	2248.01835110986	3470.20609697295	1501.09328739437	1771.37671226629	1703.97372942193	1306.78973435673	2431.57541367066	1257.50302472798	1274.18119195472	4390.75356990653	2846.17541430803	1883.0488250897	2562.15484864437	2460.61039804851	2750.14561080018	7967.42567337257	2401.83400479961	4437.83290483986	4597.13713941672	1642.64920617276	3492.32044673153	2563.47260598509	4042.05725171627	3076.52977856262	1938.68425537556	4041.48427410612	3200.45324758478	4432.47281671447	2121.27388180918	2388.77283559673	3078.1006597086	2841.51076860461	3051.13737918882	4432.32791265997	2651.4835993548	1392.92747348613	3070.0866387222	2040.09642263052	3979.58020743368	2948.26326667276	4096.10644796121	2596.87558140444	3635.54044156903	6698.10421454587	4936.30918201263	4316.30613946861	3390.9177044661	5709.4846253316	2948.010169463	2309.11507218896	2844.78592753408	4437.38678612478	5954.62675127206	4941.15540888724	5081.72615050698	6697.76715528397	2398.41567178556	2553.21657962112	2354.59826876849	4983.08859975153	1652.75839350511	846.979672161749	1461.90331800084	1873.24330997911	1856.63947773533	1408.18755711787	2861.06281134513	5162.95462674737	5495.42348687908	5203.54468284405	6214.48760199676	6041.36045144967	5205.13756484175	5600.27437742008	6264.70640604419	5557.36598150747	3675.94949381935	3491.55538638371	5440.82934475336	4190.02690964454	3197.94584253604	3780.75100418091	3860.70572268261
2247.69002797607	1883.2875550887	3807.29649950802	4586.4191243868	4125.64817627876	3112.1338138022	1278.0414434168	2761.46848770059	554.873628135162	1278.50945168092	2023.82918499152	3749.96105944328	248.213272265412	1604.07310446567	2145.43145280549	2701.25048673535	0	1119.3250268707	5347.73927845461	1261.0349914049	3572.20142641195	3371.53156175733	4008.04022109208	269.675073064696	2939.41389198266	2775.62297893294	2475.14529435514	2574.50276480784	1137.14685065731	2235.80466889286	1407.26682225083	2750.45035183079	5266.17518663722	299.41648193574	1736.58241810451	3322.51281240125	2890.2155468912	1614.78726524987	924.504200093981	1340.80676498092	826.478978658799	1147.5582373378	1340.23378737077	499.202760849423	2460.38689078243	2147.56643701916	1254.53136080861	1841.8823342304	4719.04395008627	2405.36376133764	2460.22584723344	2591.08282669864	2077.2380434501	2047.58003582499	3917.62960411218	1278.32972069833	247.012779937407	1394.85596122586	2543.36298036041	934.289954833672	3996.85372781051	6813.84236349429	1615.05565273326	5268.45088594776	3008.23413859625	246.759682727649	1798.3374365319	2572.80170837647	1736.13629938942	3253.37626453671	2239.90492215189	2380.47566377163	3996.51666854861	302.834814949797	898.018989543776	903.796792343749	2281.83811301618	3530.29157498677	2242.43760637213	1612.61356689439	1240.43041844042	3082.91559327637	1664.00436582314	458.951881071123	4215.57296606723	4385.71629963841	4490.08661327186	4599.01742037609	4657.34895235459	4724.6577937347	4658.75667406853	3906.60947419436	4567.14115886351	974.699007083998	1277.94636379846	2739.57885801801	3655.14597939745	496.695355800683	5658.28418566257	5738.23890416426
2618.17519760427	1279.43462003067	4926.62152637871	4956.904294015	3006.32314940806	4231.4588406729	2397.3664702875	3131.95365732879	1427.55210634381	2397.83447855161	3143.15421186222	4120.44622907148	1367.53829913611	1233.58793483746	2515.91662243369	2248.01835110986	1119.3250268707	0	5718.22444808281	746.925063715487	2452.87639954125	2252.20653488664	3227.35447478931	849.649953805999	3309.89906161087	3146.10814856114	2845.63046398334	2944.98793443604	364.969526020156	1116.47964202216	287.941795380137	1631.12532496009	6385.50021350791	819.908544934955	2855.9074449752	3692.99798202945	3260.7007165194	1244.30209562167	1294.98936972218	2460.13179185161	1494.60431869796	309.334095734302	2459.55881424147	1618.52778772012	2850.54735684981	1028.24141014847	140.754484486875	830.082308598745	5089.52911971447	2775.84893096585	2850.40245279532	1471.75779982795	957.913016579405	928.255008954293	4288.11477374038	2397.65474756903	1366.3378068081	2514.18098809655	1424.03795348971	2053.61498170437	5116.17875468121	7184.32753312249	2734.38067960395	5638.93605557596	4127.55916546695	1366.08470959834	2168.82260616011	2943.28687800467	2855.46132626012	4372.7012914074	3359.22994902258	3499.80069064232	5115.84169541931	816.490211920898	305.19822851126	1274.28196197195	3401.16313988687	3900.77674461497	1401.03867894811	786.11503310902	374.775041130748	1963.59056640568	839.830793991987	1279.13735148047	4586.05813569544	4756.20146926661	4860.57178290007	4969.50259000429	5027.83412198279	5095.1429633629	5029.24184369673	4682.78094617953	4937.62632849171	2094.02403395469	1909.62992651906	3858.9038848887	4025.63114902565	1616.02038267138	6028.76935529077	6108.72407379246
3100.04925047854	6997.65906811347	4196.70151434488	1323.61615741477	6574.96250423851	5912.41293673249	5415.40769392991	2586.27079075402	5902.61290658977	5411.0380118286	4286.56741694796	1597.77821901133	5266.51620516871	6951.81238292027	3202.30782564912	3470.20609697295	5347.73927845461	5718.22444808281	0	4971.29938436732	5241.58280923924	5174.17982639488	3706.11682004804	5427.52746240289	2408.32538647194	2572.11629952166	2872.59398409947	2773.23651364677	5353.25492206265	6032.36094561732	5930.81649502146	6220.35170777313	5568.09858768126	5571.02736965534	5796.70316541224	2197.81005372542	2457.52373156341	6962.52654370448	4423.23507836062	4800.36701879903	4521.26029979581	5408.89035234851	4941.74804716703	5734.28223516447	2887.35238767217	5591.47997878213	5858.97893256968	6548.30675668155	3221.94057644536	2942.37551711696	2887.51343122117	6121.68969632775	4863.13357045908	6540.29273569515	1997.43727495686	5415.16040139231	5270.59625388639	6016.7362069795	6067.08167837739	4784.56549269994	5314.96848490692	1466.10308503968	4452.04360241075	2634.97631710672	4583.45477647463	5270.77554887886	3549.4018419227	2774.93757007813	5791.83018988782	6285.39338054691	4292.73265378553	4591.22254049929	5313.71010498947	5574.20246850781	6023.42267659407	4443.94248611086	4334.55454481066	1817.44770346784	4317.1857691347	4932.10941497379	5343.44940695206	5326.84557470828	4878.39365409082	4888.78739738348	2763.62754105606	3096.09640118777	2804.21759715275	3815.16051630545	3642.03336575836	2805.81047915045	3200.94729172878	3865.37932035288	3158.03889581616	4994.24581779077	6625.68564225307	7300.80701538771	1790.69982395323	5743.14898481457	310.544907207962	844.210010943919
1871.25013388878	2026.35968374615	5068.33149091292	4209.97923029952	2864.61318487385	4373.1688052071	2539.0764348217	2541.77640507087	1569.26207087802	2539.54444308582	3284.86417639642	3373.52116535599	1509.24826367032	1980.51299855295	1768.9915587182	1501.09328739437	1261.0349914049	746.925063715487	4971.29938436732	0	2311.16643500705	2110.49657035243	2747.00522968718	991.359918340207	2562.97399789538	2399.18308484566	2950.53807457608	2198.06287072055	381.955537695331	1061.06156125	959.517110654144	1489.41536042589	6527.21017804212	961.618509469163	2997.61740950941	3156.92164408627	2513.77565280391	1991.22715933716	1123.25711065464	2601.84175638582	1636.31428323217	437.590967981185	2601.26877877567	1760.23775225433	2992.25732138402	886.531445614258	887.679548202361	1577.00737231423	4342.60405599898	2028.92386725036	2992.11241732952	1330.04783529374	816.203052045197	1568.99335132783	3541.1897100249	2539.36471210323	1508.04777134231	2655.89095263076	1282.3279889555	2195.32494623858	5257.88871921542	6437.402469407	2876.09064413816	4892.01099186047	4269.26913000115	1507.79467413255	1421.89754244462	2196.36181428919	2997.17129079433	4514.41125594161	3500.93991355679	3641.51065517653	5257.55165995352	958.200176455107	1052.12329222675	914.382773438042	3542.87310442108	3153.85168089949	981.402614967229	351.578575489491	372.150022584739	1821.88060187147	402.969374418241	1420.84731601468	3839.13307197995	4055.20799154863	4113.64671918458	4774.27210666631	4601.14495611922	4348.21789964741	4282.31677998124	4824.49091071374	4190.70126477623	2235.7339984889	2051.33989105326	4000.61384942291	3278.70608531016	1757.73034720559	5281.84429157528	5361.79901007698
3835.40837986421	1756.07625887424	7379.49792591996	4480.26265517143	1333.37969499928	6684.33524021415	4850.24286982875	4852.94284007791	3880.42850588506	4850.71087809287	5596.03061140347	3643.80459022791	3820.41469867736	3553.42857460766	2039.27498359012	1771.37671226629	3572.20142641195	2452.87639954125	5241.58280923924	2311.16643500705	0	200.669864654616	2750.71283594574	3302.52635334725	2833.25742276729	2669.46650971757	5261.70450958312	3717.12635398463	2435.05457575464	1336.39675751909	2164.93460416112	978.768898533898	8838.37661304916	3272.78494447621	5308.78384451646	5468.08807909332	2784.05907767583	3548.98954237122	3434.42354566169	4913.00819139287	3947.48071823922	2424.64318907415	4912.43521378272	4071.40418726137	5303.42375639107	1424.63498939279	2317.67006560334	1730.31909218155	4612.8874808709	3922.08831886542	5303.27885233657	981.118599713306	1494.96338296185	1524.62139058696	3811.47313489681	4850.53114711028	3819.21420634936	4967.05738763781	1028.83844605154	4506.49138124562	7569.05515422246	6707.68589427892	5187.25707914521	5162.29441673239	6580.4355650082	3818.9611091396	3180.06601186556	3715.73686721067	5308.33772580137	6825.57769094866	5812.10634856384	5952.67709018358	7568.71809496056	3269.36661146215	2674.18243686817	3225.54920844509	5854.03953942812	3424.1351057714	1329.76382003982	1959.58785951755	2331.77100797153	489.285833135575	1908.1970605888	3732.01375102172	6033.90556642397	6366.37442655568	6074.49562252065	7085.43854167335	6912.31139112627	6076.08850451835	6471.22531709668	7135.65734572079	6428.31692118406	4546.90043349595	4362.50632606031	6311.78028442995	5060.97784932114	4068.89678221263	5552.1277164472	5632.08243494889
3634.73851520959	1823.47924171859	7178.82806126535	4412.85967232708	1400.78267784363	6483.66537555953	4649.57300517413	4652.2729754233	3679.75864123045	4650.04101343825	5395.36074674885	3576.40160738356	3619.74483402274	3352.75870995305	1971.87200074577	1703.97372942193	3371.53156175733	2252.20653488664	5174.17982639488	2110.49657035243	200.669864654616	0	2683.30985310138	3101.85648869264	2765.85443992294	2602.06352687322	5061.03464492851	3516.45648933001	2234.38471110002	1135.72689286448	1964.2647395065	1046.17188137825	8637.70674839455	3072.11507982159	5108.11397986184	5267.4182144387	2716.65609483147	3348.31967771661	3233.75368100707	4712.33832673825	3746.8108535846	2223.97332441953	4711.7653491281	3870.73432260676	5102.75389173645	1223.96512473817	2117.00020094872	1529.64922752693	4545.48449802655	3721.4184542108	5102.60898768195	947.50986993287	1294.29351830723	1366.11290930027	3744.07015205246	4649.86128245566	3618.54434169474	4766.38752298319	892.901851982507	4305.821516591	7368.38528956784	6640.28291143457	4986.58721449059	5094.89143388803	6379.76570035358	3618.29124448498	2979.39614721094	3515.06700255606	5107.66786114676	6624.90782629404	5611.43648390922	5752.00722552896	7368.04823030595	3068.69674680754	2473.51257221356	3024.87934379047	5653.36967477351	3356.73212292705	1129.0939553852	1758.91799486294	2131.10114331692	288.615968480959	1707.52719593419	3531.34388636711	5833.23570176935	6165.70456190106	5873.82575786603	6884.76867701874	6711.64152647165	5875.41863986373	6270.55545244206	6934.98748106617	6227.64705652945	4346.23056884133	4161.83646140569	6111.11041977534	4860.30798466652	3868.22691755801	5484.72473360285	5564.67945210454
4271.24717454434	4506.78909481997	7815.3367206001	2382.50066263327	4084.09253094501	7120.17403489428	5286.08166450888	5288.78163475805	4316.2673005652	5286.549672773	6031.8694060836	2223.81410985769	4256.25349335749	4460.94240962677	2339.98682067424	1306.78973435673	4008.04022109208	3227.35447478931	3706.11682004804	2747.00522968718	2750.71283594574	2683.30985310138	0	3738.36514802739	2564.29275908471	2580.97092631146	5697.54330426326	4152.96514866476	2870.89337043477	3541.49097232382	3439.94652172796	3729.48173447963	9274.2154077293	3708.62373915634	5744.62263919659	5903.92687377345	2949.43894052949	4471.65657041098	3870.26234034182	5348.846986073	4383.31951291935	2918.02037905501	5348.27400846285	4507.24298194151	5739.2625510712	3100.61000548863	3368.10895927618	4057.43678338805	1862.17464492516	4357.92711354555	5739.1176470167	3630.81972303425	2372.26359716558	4049.42276240165	1708.67954509118	5286.36994179041	4255.05300102949	5402.89618231794	3576.21170508389	4942.33017592576	8004.8939489026	4597.16940632214	5623.09587382534	2411.58158078665	7016.27435968833	4254.79990381973	3615.90480654569	4151.57566189081	5744.17652048151	7261.41648562879	6247.94514324397	6388.51588486371	8004.5568896407	3705.20540614229	3532.55270330057	3661.38800312522	6289.87833410826	2179.79935388303	1826.3157958412	2441.23944168029	2852.57943365856	2835.97560141478	2387.52368079732	4167.85254570186	6469.7443611041	6802.21322123581	6510.33441720078	7521.27733635349	7348.1501858064	6511.92729919848	6907.06411177682	7571.49614040092	6864.1557158642	4982.73922817608	4798.34512074044	6747.61907911009	5496.81664400127	4504.73557689277	3627.90933114157	4550.32683099196
