0	625.655857197674	2110.35509244674	2065.86599134862	5010.71972170414	2741.19536692873	3849.98739979917	2740.44505685772	3389.00425640885	1419.04973624871	2625.38886068334	2178.96424043541	2711.80815838997	945.351904060225	1279.90938669321	1897.33934922082	1764.91280877128	1090.26845455316	4756.01318045808	5365.66385689963	1475.5102881649	2248.93906496619	1085.08964207555	4020.9013044211	1743.02339604191	3972.38822731339	2840.06614619631	4306.75309186392	3944.52738100498	2807.06726096159	2032.85081340158	2212.80628561574	2166.21007502937	4695.11185342785	1628.52926220816	6626.54572976291	881.782996647785	2934.27529179391	2689.58972466597	1896.62311239793	2478.7968179521	4664.00115855836	1885.66485020321	2192.61214201094	2401.87520053112	3740.75435116997	4953.41256389054	655.39329895015	2184.96516189966	2192.55720885089	1478.56697288944	2191.63094672059	2192.8638929809	2192.66073174492	3132.70315344368	2191.93837800226	3131.55303200271	3226.74300095	2171.15270707073	4692.98626855408	2967.12760414582	3358.98198774254	3912.4847743652	2191.79284535428	888.055757998475	467.384806337715	2219.80279394728	2530.46505219146	4168.44744674679	3688.5661487001	2712.80580281607	2629.89346847995	3146.29077336256	6373.08767427429	5362.97000096747	4827.2356499203	4694.15160936239	3209.15638449391	226.234899127533	2755.53421831701	2220.23500178373	1979.04774488271	1534.70658711579	2560.14964766685	2259.62650598863	2884.59400244848	2863.81099927668	5165.70464921465	2798.27106737578	1993.2489679866	2588.38520239626	2213.47681896587	469.435558257662	2065.41087611299	2748.79915905578	1366.9032850168	1456.21822433594	2889.78679518995	2456.98267357122	2741.8462035138
625.655857197674	0	1484.69923524907	1440.21013415095	4385.06386450646	2115.53950973105	3224.3315426015	2114.78919966005	3560.01935022585	1118.19365520864	2324.53277964327	1595.38019089935	3012.66423943003	1071.45229303665	1580.76546773328	2198.19543026089	2065.76888981135	782.314579747329	4130.3573232604	4740.00799970196	1174.65420712483	1623.28320776852	682.519339371856	3395.24544722342	1117.36753884424	3346.73237011572	2257.1736237001	3681.09723466624	3318.87152380731	2506.21117992153	2333.70689444165	1587.15042841807	2467.06615606944	4069.45599623017	1142.43933541638	6000.88987256524	485.485709999621	2633.41921075384	2063.9338674683	1465.44572093104	1853.14096075443	4363.1450775183	1584.80876916314	1566.95628481327	1956.64334251743	3115.09849397229	5254.26864493061	1281.04915614782	1655.17466643137	1566.90135165321	1177.71089184938	1565.97508952292	1567.20803578323	1567.00487454725	2507.04729624601	1566.28252080459	2505.89717480504	3342.24376177477	1545.49684987305	4067.33041135641	2341.47174694815	3058.12590670247	3611.62869332513	1566.13698815661	1192.33276151828	223.472877326391	1918.94671290721	2831.32113323152	4469.30352778686	3989.42222974017	3013.66188385614	2004.23761128228	2845.43469232249	5747.43181707662	4737.31414376979	4201.57979272262	4068.49575216471	3510.01246553398	485.722784437601	2129.87836111933	1919.37892074366	2604.70360208039	2160.36244431346	3185.80550486452	2885.2823631863	3185.45008348855	2238.15514207901	4540.04879201698	2497.41498633571	1367.59311078892	2287.5291213562	1912.62073792581	1033.22476048995	1439.75501891532	2447.94307801571	741.24742781913	830.562367138267	2264.13093799227	1831.32681637355	2116.19034631612
2110.35509244674	1484.69923524907	0	655.270553803847	2900.3646292574	1186.69301744703	1739.63230735243	1187.18178360784	3711.90446470274	1444.5419827748	2172.64766516638	1443.49507642245	3164.54935390693	1223.33740751355	3029.25458827996	2350.08054473778	2589.28889653727	1020.08663789358	2645.65808801134	3255.30876445289	1111.76610887026	143.219910299026	1025.26545037119	1910.54621197436	798.311250176532	1862.03313486665	2409.05873817699	2196.39799941718	1834.17228855824	2354.32606544463	2939.90478796635	409.406491277171	2618.95127054633	2584.75676098111	1294.32444989327	4516.19063731617	1228.57209579896	2481.53409627694	1146.10390050399	1313.56060645415	1329.89187197893	4211.2599630414	1432.92365468624	329.00650238983	1804.75822804054	1659.72923030277	5406.1537594075	2765.74839139689	1807.05978090826	328.905156199119	1112.27239500277	330.966915861792	331.454278327645	329.774005872171	1022.34806099694	333.518670897566	1021.19793955597	3494.12887625166	993.087420481034	2582.63117610734	856.772511699082	2906.24079222558	3459.74357884824	330.035001004205	2677.03199676734	1642.97028610903	1767.06159843031	2983.20624770842	4621.18864226375	4141.30734421706	3165.54699833303	1506.55982589751	2693.5495778456	4262.73258182755	3252.61490852073	2716.88055747356	2583.79651691565	3661.89758001087	1970.42201968667	645.179125870267	1767.49380626676	4089.40283732945	3645.06167956253	4670.50474011359	4369.98159843537	3337.33519796544	1864.47664693323	3055.34955676791	2345.52987185882	658.407340316668	2135.6440068793	2524.27664469305	2517.92399573901	652.81916452629	2296.05796353882	743.451807429937	654.136868110799	1708.79795355697	346.627581124484	1185.77287808799
2065.86599134862	1440.21013415095	655.270553803847	0	2944.85373035552	1841.96357125088	1784.12140845055	1842.45233741169	4367.17501850659	1400.05288167668	1517.37711136253	788.224522618607	3819.81990771077	1878.60796131739	2984.76548718183	3005.35109854162	2872.92455809209	975.597536795463	2690.14718910946	3299.79786555102	1067.27700777214	798.490464102873	980.776349273066	1955.03531307248	322.842595306708	1988.20742038677	3064.32929198084	2240.8871005153	1878.66138965636	1699.05551164079	3140.86256272239	1064.67704508102	3274.22182435017	2629.24586207923	1949.59500369712	4560.67973841429	1184.08299470083	1826.2635424731	623.723733317351	658.290052650299	1985.16242578278	3555.98940923756	777.653100882397	326.264051414017	1149.48767423669	1674.88835982135	6061.42431321134	2721.25929029877	2462.33033471211	326.365397604728	1067.78329390465	324.303637942055	323.816275476202	325.496547931676	1066.83716209506	321.751882906281	1065.68704065409	4149.39943005551	337.816866677187	2627.12027720546	1282.60538703988	2250.97023842174	2804.47302504439	325.235552799642	2632.54289566922	1598.4811850109	1321.71684736921	3638.47680151226	5276.4591960676	4796.57789802091	3820.81755213688	2161.83037970136	2038.27902404175	4307.22168292567	3297.10400961885	2761.36965857168	2628.28561801377	4317.16813381472	1925.93291858855	689.668226968388	1318.2795328002	4044.91373623133	3600.57257846441	4626.01563901547	4325.49249733724	3992.60575176928	1209.20609312939	3099.83865786603	1690.25931805497	72.6170233620236	1480.37345307546	2479.78754359493	2473.43489464089	2.45138927755693	1640.78740973497	698.962706331816	609.647767012678	2364.06850736081	809.559202210542	1841.04343189183
5010.71972170414	4385.06386450646	2900.3646292574	2944.85373035552	0	2269.52435477541	2182.85284257933	2270.27466484641	1933.54097453427	4344.90661203219	3951.01115533485	3221.85856659092	3600.61774039209	4065.36781764391	5929.61921753735	4419.87221907021	5489.65352579467	3920.45126715098	2057.13664691555	1376.78577311609	4012.13073812766	2761.78065673794	3925.63007962859	1316.34418213285	3267.69632566223	1038.33149439075	2170.65357550783	2060.59821831255	2286.15341052381	4451.0622516111	5840.26941722374	2797.91343608839	3282.9396652622	404.198843042885	3382.19045949598	1615.82600805877	4128.93672505635	4688.73203860804	2924.46739067246	3114.09660930621	2531.92290375203	5989.62345320987	3211.28714485472	2818.1075796932	3583.12171820901	3438.09272047124	3627.79026923903	5666.11302065429	2825.75455980448	2818.16251285325	4012.63702426017	2819.08877498355	2817.85582872323	2818.05898995921	2259.63151372138	2818.78134370188	2256.6707305724	1783.97672075414	2839.56701463341	403.12197652133	2043.59211755832	4684.60428239405	5238.10706901671	2818.92687634986	5577.39662602474	4543.33491536642	4266.57057772473	4219.12348809191	3491.17347762289	4397.20629645551	3601.15815324149	2380.82625322419	4471.91306801407	2195.71947041081	1373.98218932557	2078.61165479442	403.789284278985	5121.15432016906	4870.78664894407	2255.18550338713	4263.13326315572	6989.76746658685	6545.42630881993	7570.86936937099	7270.34622769276	5728.68543299588	3642.8401371017	3792.69018817096	4446.71016554922	3017.47075371754	3914.00749704777	5424.64127395045	5418.28862499641	2945.30884559114	4193.88853065969	3643.81643668733	3554.5014973682	2120.93292651419	2553.73704813291	2268.87351819034
2741.19536692873	2115.53950973105	1186.69301744703	1841.96357125088	2269.52435477541	0	1591.18236985789	0.750310071004137	2525.21144725571	2153.00155817878	3359.34068261341	2630.18809386948	1977.8563364599	1795.8434628685	3660.09486276194	2150.3478642948	3220.12917101926	1817.12248271747	2014.81781352935	2624.46848997091	2209.46211009496	1043.473107148	1717.32724234199	1279.70593749237	1985.00426762356	1231.19286038466	1222.36572072996	1565.55772493519	1694.48293780237	3541.01908289166	3570.74506244834	777.286526169858	1432.2582530993	1953.91648649912	1112.66610472057	3885.35036283418	1859.41237028094	3668.22711372397	2332.79691795102	2500.25362390118	262.398548976625	5397.95298048843	2619.61667213327	1515.69951983686	2991.45124548757	2846.4222477498	4219.46074196047	3396.58866587888	620.366763461229	1515.59817364615	2212.51879481951	1517.65993330882	1518.14729577467	1516.4670233192	1667.96104099994	1520.2116883446	1665.00025785096	2307.43585880463	2179.78043792806	1951.79090162535	559.358184210992	4092.93380967261	4646.43659629527	1516.72801845123	3307.87227124933	2273.81056059101	2953.75461587734	1949.5991333165	3434.49562481672	2954.61432677003	1978.853980886	319.866808450481	3880.24259529263	3631.89230734557	2621.77463403874	2086.04028299157	1952.95624243366	2851.62996539365	2601.26229416866	1561.39051337896	2954.18682371379	4720.24311181144	4275.90195404452	5301.34501459558	5000.82187291735	3459.16107822047	3051.16966438026	3201.01971544952	3532.22288930585	1845.1003577637	3322.33702432633	3155.11691917504	3148.764270221	1839.51218197332	3482.75098098585	1496.55201429712	1528.30501600967	522.104936109937	1032.40436904033	0.920139359041798
3849.98739979917	3224.3315426015	1739.63230735243	1784.12140845055	2182.85284257933	1591.18236985789	0	1591.6711360187	4116.3938171136	3184.17429012723	2435.59917535781	1671.02315936376	3569.03870631778	2904.63549573895	4768.88689563238	3259.13989716524	4328.9212038897	2759.71894524601	906.025780658909	1515.67645710047	2851.39841622269	1601.04833483298	2764.89775772362	866.508660446477	2106.96400375726	1737.42621899377	2813.54809058785	456.765692064747	103.300567944484	3290.32992970613	4679.53709531878	1637.18111418343	3023.44062295718	1778.65399953644	2221.45813759101	2777.97122040332	2968.20440315139	3527.99971670307	1160.3976751332	1953.36428740124	1734.38122438979	4047.6437736354	2048.68529419245	1657.37525778823	1448.11219926805	1255.23987789192	5810.64311181835	4505.38069874932	2211.54913331911	1657.43019094828	2851.9047023552	1658.35645307858	1657.12350681827	1657.32666805425	717.28424635549	1658.04902179691	718.434367796458	3898.61822866252	1678.83469272844	1779.730866058	1031.82418564689	2501.75143981473	3892.04268221936	1658.19455444489	4416.66430411977	3382.60259346145	3105.83825581976	3387.69560011927	5025.67799467461	4545.79669662792	3570.03635074388	1911.04917830837	2289.06022543474	2523.10027447512	1512.9826011683	977.248250121128	1779.06355830034	4066.38693242172	3710.0543270391	1094.45318148216	3102.40094125075	5829.03514468188	5384.69398691496	6410.13704746602	6109.6139057878	4567.95311109091	1459.98729452238	1609.83734559164	3285.97784364425	1856.73843181257	2020.85167911579	4263.90895204548	4257.55630309144	1784.57652368618	3033.15620875473	2483.08411478237	2393.76917546323	2113.28730596782	1393.00472622794	1590.26223049884
2740.44505685772	2114.78919966005	1187.18178360784	1842.45233741169	2270.27466484641	0.750310071004137	1591.6711360187	0	2524.7226810949	2153.49032433959	3359.82944877422	2630.6768600303	1977.36757029909	1795.0931527975	3659.34455269094	2149.59755422379	3219.37886094826	1817.61124887828	2015.56812360035	2625.21880004191	2209.95087625578	1043.96187330882	1717.81600850281	1280.45624756337	1985.49303378437	1231.94317045567	1221.87695456915	1566.30803500619	1694.97170396318	3541.50784905248	3569.99475237733	777.775292330671	1431.76948693849	1954.66679657012	1111.91579464957	3886.10067290519	1858.66206020994	3668.71587988479	2333.28568411183	2500.74239006199	261.648238905621	5398.44174664925	2620.10543829409	1516.18828599767	2991.94001164838	2846.91101391062	4218.97197579966	3395.83835580787	619.877997300417	1516.08693980696	2213.00756098033	1518.14869946963	1518.63606193549	1516.95578948001	1668.44980716075	1520.70045450541	1665.48902401177	2306.94709264382	2180.26920408888	1952.54121169636	559.846950371805	4093.42257583342	4646.92536245608	1517.21678461205	3307.12196117833	2273.06025052001	2954.24338203816	1948.84882324549	3434.00685865591	2954.12556060922	1978.36521472519	319.378042289669	3880.73136145344	3632.64261741657	2622.52494410974	2086.79059306257	1953.70655250466	2850.87965532265	2600.51198409765	1561.87927953977	2954.67558987461	4719.49280174044	4275.15164397352	5300.59470452457	5000.07156284635	3458.41076814946	3051.65843054108	3201.50848161033	3532.71165546666	1845.58912392451	3322.82579048715	3154.36660910404	3148.01396015	1840.00094813413	3483.23974714666	1497.04078045793	1528.79378217048	521.616169949125	1032.89313520115	1.40890551985426
3389.00425640885	3560.01935022585	3711.90446470274	4367.17501850659	1933.54097453427	2525.21144725571	4116.3938171136	2524.7226810949	0	4678.21300543449	5884.55212986912	5155.39954112519	1978.9022750968	2488.56705718919	4307.90375224207	2798.15675377492	3867.93806049938	4342.33392997318	3990.67762144982	3310.32674765036	4734.67355735067	3568.68455440371	4242.5386895977	3249.88515666712	4510.21571487927	2378.96759811982	1302.84572652575	3994.13919284682	4219.69438505808	6066.23053014737	4218.55395192846	3302.49797342557	1661.22419996691	2337.73981757715	2417.58001480946	3237.54147335406	4045.50506022547	6193.43856097968	4858.00836520673	5025.46507115689	2382.01259272381	7923.16442774414	5144.82811938898	4040.91096709257	5516.66269274328	5371.63369500551	1694.24929470476	4044.397555359	1904.84468379448	4040.80962090186	4737.73024207522	4042.87138056453	4043.35874303038	4041.67847057491	4193.17248825565	4045.42313560031	4190.21170510667	217.77558845108	4704.99188518377	2336.6629510556	3084.5696314667	6618.14525692832	7171.64804355098	4041.93946570694	3955.68116072945	3336.54647289946	5478.96606313305	2597.40802279662	1869.4580123276	2775.49083116022	1979.44268794621	2205.34463880523	6405.45404254834	4129.26044494508	3307.52316385984	4012.15262932869	2337.33025881325	3499.43885487378	3485.39816831331	4086.60196063467	5479.3982709695	5368.05200129156	4923.71084352464	5949.1539040757	5648.63076239748	4106.96996770059	5576.38111163597	5726.23116270523	6057.43433656156	4370.31180501941	5847.54847158204	5472.64008815165	3796.57315970112	4364.72362922903	6007.96242824156	4021.76346155283	4053.51646326538	2003.10651114577	3557.61581629604	2526.13158661475
1419.04973624871	1118.19365520864	1444.5419827748	1400.05288167668	4344.90661203219	2153.00155817878	3184.17429012723	2153.49032433959	4678.21300543449	0	1206.33912443463	1513.15113076347	4130.85789463868	2189.6459482453	2698.95912294192	3316.38908546953	3183.96254501999	424.455344881213	4090.20007078613	4699.85074722769	332.775873904539	1583.12595529425	435.674315836787	3355.08819474916	1077.21028636997	3306.57511764145	3375.36727890874	3640.93998219197	3278.71427133304	1388.01752471288	3451.90054965029	1546.9931759438	3585.25981127808	4029.2987437559	2260.63299062502	5960.73262009097	632.707945209021	1515.22555554519	2023.77661499403	1230.81000272598	2296.20041271068	3244.95142230965	1135.48899593477	1526.799032339	1736.06209085917	3074.94124149802	6372.46230013925	1667.83529515852	2773.36832164001	1526.74409917895	332.269587772027	1525.81783704865	1527.05078330896	1526.84762207298	2466.89004377174	1526.12526833032	2465.73992233077	4460.43741698341	1505.33959739878	4027.17315888214	2301.31449447388	1939.93225149383	2493.43503811649	1525.97973568234	2307.10549424719	1341.66653253503	800.753057698565	3949.51478844017	5587.4971829955	5107.61588494881	4131.85553906478	2472.86836662926	1727.24103711385	5707.27456460235	4697.15689129552	4161.42254024835	4028.33849969044	4628.20612074262	1192.81483712118	2089.72110864506	801.185265535015	2644.86085455466	2200.51969678773	3225.96275733879	2925.43961566057	4303.64373869719	2197.99788960474	4499.89153954271	1379.22133112707	1327.43585831465	1169.33546614755	1079.73466191826	1888.48529450637	1399.59776644105	1329.74942280707	701.09017534486	790.405114663998	2675.10649428872	1791.16956389928	2152.08141881974
2625.38886068334	2324.53277964327	2172.64766516638	1517.37711136253	3951.01115533485	3359.34068261341	2435.59917535781	3359.82944877422	5884.55212986912	1206.33912443463	0	764.576015994048	5337.19701907331	3395.98507267993	3905.29824737655	4522.72820990416	4390.30166945462	1542.21819989594	3341.62495601671	3951.27563245827	1149.87857251844	2315.86757546541	1642.01344027142	2634.666973202	1374.33641498985	3505.5845317493	4581.70640334337	2892.36486742255	2530.13915656362	854.730754348325	4658.23967408492	2582.05415644355	4791.59893571271	3546.81231229197	3466.97211505965	5212.15750532155	1839.04706964365	1092.40054134526	1275.20150022461	859.087058712234	3502.53953714531	2038.61229787502	739.724010480135	1843.64116277655	987.486976089753	2326.3661267286	7578.80142457388	2874.17441959315	3979.70744607464	1843.74250896726	1146.8218877939	1841.68074930459	1841.19338683873	1842.87365929421	1718.31492900232	1839.12899426881	1717.16480756135	5666.77654141804	1179.56024468535	3547.88917881352	2799.98249840242	733.593127059203	1456.44350686155	1842.61266416217	3513.44461868182	2548.00565696966	670.239080461953	5155.8539128748	6793.83630743013	6313.95500938344	5338.19466349941	3679.20749106389	880.950012353916	4958.69944983293	3948.5817765261	3412.84742547893	3547.22187105587	5834.54524517725	2399.15396155581	1797.95016923445	666.801765892943	3393.43596932408	2949.09481155715	3974.53787210821	3674.01473042999	5509.98286313182	1449.42277483532	3751.31642477329	850.378668286447	1514.24032484971	414.747496242015	1828.30977668768	3094.824418941	1519.82850064009	597.55703339692	1862.78866831629	1831.03566660374	3881.44561872335	2326.93631357307	3358.42054325437
2178.96424043541	1595.38019089935	1443.49507642245	788.224522618607	3221.85856659092	2630.18809386948	1671.02315936376	2630.6768600303	5155.39954112519	1513.15113076347	764.576015994048	0	4608.04443032938	2666.832483936	3176.14565863263	3793.57562116023	3661.1490807107	1088.69578588226	2577.04894002267	3186.69961646422	1180.37525685893	1586.71498672148	1093.87459835986	1905.51438445808	645.183826245922	2776.43194300537	3852.55381459945	2127.7888514285	1765.56314056957	1619.30677034237	3929.08708534099	1852.90156769962	4062.44634696878	2817.65972354804	2737.81952631573	4447.5814893275	1297.18124378763	1856.97655733931	510.625484230558	282.341128037485	2773.38694840139	2767.76488661895	377.662134828697	1114.48857403262	361.263151618088	1561.79011073455	6849.64883582995	2834.35753938556	3250.55485733071	1114.58992022334	1180.88154299144	1112.52816056066	1112.04079809481	1113.72107055028	962.227052869542	1109.97640552489	965.187836018523	4937.62395267411	450.40765594142	2818.73659006959	2070.82990965849	1462.74571580313	2221.0195228556	1113.46007541825	2784.29202993789	1818.85306822574	1434.815096456	4426.70132413087	6064.6837186862	5584.80242063951	4609.04207475548	2950.05490231996	1250.05450142315	4194.12343383888	3184.00576053206	2648.27140948489	2818.06928231194	5105.39265643332	2039.03116767534	1068.79758049052	1431.37778188699	4158.01198531813	3713.6708275512	4739.11388810226	4438.59074642404	4780.83027438789	684.846758841271	2986.74040877924	1614.95468428049	785.087736105786	692.148930456849	2592.88579268173	2586.53314372768	790.675911896164	1362.13304939097	1133.63607957237	1101.88307785981	3152.29302997942	1597.78372482915	2629.26795451044
2711.80815838997	3012.66423943003	3164.54935390693	3819.81990771077	3600.61774039209	1977.8563364599	3569.03870631778	1977.36757029909	1978.9022750968	4130.85789463868	5337.19701907331	4608.04443032938	0	1941.21194639338	2329.00147714527	819.254478678121	1889.03578540259	3794.97881917736	3443.32251065401	3955.56187558758	4187.31844655486	3021.3294436079	3695.18357880189	2702.53004587131	3962.86060408346	2562.28624600134	1429.96416488426	3446.78408205101	3672.33927426227	5518.87541935156	2239.65167683166	2755.14286262976	545.5980833606	3285.00987211579	1870.22490401365	5216.44374845086	3498.14994942966	5646.08345018387	4310.65325441092	4478.10996036107	1834.65748192799	7375.80931694833	4597.47300859317	3493.55585629676	4969.30758194747	4824.2785842097	2241.60440550057	2463.02259948016	1357.48957299867	3493.45451010605	4190.37513127941	3495.51626976872	3496.00363223457	3494.3233597791	3645.81737745984	3498.06802480449	3642.85659431086	1816.64101963795	4157.63677438796	3282.88428724203	2537.21452067089	6070.79014613251	6624.29293275516	3494.58435491113	1976.77888563266	2789.19136210364	4931.61095233724	618.505747699821	1456.63928835682	976.757990310134	0.997644426101715	1657.98952800942	5858.09893175253	4962.98569296224	3952.86801965542	3464.79751853288	3284.04962805034	1520.53657977698	2938.0430575175	3539.24684983886	4932.04316017369	4056.68802530807	2944.80856842784	3970.2516289789	3669.72848730068	2128.06769260379	5029.02600084016	5178.87605190942	5510.07922576575	3822.9566942236	5300.19336078623	4925.28497735584	2242.3726001323	3817.36851843322	5460.60731744575	3474.40835075701	3506.16135246957	1479.68481387789	3010.26070550023	1978.77647581894
945.351904060225	1071.45229303665	1223.33740751355	1878.60796131739	4065.36781764391	1795.8434628685	2904.63549573895	1795.0931527975	2488.56705718919	2189.6459482453	3395.98507267993	2666.832483936	1941.21194639338	0	1864.25139989344	1126.74313722423	1424.28570815076	1853.76687278398	3810.66127639785	4420.31195283941	2246.10650016148	1303.58716090597	1753.97163240851	3075.54940036087	2021.64865769008	3027.03632325317	1894.71424213609	3361.40118780369	2999.17547694476	3577.66347295818	1774.90159957983	1267.45438155552	1395.61386303278	3749.75994936762	683.177358147933	5681.19382570269	1556.93800303628	3704.87150379049	2369.44130801754	2536.89801396769	1533.44491389188	5434.59737055495	2656.26106219979	1552.34390990338	3028.09563555409	2883.06663781632	4182.81635189395	1600.74520301038	1239.61325783943	1552.24256371267	2249.16318488603	1554.30432337534	1554.79168584119	1553.11141338572	2187.35124938345	1556.85607841111	2186.20112794249	2281.39109688978	2216.42482799458	3747.63436449386	2021.7757000856	4129.57819973913	4683.08098636178	1553.37240851775	1512.02880838083	847.979415710263	2990.39900594386	1759.86884019487	3397.8512347502	2917.96993670352	1942.20959081948	1684.54156441973	3916.88698535915	5427.73577021407	4417.61809690724	3881.88374586007	3748.79970530216	2438.56017249732	996.831111124118	1810.18231425678	2990.83121378031	2924.39964894294	2480.05849117601	3505.50155172707	3204.97841004885	2113.99779045189	3087.81405444678	4220.35274515443	3568.86727937236	1881.74474783021	3358.98141439285	2984.07303096246	1352.9208073525	1876.15657203984	3519.39537105236	1533.19640436363	1564.94940607619	1944.43489112972	1511.630769511	1796.49429945357
1279.90938669321	1580.76546773328	3029.25458827996	2984.76548718183	5929.61921753735	3660.09486276194	4768.88689563238	3659.34455269094	4307.90375224207	2698.95912294192	3905.29824737655	3176.14565863263	2329.00147714527	1864.25139989344	0	1509.74699846715	485.003422078069	2363.08004748061	5674.91267629129	6284.56335273285	2755.41967485811	3167.83856079941	2263.28480710514	4939.80080025431	2661.92289187513	4891.28772314661	3758.96564202953	5225.65258769713	4863.4268768382	4086.97664765481	752.941426708365	3131.70578144896	2646.67955227516	5614.01134926106	2547.42875804137	7545.44522559613	2066.2511777329	4214.18467848712	3608.48922049919	3046.21118866432	3397.69631378532	5943.91054525158	3165.57423689642	3111.51163784416	3537.40881025072	4659.65384700318	4414.81088349157	1031.1238277834	3103.86465773287	3111.4567046841	2758.47635958266	3110.53044255381	3111.76338881412	3111.56022757814	4051.6026492769	3110.83787383548	4050.45252783593	4145.64249678322	3090.05220290394	5611.8857643873	3886.02709997904	4638.89137443576	5192.39416105841	3110.6923411875	391.853628694738	1386.28430217093	3499.71218064049	1710.49572944545	2888.53806005358	2408.65676200689	2328.46106429586	3548.79296431317	4426.20016005577	7291.98717010751	6281.86949680068	5746.13514575351	5613.0511051956	1929.24699780069	1506.14428582075	3674.43371415022	3500.14438847694	2624.78925361132	1189.32901727398	1641.25015183363	1340.72701015541	1604.68461575526	3782.7104951099	6084.60414504787	4078.18045406899	2912.14846381981	3868.29458908948	3493.38620565909	810.473828435552	2984.31037194621	4028.70854574899	2285.80278085002	2375.11772016916	3808.68629102316	3375.88216940444	3660.74569934701
1897.33934922082	2198.19543026089	2350.08054473778	3005.35109854162	4419.87221907021	2150.3478642948	3259.13989716524	2149.59755422379	2798.15675377492	3316.38908546953	4522.72820990416	3793.57562116023	819.254478678121	1126.74313722423	1509.74699846715	0	1069.78130672447	2980.51001000821	4165.16567782415	4774.8163542657	3372.84963738571	2206.86063443875	2880.71476963274	3430.05380178717	3148.39179491431	3381.54072467946	2249.21864356238	3715.90558922998	3353.67987837105	4704.40661018241	1420.39719815354	1940.67405346061	1136.93255380801	4104.26435079391	1055.7560948445	6035.69822712898	2683.68114026051	4831.61464101472	3496.18444524177	3663.64115119192	1887.94931531817	6561.34050777918	3783.00419942402	2679.08704712761	4154.83877277832	4009.80977504055	3056.07321466972	1648.55379031101	1594.11765926573	2678.9857009369	3375.90632211026	2681.04746059957	2681.53482306542	2679.85455060995	2831.34856829069	2683.59921563534	2828.38778514171	2635.89549831607	3343.16796521881	4102.13876592015	2376.28010151189	5256.32133696336	5809.82412358601	2680.11554574198	1157.52440695454	1974.72255293449	4117.14214316809	633.12570297064	2271.10809752597	1791.22679947928	818.714065828714	2039.04596584602	5043.63012258338	5782.24017164036	4772.12249833354	4236.38814728637	4103.30410672846	1311.81703527309	2123.57424834835	2724.77804066971	4117.57435100454	3242.21921613892	2125.55408974972	3150.99715030078	2850.47400862256	1308.81321392567	4214.55719167101	4574.85714658072	4695.6104165966	3008.48788505445	4485.72455161708	4110.81616818669	1427.90379096315	3002.89970926407	4646.13850827659	2659.93954158786	2691.69254330042	2298.93929255601	2195.79189633108	2150.99870087986
1764.91280877128	2065.76888981135	2589.28889653727	2872.92455809209	5489.65352579467	3220.12917101926	4328.9212038897	3219.37886094826	3867.93806049938	3183.96254501999	4390.30166945462	3661.1490807107	1889.03578540259	1424.28570815076	485.003422078069	1069.78130672447	0	2848.08346955868	5234.94698454861	5844.59766099017	3240.42309693618	2727.87286905673	2748.28822918321	4499.83510851163	3015.96525446478	4451.32203140393	3318.99995028684	4785.68689595445	4423.46118509552	4571.98006973288	350.615891429072	2691.74008970628	2206.71386053248	5174.04565751838	2107.46306629869	7105.47953385345	2551.25459981097	4699.18810056519	3363.75790479224	3531.21461074239	2957.73062204264	6428.91396732965	3650.57765897449	2671.54594610148	4022.41223232879	4219.6881552605	3974.84519174889	1516.12724986147	2663.89896599019	2671.49101294142	3243.47978166073	2670.56475081113	2671.79769707144	2671.59453583546	3611.63695753421	2670.8721820928	3610.48683609325	3705.67680504054	3210.74142476928	5171.92007264461	3446.06140823636	5123.89479651383	5677.39758313648	2670.72664944482	876.857050772807	1842.29601248496	3984.71560271856	1270.53003770277	2403.53463797551	1923.65333992882	1888.49537255318	3108.82727257049	4911.20358213384	6852.02147836483	5841.903805058	5306.16945401083	5173.08541345292	1444.24357572263	1991.14770789882	3234.46802240754	3985.14781055501	3109.79267568939	1674.33243935205	2081.21584357631	1780.69270189809	1119.68119367719	4082.13065122148	5644.63845330519	4563.18387614706	2876.06134460491	4353.29801116755	3978.38962773716	1295.47725051362	2870.47316881453	4513.71196782706	2527.51300113833	2559.26600285088	3368.72059928048	2935.91647766176	3220.78000760433
1090.26845455316	782.314579747329	1020.08663789358	975.597536795463	3920.45126715098	1817.12248271747	2759.71894524601	1817.61124887828	4342.33392997318	424.455344881213	1542.21819989594	1088.69578588226	3794.97881917736	1853.76687278398	2363.08004748061	2980.51001000821	2848.08346955868	0	3665.74472590492	4275.39540234648	392.339627377498	1158.67061041304	99.7952403754737	2930.63284986794	652.754941488754	2882.11977276024	3039.48820344743	3216.48463731076	2854.25892645183	1723.8966001742	3116.02147418898	1122.53783106259	3249.38073581676	3604.84339887469	1924.75391516371	5536.27727520976	296.828869747708	1851.10463100651	1599.32127011281	806.354657844771	1960.32133724937	3580.83049777097	802.494189415807	1102.34368745778	1311.60674597796	2650.48589661681	6036.58322467793	1745.66175350331	2437.4892461787	1102.28875429773	395.396312102047	1101.36249216743	1102.59543842775	1102.39227719177	2042.43469889052	1101.6699234491	2041.28457744956	4124.5583415221	1080.88425251757	3602.71781400092	1876.85914959267	2275.81132695515	2829.3141135778	1101.52439080112	1971.22641878587	1005.78745707372	1136.63213315988	3613.63571297885	5251.61810753419	4771.7368094875	3795.97646360347	2136.98929116795	2063.12011257516	5282.81921972114	4272.70154641431	3736.96719536714	3603.88315480923	4292.32704528131	950.335381793084	1665.26576376385	1137.06434099633	3069.31619943587	2624.97504166895	3650.41810222001	3349.89496054178	3967.76466323587	1773.54254472353	4075.4361946615	1715.10040658838	902.980513433439	1505.21454160887	1504.19000679947	1552.60621904506	975.142421559837	1665.62849826838	320.57046842035	365.949769782785	2339.2274188274	1366.71421901807	1816.20234335842
4756.01318045808	4130.3573232604	2645.65808801134	2690.14718910946	2057.13664691555	2014.81781352935	906.025780658909	2015.56812360035	3990.67762144982	4090.20007078613	3341.62495601671	2577.04894002267	3443.32251065401	3810.66127639785	5674.91267629129	4165.16567782415	5234.94698454861	3665.74472590492	0	680.350873799465	3757.4241968816	2507.07411549188	3670.92353838252	740.792464782703	3012.98978441617	1611.71002333	2687.83189492407	449.260088594162	811.485799453095	4196.35571036504	5585.56287597768	2543.20689484233	3028.23312401614	1652.93780387267	3127.48391824992	2652.25502473955	3874.23018381029	4434.02549736198	2066.42345579211	2859.39006806015	2277.21636250597	4953.66955429431	2954.71107485136	2563.40103844714	2354.13797992696	1380.95607355569	5684.92691615458	5411.40647940823	2571.04801855842	2563.45597160719	3757.93048301411	2564.38223373749	2563.14928747717	2563.35244871315	1623.3100270144	2564.07480245582	1624.46014845537	3772.90203299874	2584.86047338735	1654.01467039422	1788.88557631226	3115.31230059961	4798.06846287827	2564.2203351038	5322.69008477868	4288.62837412036	4011.86403647867	3964.41694684585	4899.96179901083	4420.08050096414	3444.32015508011	2126.11971197813	2460.6749436628	1617.07449381622	683.154457589978	71.2224694622194	1653.34736263657	4866.447778923	4616.08010769801	2000.47896214107	4008.42672190966	6735.06092534079	6290.71976757387	7316.16282812493	7015.6396864467	5473.97889174981	1892.20218118139	1735.55354125541	4192.00362430316	2762.76421247148	2926.8774597747	5169.93473270439	5163.58208375035	2690.60230434508	3939.18198941363	3389.10989544127	3299.79495612214	1987.57111030405	2299.03050688685	2014.16697694428
5365.66385689963	4740.00799970196	3255.30876445289	3299.79786555102	1376.78577311609	2624.46848997091	1515.67645710047	2625.21880004191	3310.32674765036	4699.85074722769	3951.27563245827	3186.69961646422	3955.56187558758	4420.31195283941	6284.56335273285	4774.8163542657	5844.59766099017	4275.39540234648	680.350873799465	0	4367.07487332315	3116.72479193344	4280.57421482408	1344.76255247854	3622.64046085772	1393.27562958624	2525.59771070332	1058.91076503572	1421.13647589465	4806.0063868066	6195.21355241924	3152.85757128389	3637.88380045769	972.586930073202	3737.13459469148	1971.90415094008	4483.88086025185	5043.67617380353	2676.07413223367	3469.04074450171	2886.86703894753	5563.32023073587	3564.36175129292	3173.05171488869	2963.78865636852	2061.30694735516	5004.57604235511	6021.05715584979	3180.69869499998	3173.10664804875	4367.58115945567	3174.03291017904	3172.79996391873	3173.00312515471	2232.96070345596	3173.72547889737	2234.11082489692	3092.55115919928	3194.51114982891	973.663796594758	2398.53625275381	3724.96297704117	5407.71913931982	3173.87101154535	5932.34076122024	4898.27905056192	4621.51471292022	4574.0676232874	4219.61092521137	4752.15043165101	3956.10228843699	2735.77038841968	3095.12729489798	1007.42381737466	2.8035837905129	701.825881678333	972.996488837102	5476.09845536456	5225.73078413956	2610.12963858263	4618.07739835121	7344.71160178235	6900.37044401543	7925.81350456648	7625.29036288826	6083.62956819137	2501.85285762295	2415.90441505487	4801.65430074472	3372.41488891304	3536.52813621626	5779.58540914595	5773.23276019191	3300.25298078664	4548.83266585519	3998.76057188283	3909.44563256369	2475.87706170969	2908.68118332841	2623.81765338584
1475.5102881649	1174.65420712483	1111.76610887026	1067.27700777214	4012.13073812766	2209.46211009496	2851.39841622269	2209.95087625578	4734.67355735067	332.775873904539	1149.87857251844	1180.37525685893	4187.31844655486	2246.10650016148	2755.41967485811	3372.84963738571	3240.42309693618	392.339627377498	3757.4241968816	4367.07487332315	0	1250.35008138971	492.134867752972	3022.31232084462	744.434412465429	2973.79924373691	3431.82783082493	3308.16410828743	2945.9383974285	1331.5569727967	3508.36110156647	1432.17558392511	3641.72036319426	3696.52286985136	2317.09354254121	5627.95674618643	689.168497125206	1458.76500362901	1691.00074108949	898.034128821446	2352.66096462687	3188.49087039347	802.713122030233	1194.02315843446	1403.28621695463	2742.16536759348	6428.92285205543	1724.29584707471	2829.82887355619	1193.96822527441	3.05668472454903	1193.04196314411	1194.27490940442	1194.07174816844	2134.1141698672	1193.34939442578	2132.96404842623	4516.89796889959	1172.56372349425	3694.3972849776	1968.53862056934	1883.47169957765	2436.9744862003	1193.2038617778	2363.56604616337	1398.12708445122	744.29250578238	4005.97534035635	5643.95773491168	5164.076436865	4188.31609098096	2529.32891854545	1670.78048519766	5374.49869069781	4364.38101739099	3828.64666634382	3695.56262578591	4684.6666726588	1249.27538903736	1756.94523474053	744.72471361883	2977.6367284592	2533.29557069227	3558.73863124333	3258.21548956511	4360.10429061337	1865.2220157002	4167.11566563817	1322.76077921088	994.659984410113	1112.87491423137	1412.5105358228	1944.94584642256	1066.82189253651	1273.28887089088	712.910095797848	681.157094085295	2731.5670462049	1458.39368999474	2208.54197073592
2248.93906496619	1623.28320776852	143.219910299026	798.490464102873	2761.78065673794	1043.473107148	1601.04833483298	1043.96187330882	3568.68455440371	1583.12595529425	2315.86757546541	1586.71498672148	3021.3294436079	1303.58716090597	3167.83856079941	2206.86063443875	2727.87286905673	1158.67061041304	2507.07411549188	3116.72479193344	1250.35008138971	0	1163.84942289064	1771.96223945491	941.531160475558	1723.4491623472	2265.83882787796	2057.81402689772	1695.58831603879	2497.54597574366	3078.4887604858	266.186580978145	2475.7313602473	2446.17278846165	1151.10453959425	4377.60666479672	1367.15606831841	2624.75400657597	1289.32381080302	1456.78051675317	1186.67196167991	4354.47987334043	1576.14356498527	472.226412688856	1947.97813833957	1802.9491406018	5262.93384910847	2904.33236391634	1663.83987060923	472.125066498145	1250.85636752222	474.186826160818	474.674188626671	472.993916171196	883.764088477486	476.738581196592	882.613967036518	3350.90896595263	1136.30733078006	2444.04720358789	718.188539179628	3049.46070252461	3602.96348914726	473.254911303231	2815.6159692868	1781.55425862848	1910.28150872934	2839.98633740939	4477.96873196472	3998.08743391804	3022.327088034	1363.33991559848	2836.76948814463	4124.1486093081	3114.03093600127	2578.2965849541	2445.21254439619	3518.67766971184	2109.00599220612	517.917406230958	1910.71371656579	4227.98680984891	3783.64565208198	4809.08871263304	4508.56557095482	3194.11528766641	2007.69655723226	2916.76558424846	2488.74978215784	801.627250615694	2278.86391717833	2662.86061721251	2656.50796825847	796.039074825316	2439.27787383784	882.03577994939	792.720840630252	1565.57804325794	208.043608605031	1042.55296778896
1085.08964207555	682.519339371856	1025.26545037119	980.776349273066	3925.63007962859	1717.32724234199	2764.89775772362	1717.81600850281	4242.5386895977	435.674315836787	1642.01344027142	1093.87459835986	3695.18357880189	1753.97163240851	2263.28480710514	2880.71476963274	2748.28822918321	99.7952403754737	3670.92353838252	4280.57421482408	492.134867752972	1163.84942289064	0	2935.81166234555	657.933753966357	2887.29858523784	2939.69296307195	3221.66344978836	2859.43773892943	1823.69184054967	3016.2262338135	1127.71664354019	3149.58549544129	3610.02221135229	1824.95867478824	5541.45608768736	203.306645427769	1950.89987138198	1604.50008259042	811.533470322374	1860.5260968739	3680.62573814644	902.289429791281	1107.52249993539	1316.78555845556	2655.66470909441	5936.78798430246	1740.4829410257	2337.69400580322	1107.46756677533	495.191552477521	1106.54130464504	1107.77425090535	1107.57108966937	2047.61351136813	1106.84873592671	2046.46338992716	4024.76310114662	1086.06306499517	3607.89662647853	1882.03796207027	2375.60656733062	2929.10935395327	1106.70320327873	1871.4311784104	905.992216698246	1236.42737353535	3513.84047260338	5151.82286715871	4671.94156911202	3696.18122322799	2037.19405079247	2162.91535295064	5287.99803219874	4277.88035889191	3742.14600784474	3609.06196728683	4192.53180490583	945.156569315481	1670.44457624145	1236.8595813718	3064.13738695827	2619.79622919134	3645.2392897424	3344.71614806418	3867.9694228604	1778.72135720113	4080.6150071391	1814.89564696386	908.159325911042	1605.00978198434	1499.01119432187	1492.65854536783	980.32123403744	1765.42373864385	281.81364294125	371.128582260388	2239.43217845193	1371.89303149567	1716.40710298295
