0	2931.1182605262	2343.42563997239	6736.18140004787	1784.01074670131	5092.9574762266	1693.92773254508	1785.51603605316	2158.06057793748	3023.41496270276	2718.06572197113	2257.64033841477	2836.71642898079	7054.77949136318	1621.87662929844	3614.46377817772	3306.582847842	6075.94781789022	3809.84139173604	5905.32010331845	564.475497114106	4509.29212339361	5491.38768391162	2824.5436648001	3174.81718128932	2720.17846589493	1130.65212405932	2345.02787971083	3612.55547785651	3401.18987016219	3888.25646346363	3542.14950860815	4186.33678701777	5838.85941442952	3471.84843296267	3976.95874883875	4027.93360916657	2016.46583689597	2159.07832957516	4633.88429027741	2154.29601404442	2157.79958900397	4782.80169690582	3460.58397412797	562.156304662732	3402.62748184346	3269.75006886037	3193.55822969025	1901.57133378778	1896.95553545992	4177.41284857896	2344.06949745452	29.4695970336146	3786.04638752677	3163.03629855822	862.222730317766	1007.88996099638	418.1036751724	6275.03766330786	4736.71373136012	5014.22555684206	3248.78675582273	3735.91715493342	2344.44071504622	2373.1412078975	3250.64398385877	3980.17020000349	1024.24020973338	4167.40736227677	365.874147173652	2456.0958858189	1498.90172856646	4039.2657072871	1283.17917384052	3564.45277747531	2156.86471585553	1640.58883836871	1723.26928737484	4740.90709725587	4578.99503152656	4944.79551575999	2828.1365493448	2156.1274314933	3600.70424568346	4069.15748982899	3440.60015492225	4940.55973956931	4367.33799099031	3024.52687317737	2089.38591029627	2303.58434374246	3271.29310272449	1435.41934738606	565.305668316816	2257.17274328174	6176.85422241993	4175.61720080878	3327.7630327975	2586.29218509379	1539.29051057224
2931.1182605262	0	4166.26256479208	9667.29966057407	3606.847671521	6915.79440104629	1481.41506389588	3608.35296087285	3684.99482994298	3555.55185186444	4540.90264679083	4080.47726323447	3594.40489930927	8877.61641618288	2084.59378656363	5437.30070299742	5129.4197726617	7898.78474270991	4584.19194001288	5508.77331257749	2419.44132884155	6332.1290482133	7314.22460873131	2870.24948234893	4997.65410610902	4543.01539071462	1800.46613646688	4167.86480453053	5435.39240267621	5224.02679498189	1246.86989265557	1426.57292486282	5471.47632702266	7661.69633924921	5294.68535778237	3583.02415698863	3258.12974184536	2977.11104523845	3685.91623438668	6456.7212150971	2263.18430299549	2263.43285780889	6605.63862172551	5283.42089894767	3186.41438358579	5225.46440666315	2936.29939703324	4777.31203109912	3724.40825860747	3277.48571355795	5978.32875699923	4166.90642227421	2953.03017529856	4488.09723132993	4192.71625998818	3065.20771491232	3934.28685756843	3317.78856947158	8097.87458812756	6559.55065617982	5837.8431445098	5071.62368064243	2822.23561796154	4167.27763986592	1039.24249575507	5073.48090867847	5803.00712482318	1906.87805079281	2344.57043745708	3161.31103046905	5387.2141463451	4430.01998909266	5862.1026321068	2251.19140965955	1372.85913247438	2263.94843377022	3463.4257631884	2248.60994429072	6563.74402207556	6401.83195634625	6767.63244057968	4650.97347416449	3685.85001277658	5423.54117050315	4531.63434527709	6371.71841544845	6763.39666438901	6190.17491581001	3556.25421875356	2996.84390318199	4126.42126856215	6202.41136325069	3716.99857271885	2416.09321968963	5188.29100380794	7999.69114723963	5978.72439718562	5150.5999576172	4409.12910991349	4335.71230464271
2343.42563997239	4166.26256479208	0	8529.35992088916	559.41489327108	4895.90570158527	2684.8475008962	557.909603919233	481.267734849101	1230.23644186148	557.14653497694	377.26246016274	5180.14206895318	4711.35385139079	2081.66877822845	1271.03813820533	963.157207869616	3732.52217791783	2016.66287089476	4112.14158247716	1778.95014285828	2165.86648342122	3147.96204393923	1296.01308244316	831.391541316935	698.793007193156	2548.73332169503	1.60223973844512	1269.12983788412	1549.37728660965	2919.39267213652	2739.68963992926	2393.15826617649	3495.43377445713	3268.48641350589	2183.78022799747	2234.75508832529	1189.15151955363	480.346330405405	2290.45865030502	1903.07826179659	1902.8297069832	2439.37605693343	1117.15833415558	2048.47464390087	1551.32777479798	1476.57154801909	1400.37970884896	1123.00170969049	888.776851234134	2384.23432773768	0.643857482130613	2372.895237006	1992.86786668548	1369.85777771693	1927.26797522741	2796.34711788351	2179.84882978667	3931.61202333547	3838.92911229706	3221.04703600078	2222.17200967559	1942.73863409213	1.63757726321705	4716.56684786988	2224.30952345599	2213.43059651046	2334.92715642264	6510.83300224916	2023.37129078414	4249.27440666018	3292.08024940775	1695.84006731471	1915.07115513254	2793.4034323177	1902.31413102186	1183.43155788617	4066.69492734723	3399.76434838055	4057.62514925362	2601.3698757876	707.582071644997	480.412552015506	1257.27860571107	2275.97896898771	5233.77867576353	2597.13409959692	2023.91235101792	1231.34835233608	1169.41866161009	834.516934075684	5064.47162356578	2579.05883303393	1778.11997165557	4070.04670273418	3833.42858244754	2382.4386799675	984.337392825114	299.54753413903	3197.7725649578
6736.18140004787	9667.29966057407	8529.35992088916	0	8381.73963525278	3633.45421930389	8430.10913259295	8518.70644273633	8894.24197798536	9759.59636275064	7972.21338591222	8152.09746072642	6072.8947612648	4551.43042019565	8358.05802934631	7267.24413405327	9344.20704036404	8421.17289895467	10546.0227917839	12641.5015033663	7247.85833173253	10094.9699380877	6217.7690112669	9560.72506484797	9101.39695759294	7830.566913696	7866.83352410719	8530.15750228805	7269.87068373121	6979.9826342795	10624.4378635115	10278.330908656	10922.5181870656	6874.29191439451	5260.87350738327	10713.1401488866	10764.1150092144	8752.64723694384	8895.25972962303	6725.78596449638	8890.4774140923	8893.98098905184	8257.43102544655	8751.06535239589	6480.88527698828	6978.03214609118	10005.9314689082	9929.73962973812	7406.35821119867	8633.13693550779	10913.5942486268	8529.78226122676	6714.26948527551	10522.2277875746	9899.21769860609	6602.09194566175	5733.01280300564	6349.51109110249	5811.18626416386	4690.4308085921	11750.4069568899	6307.18791121356	10472.0985549813	8527.72234362594	8628.05716481901	6305.05039743317	6315.92932437869	7760.42160978126	7654.37238175012	6505.98863010502	4280.08551422898	5237.27967148141	6915.74671304249	8019.36057388839	10300.6341775232	8893.04611590341	7345.92836300299	7418.68971628335	5129.59557250861	4471.73477163554	8046.6298409653	9236.94199253415	8892.30883154117	8241.35177890875	10805.3388898769	3295.58124512562	8046.40239949224	7603.70272278585	9760.70827322524	8825.56731034414	7694.84298681347	3464.88829732338	5950.30108785522	7251.20644088444	4479.00865676613	6740.33320159271	10911.7986008567	9051.39054020244	8229.81238675013	5331.58735593136
1784.01074670131	3606.847671521	559.41489327108	8381.73963525278	0	4748.2854159489	2125.43260762512	136.966807483546	512.502342732575	1377.85672749785	934.054975269825	473.629591713462	4620.7271756821	5270.76874466187	1522.25388495737	1830.45303147641	1522.5721011407	4291.93707118891	2164.28315653113	4259.76186811354	1219.5352495872	2725.2813766923	3707.37693721031	1178.98542959519	1390.80643458802	936.167719193619	1989.31842842395	561.017133009525	1828.5447311552	1617.17912346088	2359.97777886544	2180.27474665818	2540.77855181286	4054.84866772821	3120.86612786951	2331.40051363384	2382.37537396166	629.736626282552	513.520094370251	2849.8735435761	1343.66336852551	1343.41481371212	2998.79095020451	1676.57322742666	1900.8543582645	1618.61673514215	1624.19183365546	1547.99999448534	975.381424054115	329.361957963054	2531.85461337405	560.058750753211	1813.48034373492	2140.48815232186	1517.47806335331	1779.64768959103	2648.72683224714	2032.22854415029	4491.02691660655	3691.30882666068	3368.66732163715	2074.55172403922	2090.35891972851	560.429968344912	4157.1519545988	2076.68923781962	2196.15945330218	1775.51226315156	5951.41810897808	1875.75100514776	4101.65412102381	3144.45996377137	2255.25496058579	1355.65626186146	2233.98853904662	1342.89923775078	1035.81127224979	3507.28003407615	3252.14406274417	3910.00486361725	3160.78476905868	1044.12580264349	510.569196288386	1816.69349898215	2423.59925462408	5086.15839012716	3156.548992868	2583.327244289	1378.96863797246	610.003768339009	686.896648439311	4916.8513379294	2431.43854739756	1218.70507838449	3902.73097848665	4392.84347571862	2530.05896560387	1543.75228609619	802.281438392482	3050.15227932142
5092.9574762266	6915.79440104629	4895.90570158527	3633.45421930389	4748.2854159489	0	5434.37933715041	4885.25222343244	5260.78775868147	6126.14214344675	4338.75916660833	4518.64324142253	7929.67390520739	1961.82201513658	4831.20061448266	3633.78991474938	5710.75282106016	4787.71867965078	6912.56857248003	9008.04728406243	4528.48197911249	6461.51571878382	2584.31479196301	5927.27084554409	5467.94273828906	4197.11269439211	5298.26515794924	4896.70328298417	3636.41646442732	3346.52841497562	6990.98364420762	6644.87668935214	7289.06396776176	3240.83769509063	1627.41928807938	7079.68592958274	7130.66078991056	5119.19301763996	5261.80551031915	3092.3317451925	5257.02319478841	5260.52676974796	4623.97680614266	5117.61113309201	4530.80117156387	3344.57792678729	6372.47724960436	6296.28541043423	3772.90399189478	4999.68271620391	7280.14002932295	4896.32804192287	5122.42707326021	6888.77356827075	6265.7634793022	4230.73474590883	4085.06751523022	4674.8538010542	2177.73204485998	1056.97658928822	8116.95273758605	2673.73369190968	6838.6443356774	4894.26812432205	7466.09868412409	2671.59617812928	2682.47510507481	5084.45899267685	9260.36483850337	4727.08332905295	3406.9964073097	5162.11877875639	3282.2924937386	4664.60299138675	6667.1799582193	5259.59189659952	3712.4741436991	6816.22676360143	1496.14135320472	838.28055233165	4413.17562166142	5603.48777323027	5258.85461223728	4607.89755960487	7171.88467057298	2729.08678966429	4412.94818018835	3970.24850348196	6127.25405392135	5192.11309104026	4061.38876750959	2236.40012495798	3657.53812884054	4527.65180790978	6819.57853898839	3106.87898228882	7278.34438155277	5417.93632089855	4596.35816744624	3553.66696565436
1693.92773254508	1481.41506389588	2684.8475008962	8430.10913259295	2125.43260762512	5434.37933715041	0	2126.93789697697	2203.5797660471	2074.13678796855	3059.48758289495	2599.06219933858	2495.29456805698	7396.201352287	603.178722667751	3955.88563910153	3648.00470876582	6417.36967881403	3102.776876117	4211.39237077337	1182.25080086042	4850.71398431742	5832.80954483543	1388.83441845305	3516.23904221314	3061.60032681874	563.275608485759	2686.44974063465	3953.97733878032	3742.611731086	2194.32873091856	1848.22177606307	3990.06126312678	6180.28127535333	3813.27029388648	2283.03101629367	2334.00587662149	1495.69598134257	2204.5011704908	4975.30615120122	781.769239099611	782.017793913005	5124.22355782963	3802.00583505179	1949.22385560467	3744.04934276727	1575.82233631529	3295.89696720324	2242.99319471159	1796.07064966207	4496.91369310335	2685.49135837833	1715.83964731744	3006.68216743405	2711.3011960923	1828.0171869312	2697.09632958731	2080.59804149046	6616.45952423167	5078.13559228393	4356.42808061392	3590.20861674655	2041.98942238834	2685.86257597003	2031.71934697368	3592.06584478258	4321.5920609273	669.687522811692	3825.98550135296	1924.12050248793	4150.02361836397	3192.82946111154	4380.68756821091	769.776345763664	1870.52504493024	782.533369874338	1982.01069929252	1381.84742645102	5082.32895817968	4920.41689245037	5286.2173766838	3169.55841026861	2204.4349488807	3942.12610660727	3050.21928138121	5134.52788746733	5281.98160049313	4708.75985191412	2074.83915485768	1515.42883928611	2645.00620466627	4965.22083526957	2479.80804473773	1178.90269170851	3951.10047582682	6518.27608334375	4497.30933328974	3669.18489372132	2927.7140460176	3098.52177666159
1785.51603605316	3608.35296087285	557.909603919233	8518.70644273633	136.966807483546	4885.25222343244	2126.93789697697	0	375.535535249029	1240.88992001431	932.549685917977	472.124302361615	4622.23246503395	5269.26345531003	1523.75917430922	1828.94774212457	1521.06681178885	4290.43178183706	2027.31634904758	4122.79506062999	1270.8481110038	2723.77608734045	3705.87164785846	1042.01862211164	1389.30114523617	934.662429841771	1990.8237177758	559.511843657678	1827.03944180335	1615.67383410904	2361.48306821728	2181.78003601003	2403.81174432932	4053.34337837636	3257.83293535306	2194.43370615029	2245.40856647811	631.2419156344	376.553286886705	2848.36825422425	1345.16865787736	1344.92010306396	2997.28566085266	1675.06793807482	2037.82116574805	1617.1114457903	1487.22502617191	1411.03318700179	1112.34823153766	330.867247314901	2394.88780589051	558.553461401364	1814.98563308677	2003.52134483831	1380.51125586976	1916.61449707458	2785.69363973068	2169.19535163384	4489.5216272547	3828.27563414423	3231.70051415361	2211.51853152277	1953.39211224496	558.924678993065	4158.65724395065	2213.65604530316	2202.77711835764	1777.01755250341	5952.92339832993	2012.71781263131	4238.62092850735	3281.42677125492	2253.74967123395	1357.1615512133	2235.49382839847	1344.40452710263	1172.77807973334	3508.78532342799	3389.11087022772	4046.97167110079	3159.27947970683	1042.62051329164	373.60238880484	1815.1882096303	2286.63244714054	5223.12519761071	3155.04370351616	2581.82195493716	1242.00183048891	611.509057690856	823.863455922857	5053.81814541295	2568.40535488111	1267.50000185189	4039.6977859702	4391.33818636678	2393.09215812032	1542.24699674435	800.776149040635	3187.11908680497
2158.06057793748	3684.99482994298	481.267734849101	8894.24197798536	512.502342732575	5260.78775868147	2203.5797660471	375.535535249029	0	865.35438476528	922.028592073142	742.144517258942	4698.87433410408	5192.62158623989	1600.40104337935	1752.30587305443	1444.42494271872	4213.78991276693	1651.78081379856	3747.25952538096	1646.38364625283	2647.13421827032	3629.22977878833	814.745347594055	1312.65927616604	1063.67506428936	2067.46558684593	482.869974587546	1750.39757273322	1914.25934370585	2438.12493728742	2258.42190508016	2028.27620908029	3976.70150930623	3633.36847060209	1818.89817090126	1869.87303122908	707.883784704532	1.01775163767678	2771.72638515412	1421.81052694749	1421.5619721341	2920.64379178253	1598.42606900468	2413.35670099708	1916.20983189418	1111.68949092289	1092.31720115614	1487.88376678669	407.509116385033	2293.33392705625	481.911592331232	2179.97249270985	1627.98580958928	1004.97572062073	2292.15003232361	3161.22917497971	2544.73088688287	4412.87975818457	4203.81116939326	2856.16497890458	2587.05406677179	1577.85657699593	482.282809922933	4235.29911302078	2589.19158055219	2578.31265360667	1853.65942157354	6029.56526740006	2388.25334788034	4614.15646375638	3656.96230650395	2177.10780216381	1433.80342028344	2312.1356974686	1421.04639617276	1548.31361498237	3585.42719249812	3764.64640547675	4422.50720634982	3082.6376106367	965.978644221511	1.93314644418837	1738.54634056017	1911.09691189151	5598.66073285973	3078.40183444602	2505.18008586702	866.466295239882	688.150926760988	1199.39899117189	5429.35368066198	2943.94089013014	1643.03553710092	4415.23332121923	4314.69631729665	2293.72956724264	1465.60512767422	724.134279970503	3562.654622054
3023.41496270276	3555.55185186444	1230.23644186148	9759.59636275064	1377.85672749785	6126.14214344675	2074.13678796855	1240.88992001431	865.35438476528	0	1787.38297683842	1607.49890202422	4569.43135602553	5425.64712106802	1470.9580653008	2492.35222869737	1573.86792079726	4343.23289084548	1028.64008814845	2881.90514061568	2511.73803101811	2776.57719634887	3758.67275686687	685.302369515509	1442.10225424458	1929.02944905464	1938.02260876738	1229.43886046259	2489.72567901943	2779.61372847113	2308.68195920887	2128.97892700161	1915.92447515823	4106.14448738478	4498.72285536737	953.543786135984	1004.5186464638	1006.94912580679	864.336633127603	3033.81039825426	1292.36754886894	1292.11899405555	3050.08676986107	1727.86904708323	3278.71108576236	2781.56421665946	619.2524548312	1221.76017923468	2353.23815155197	1126.45942724284	2422.77690513479	1229.81410152388	3045.32687747513	932.545379465497	637.164408123744	3157.50441708889	4026.58355974499	3410.08527164815	4542.32273626312	5069.16555415854	2282.29129264536	3452.40845153707	733.316233902893	1231.8740191247	4105.85613494224	3454.54596531747	3443.66703837195	1999.17475296938	5900.12228932151	3253.60773264562	5479.51084852166	4522.31669126923	2843.84964970815	1740.23578886225	2182.69271939005	1291.60341809422	2413.66799974765	3455.98421441958	4630.00079024203	5287.8615911151	3212.08058871524	1095.42162230006	867.287531209469	1867.98931863872	1045.74252712623	6464.01511762501	3207.84481252457	2634.62306394557	1.11191047460147	934.029052406497	2064.75337593717	6294.70806542726	3809.29527489542	2508.3899218662	5280.58770598451	4444.13929537519	2423.17254532119	1595.04810575276	1529.78397600051	4428.00900681928
2718.06572197113	4540.90264679083	557.14653497694	7972.21338591222	934.054975269825	4338.75916660833	3059.48758289495	932.549685917977	922.028592073142	1787.38297683842	0	460.425383556362	5554.78215095192	4336.71376939205	2456.3088602272	896.398056206588	1371.99365445183	3357.88209591908	2573.8094058717	4669.2881174541	2153.59022485703	2122.75655217549	2773.32196194048	1670.6531644419	1129.18357168073	141.646472216216	2923.37340369377	557.944116375837	894.489755885377	992.230751632711	3294.03275413526	3114.329721928	2950.30480115343	3120.79369245839	2711.33987852895	2740.92676297441	2791.90162330223	1563.79160155238	923.046343710819	1915.81856830628	2277.71834379534	2277.46978898194	2064.73597493468	778.851966483679	2155.9094173084	994.18123982104	2033.71808299603	1957.5262438259	816.494388183355	1263.41693323288	2941.38086271462	557.568875314539	2747.53531900475	2550.01440166242	1927.00431269387	1855.84299165337	2239.20058290657	2299.96204679873	3556.97194133673	3281.78257732011	3778.19357097772	1665.02547469865	2499.88516906907	555.508957713723	5091.20692986863	1667.16298847905	1656.28406153352	2709.56723842138	6885.4730842479	2352.19157479748	3692.12787168324	2787.22702450093	1321.19998531597	2289.71123713128	3168.04351431644	2276.95421302061	1077.47688360243	4441.33500934597	2842.61781340361	3500.47861427668	2226.72979378885	1264.72860662194	920.095445628953	882.638523712323	2833.12550396465	4676.63214078659	2222.49401759818	1649.27226901918	1788.49488731302	1544.05874360883	414.481378228676	4507.32508858884	2021.91229805699	2152.76005365432	4444.68678473293	3458.7885004488	2939.58521494444	1079.17715429022	257.59900083791	2640.62602998086
2257.64033841477	4080.47726323447	377.26246016274	8152.09746072642	473.629591713462	4518.64324142253	2599.06219933858	472.124302361615	742.144517258942	1607.49890202422	460.425383556362	0	5094.35676739556	4797.13915294841	1995.88347667083	1356.82343976295	1192.10957963763	3818.30747947545	2393.9253310575	4489.4040426399	1693.16484130067	2251.65178497884	3233.74734549685	1408.62760412156	949.299496866526	462.538127480156	2462.94802013741	378.060041561636	1354.91513944174	1172.11482644691	2833.6073705789	2653.90433837164	2770.42072633923	3581.21907601475	2891.22395334315	2561.04268816021	2612.01754848803	1103.36621799601	743.162268896618	2376.24395186264	1817.29296023897	1817.04440542558	2525.16135849104	1202.9436357132	1695.48403375204	1174.06531463524	1853.83400818183	1777.6421690117	745.739249527748	802.991549676517	2761.49678790042	377.684800500339	2287.10993544839	2370.13032684822	1747.12023787967	1550.00551506467	2419.08465772077	1839.53666324237	4017.39732489309	3461.66665213432	3598.30949616352	1844.90954951285	2320.00109425487	375.624882899522	4630.78154631227	1847.04706329325	1836.16813634772	2249.14185486502	6425.04770069154	1891.76619124112	3872.01194649744	2914.81778924501	1781.62536887233	1829.28585357492	2707.61813076008	1816.52882946425	806.169097723427	3980.90962578961	3022.50188821781	3680.36268909088	2687.15517734522	1084.84453180774	740.211370814753	1343.06390726869	2653.24142915045	4856.51621560079	2682.91940115454	2109.69765257554	1608.61081249882	1083.63336005247	457.254473912944	4687.20916340303	2201.79637287119	1692.33467009796	3984.26140117656	3919.21388400516	2759.70114013024	1070.12269438273	328.651846679019	2820.51010479506
2836.71642898079	3594.40489930927	5180.14206895318	6072.8947612648	4620.7271756821	7929.67390520739	2495.29456805698	4622.23246503395	4698.87433410408	4569.43135602553	5554.78215095192	5094.35676739556	0	9891.49592034397	3098.47329072473	6451.18020715851	6143.2992768228	8912.66424687101	5598.07144417398	6568.60674210152	3401.1919260949	7346.0085523744	8328.10411289241	3884.12898651002	6011.53361027011	5556.89489487572	2631.40874725815	5181.74430869162	6449.2719068373	6237.90629914298	4551.54310224671	4205.43614739122	6485.35583118376	8675.57584341031	6308.56486194346	4640.24538762182	4691.22024794964	3990.99054939955	4699.79573854777	7470.6007192582	3277.06380715659	3277.31236196998	7619.5181258866	6297.30040310876	3398.87273364352	6239.34391082425	3950.17890119433	5791.19153526021	4738.28776276857	4291.36521771905	6992.20826116033	5180.78592643531	2807.24683194718	5501.97673549103	5206.59576414928	3698.93915929856	3844.60638997716	3254.82010415319	9111.75409228865	7573.43016034091	6851.72264867089	6085.50318480352	4399.20379371649	5181.15714402701	2555.1624035542	6087.36041283956	6816.88662898428	2845.21491253054	1581.47762048531	3202.59057615444	4522.67749789769	2767.55512645099	6875.98213626789	3265.07091382064	4227.73941625839	3277.82793793131	4477.3052673495	1345.79495501855	7577.62352623666	7415.71146050735	7781.51194474078	5664.85297832559	4699.72951693767	6437.42067466425	5545.51384943819	5200.5871155431	7777.2761685501	7204.0544199711	4570.13372291466	4010.72340734309	5140.30077272325	5693.2737802494	4272.13577636685	3402.02209729761	1593.88610449867	9013.57065140072	6992.60390134672	6164.47946177829	5423.00861407458	4376.00693955303
7054.77949136318	8877.61641618288	4711.35385139079	4551.43042019565	5270.76874466187	1961.82201513658	7396.201352287	5269.26345531003	5192.62158623989	5425.64712106802	4336.71376939205	4797.13915294841	9891.49592034397	0	6793.02262961924	3440.31571318546	5010.25779868142	4087.22365727205	6212.07355010129	8307.5522616837	6490.30399424908	5761.02069640509	1883.81976958428	6007.36693383395	4767.44771591032	4334.60102546825	7260.08717308582	4709.75161165235	3442.22401350667	3653.58962120099	7630.74652352731	7451.04349132005	6588.56894538303	2540.34267271189	3582.93105840051	6379.190907204	6430.16576753182	5900.50537094443	5191.7001817962	2420.89520108577	6614.43211318738	6614.18355837399	3923.48178376393	4417.11611071327	6492.62318670045	3652.15200951972	5941.31701914964	5595.7903880555	5153.2081575754	5600.13070262493	6579.64500694422	4710.70999390866	7084.2490883968	6188.27854589202	5565.26845692347	6192.55676104542	6046.88953036681	6636.67581619078	1477.23702248124	2318.06576000306	7416.45771520732	3805.99273554045	6138.14931329867	4710.33877631696	9427.92069926068	3804.13550750441	3074.60929135969	7046.28100781343	11222.18685364	6688.90534418953	5368.81842244628	7123.94079389298	3015.51378407608	6626.42500652333	7504.75728370849	6613.66798241266	5414.19065299448	8778.04877873802	2313.87239410731	2475.78445983663	3712.68059928268	4902.99275085153	5191.7664034063	3907.40253722613	6471.38964819425	4690.90880480088	3712.45315780961	3269.75348110323	5426.75903154262	5880.77251300088	4751.19514762073	4198.22214009457	5619.36014397712	6489.47382304637	8781.40055412498	2406.38395991009	6577.84935917403	4717.44129851982	4468.48730626939	5515.48898079094
1621.87662929844	2084.59378656363	2081.66877822845	8358.05802934631	1522.25388495737	4831.20061448266	603.178722667751	1523.75917430922	1600.40104337935	1470.9580653008	2456.3088602272	1995.88347667083	3098.47329072473	6793.02262961924	0	3352.70691643378	3044.82598609807	5814.19095614628	2499.59815344925	4283.44347402001	1110.19969761379	4247.53526164967	5229.63082216768	1202.66703550166	2913.06031954539	2458.42160415099	491.224505239123	2083.2710179669	3350.79861611257	3139.43300841825	2266.3798341652	1920.27287930971	3386.88254045903	5577.10255268558	3210.09157121873	2355.08211954031	2406.05697986813	892.517258674818	1601.32244782305	4372.12742853347	532.419384745982	535.922959705532	4521.04483516188	3198.82711238403	1877.17275235803	3140.87062009952	1647.87343956193	2692.71824453549	1639.81447204384	1192.89192699432	3893.7349704356	2082.31263571058	1643.7885440708	2403.5034447663	2108.12247342455	1755.96608368457	2625.04522634067	2008.54693824382	6013.28080156392	4474.95686961618	3753.24935794617	2987.02989407879	2114.04052563498	2082.68385330228	2634.89806964143	2988.88712211483	3718.41333825955	597.636419565056	4429.16422402071	1852.06939924129	4077.97251511734	3120.7783578649	3777.50884554316	338.697455457923	1942.57614817687	534.988086557093	1378.83197662477	1985.02614911878	4479.15023551193	4317.23816978262	4683.03865401605	2566.37968760086	1601.25622621294	3338.94738393952	2447.28086053055	5062.47678422069	4678.80287782537	4105.58112924637	1471.66043218993	912.250116618362	2041.82748199852	4893.16973202293	2407.75694149109	1106.85158846187	3879.04937258018	5915.09736067599	3894.13061062199	3066.00617105356	2324.53532334985	3026.47067341495
3614.46377817772	5437.30070299742	1271.03813820533	7267.24413405327	1830.45303147641	3633.78991474938	3955.88563910153	1828.94774212457	1752.30587305443	2492.35222869737	896.398056206588	1356.82343976295	6451.18020715851	3440.31571318546	3352.70691643378	0	2076.96290631078	2461.4840397125	3278.77865773065	5374.25736931305	3049.98828106362	2827.72580403444	1876.9239057339	2567.05122064849	1834.15282353968	894.285312282794	3819.77145990036	1269.43589846689	2.62654967794225	287.261499773761	4190.43081034185	4010.72777813459	3655.27405301238	2224.3956362518	2006.37062667	3445.89601483336	3496.87087516118	2460.18965775897	1751.38446861074	1019.42051209969	3174.11640000192	3173.86784518853	1168.33791872809	1483.82121834263	3052.30747351499	289.21198796209	2738.68733485498	2662.49549568485	1712.89244438994	2159.81498943947	3646.35011457357	1270.3942807232	3643.93337521134	3254.98365352137	2631.97356455282	2752.24104785996	2606.57381718135	3196.36010300532	2660.57388513014	2576.81332546116	4483.16282283667	960.056222839703	3204.85442092802	1270.0230631315	5987.60498607522	962.193736620098	951.314809674573	3605.96529462797	7781.87114045449	3248.58963100407	2987.15861982429	3683.62508070752	424.80192910938	3186.10929333787	4064.44157052303	3173.3522692272	1973.87493980902	5337.73306555256	2137.64856154466	2795.50936241773	1330.33173758226	1969.69785848089	1751.45069022084	974.107644855487	3538.0947558236	3971.66288892764	1326.09596139159	752.874212812591	2493.46413917197	2440.45679981542	1310.87943443526	3802.35583672989	2179.04443079166	3049.15810986091	5341.08484093951	2562.39044424221	3644.55446680339	1784.14640614917	1028.17159308393	2075.17326760548
3306.582847842	5129.4197726617	963.157207869616	9344.20704036404	1522.5721011407	5710.75282106016	3648.00470876582	1521.06681178885	1444.42494271872	1573.86792079726	1371.99365445183	1192.10957963763	6143.2992768228	5010.25779868142	3044.82598609807	2076.96290631078	0	2769.36497004821	1201.81575141987	3297.29446300228	2742.1073507279	1202.7092755516	3126.43802909714	2259.17029031277	242.810082771101	1513.64012666804	3511.89052956465	961.55496813117	2074.33635663284	2364.22440608454	3882.54988000613	3702.84684779888	1578.3111467016	2532.27656658751	4083.33353298077	1546.39561567307	1871.29003081634	2152.30872742325	1443.50353827502	2618.42107586766	2866.23546966621	2865.98691485281	1476.21884906381	593.141687968148	2863.32176337576	2366.17489427287	2193.12037562846	585.532589374077	1937.84882916538	1851.93405910375	1569.38720826279	962.513350387485	3336.05244487562	1178.0207472106	936.703512673519	2742.11509470229	3611.1942373584	2994.69594926155	3533.02077620018	4653.77623177194	2406.19991652589	3037.01912915048	2307.18415470016	962.142132795783	5679.7240557395	3039.15664293088	3028.27771598535	3298.08436429225	7473.99021011877	2940.70870066835	5064.12152613507	4106.92736888263	2428.46032732156	2878.22836300215	3756.56064018732	2865.47133889148	1998.27867736105	5029.85213521684	4214.61146785543	4872.47226872851	1638.21266791798	478.446298497205	1443.56975988512	1102.85526145529	1461.13184951282	6048.62579523842	1633.97689172731	1740.5043175782	1573.16555390814	2132.57586947971	1649.36405355057	5879.31874304066	3393.90595250882	2741.27717952519	5033.2039106038	2870.27137457793	1567.59156049261	292.816500161603	1114.39465361392	4012.61968443268
6075.94781789022	7898.78474270991	3732.52217791783	8421.17289895467	4291.93707118891	4787.71867965078	6417.36967881403	4290.43178183706	4213.78991276693	4343.23289084548	3357.88209591908	3818.30747947545	8912.66424687101	4087.22365727205	5814.19095614628	2461.4840397125	2769.36497004821	0	3314.59280269703	4220.32860441165	5511.47232077611	1673.79703913304	2203.40388768777	5028.53526036099	2901.13063660089	3355.76935199529	6281.25549961286	3730.91993817938	2463.39234003371	2674.75794772803	6651.91485005435	6472.21181784709	2501.34528811098	1546.88098456016	3160.2993915714	4315.76058572128	4640.65500086456	4921.67369747146	4212.86850832323	1695.38693445829	5635.60043971442	5635.35188490103	1293.1461209844	2615.36384376225	5513.79151322749	2673.32033604676	4962.48534567668	3121.47271161079	4174.37648410244	4621.29902915196	2492.42134967217	3731.8783204357	6105.41741492383	3410.68751137998	3706.06848272173	5213.72508757245	5068.05785689384	5657.84414271782	2609.98663479081	3730.74209036257	3329.23405793526	2827.16106206749	5076.54912474837	3731.507102844	8449.08902578771	2825.30383403145	2105.24357457598	6067.44933434047	10243.355180167	5710.07367071657	4389.98674897332	6145.10912042001	2036.68211060312	5647.59333305037	6525.92561023553	5634.83630893969	4435.35897952151	7799.21710526506	3291.57732644606	3949.43812731913	1131.15230213023	3247.81126854542	4212.93472993334	2475.24357220676	3367.15039743282	5125.59165382905	1135.38807832091	1708.60982689991	4342.53052395635	4901.94083952792	3772.36347414776	4956.28460163129	4640.52847050416	5510.6421495734	7802.56888065201	1680.83969736196	2490.62570190198	2748.18478509272	3489.65563279643	4536.65730731798
3809.84139173604	4584.19194001288	2016.66287089476	10546.0227917839	2164.28315653113	6912.56857248003	3102.776876117	2027.31634904758	1651.78081379856	1028.64008814845	2573.8094058717	2393.9253310575	5598.07144417398	6212.07355010129	2499.59815344925	3278.77865773065	1201.81575141987	3314.59280269703	0	2095.4787115824	3298.16446005139	1747.93710820042	4328.25378051701	1713.94245766395	1444.62583419097	2715.45587808791	2966.66269691583	2015.86528949586	3276.15210805271	3566.04015750441	3337.32204735732	3157.61901515006	887.284387009781	3671.7308773894	5285.14928440064	1001.16778302425	1326.06219816753	1793.37555484007	1650.76306216088	3820.23682728753	2321.00763701739	2320.759082204	2288.59176633737	1794.95743938802	4065.13751479563	3567.99064569274	1647.89254297965	616.283162045794	3139.66458058525	1912.88585627612	1394.13681698635	2016.24053055716	3831.75330650841	96.0947086829481	646.805093177825	3943.93084612217	4813.00998877827	4196.51170068143	4734.83652762005	5855.59198319181	1253.65120449692	4238.83488057035	1761.95632205134	2018.30044815798	5134.49622309068	4240.97239435075	4230.09346740522	2785.60118200266	6928.76237746996	4040.0341616789	6265.93727755494	5308.7431203025	3630.27607874143	2526.66221789552	3211.3328075385	2320.24350624266	3200.09442878092	4484.62430256802	5416.4272192753	6074.28802014838	2499.39295081861	1309.08079924976	1653.71396024274	2304.67101287516	259.316098092952	7250.44154665829	2499.62039229168	2942.32006899807	1027.93772125932	1720.45548143977	2851.17980497044	7081.13449446053	4595.72170392869	3294.81635089947	6067.01413501778	3805.68959019121	1394.53245717274	1494.63225158147	2316.21040503379	5214.43543585255
5905.32010331845	5508.77331257749	4112.14158247716	12641.5015033663	4259.76186811354	9008.04728406243	4211.39237077337	4122.79506062999	3747.25952538096	2881.90514061568	4669.2881174541	4489.4040426399	6568.60674210152	8307.5522616837	4283.44347402001	5374.25736931305	3297.29446300228	4220.32860441165	2095.4787115824	0	5393.64317163379	2546.53156527861	6423.73249209942	3080.77643851835	3540.10454577338	4810.93458967032	4774.66797925913	4111.34400107827	5371.63081963511	5661.51886908681	4261.90341992192	4082.20038771467	1718.98331630067	5767.20958897181	7380.62799598305	1928.3613544797	2250.64357073213	3888.85426642247	3746.24177374328	5915.71553886994	3751.02408927402	3747.52051431447	4384.07047791977	3890.43615097042	6160.61622637804	5663.46935727514	2635.57003445808	2711.7618736282	5235.14329216765	4008.36456785853	1727.90725473948	4111.71924213956	5927.23201809081	2119.27371579168	2742.28380476023	6039.40955770457	6908.48870036067	6291.99041226383	6830.31523920245	7951.07069477422	891.094546476383	6334.31359215276	2686.53769461595	4113.77915974038	6059.07759565529	6336.45110593315	6325.57217898763	4881.07989358506	7853.34375003457	6135.5128732613	8361.41598913734	7404.22183188491	5725.75479032383	4622.14092947793	4135.91418010311	3748.45538746291	5295.57314036333	5409.20567513263	7511.90593085771	8169.76673173078	4594.87166240101	3404.55951083217	3749.19267182515	4400.14972445757	1836.16261348945	9345.9202582407	4595.09910387408	5037.79878058047	2880.79323014108	3815.93419302218	4946.65851655285	9176.61320604294	6691.2004155111	5390.29506248188	8162.49284660019	5901.16830177361	1729.70290250967	3590.11096316388	4411.68911661619	7309.91414743496
564.475497114106	2419.44132884155	1778.95014285828	7247.85833173253	1219.5352495872	4528.48197911249	1182.25080086042	1270.8481110038	1646.38364625283	2511.73803101811	2153.59022485703	1693.16484130067	3401.1919260949	6490.30399424908	1110.19969761379	3049.98828106362	2742.1073507279	5511.47232077611	3298.16446005139	5393.64317163379	0	3944.8166262795	4926.91218679751	2312.86673311545	2610.34168417522	2155.70296878082	769.783178836747	1780.55238259673	3048.0799807424	2836.71437304809	3376.57953177898	3030.47257692349	3674.65985533312	5274.38391731541	2907.37293584857	3465.2818171541	3516.25667748192	1504.78890521132	1647.40139789051	4069.4087931633	1642.61908235977	1646.12265731932	4218.32619979171	2896.10847701387	766.973054744244	2838.15198472935	2758.07313717572	2681.88129800559	1337.09583667367	1385.27860377527	3665.73591689431	1779.59400034041	593.945094147721	3274.36945584211	2651.35936687356	645.766386070778	1514.84552872688	898.347240630037	5710.56216619375	4172.23823424602	4502.54862515741	2684.31125870863	3224.24022324876	1779.96521793212	2937.6167050116	2686.16848674467	3415.69470288938	555.977013564356	4731.88285939087	741.869701627508	2967.77281750355	2010.57866025112	3474.790210173	771.502242155865	3052.77584579066	1645.18778417088	1076.1133412546	2287.74478448894	4176.43160014176	4014.51953441245	4380.32001864588	2263.66105223069	1644.45049980864	3036.22874856935	3557.48055814434	3952.2770866069	4376.08424245521	3802.86249387621	2512.84994149271	1577.70897861162	1739.10884662835	3782.97003440915	1297.5572438773	3.34810915191468	2768.8496749664	5612.37872530583	3663.94026912413	2763.2875356834	2021.81668797968	1916.27097580117
4509.29212339361	6332.1290482133	2165.86648342122	10094.9699380877	2725.2813766923	6461.51571878382	4850.71398431742	2723.77608734045	2647.13421827032	2776.57719634887	2122.75655217549	2251.65178497884	7346.0085523744	5761.02069640509	4247.53526164967	2827.72580403444	1202.7092755516	1673.79703913304	1747.93710820042	2546.53156527861	3944.8166262795	0	3877.20092682081	3461.87956586437	1334.47494210428	2264.40302439171	4714.59980511625	2164.26424368277	2825.0992543565	3114.98730380821	5085.25915555773	4905.55612335048	860.65272119064	3220.6780236932	4834.09643070444	2749.10489122467	3073.99930636795	3355.01800297485	2646.21281382662	3369.18397359133	4068.94474521781	4068.69619040442	1837.53891264116	1343.90458569181	3947.13581873088	3116.93779199653	3395.82965118007	1554.81701711418	2688.61172688904	3054.64333465535	818.624310539128	2165.22262593909	4538.76172042722	1844.03181688337	2139.41278822512	3647.06939307584	4361.95713508207	4091.18844822121	4283.78367392385	5404.53912949561	1655.43701880223	3787.78202687415	3509.89343025176	2164.85140834739	6882.4333312911	3789.91954065454	3779.04061370902	4500.79363984386	8676.69948567038	4143.41797621996	5814.88442385873	4857.6902666063	3179.22322504522	4080.93763855376	4959.26991573892	4068.18061444308	2868.7032850249	6232.56141076844	4965.3743655791	5623.23516645217	2048.3400971224	1681.15557404881	2646.27903543672	1853.61815917896	1800.49470293621	6799.38869296209	2048.56753859547	2491.26721530186	2775.87482945974	3335.28514503131	2400.12695127424	6630.08164076433	4144.66885023249	3943.98645507679	6235.9131861554	3354.636736495	816.828662768944	1181.5290905961	1922.99993829982	4763.38258215635
5491.38768391162	7314.22460873131	3147.96204393923	6217.7690112669	3707.37693721031	2584.31479196301	5832.80954483543	3705.87164785846	3629.22977878833	3758.67275686687	2773.32196194048	3233.74734549685	8328.10411289241	1883.81976958428	5229.63082216768	1876.9239057339	3126.43802909714	2203.40388768777	4328.25378051701	6423.73249209942	4926.91218679751	3877.20092682081	0	4443.97512638238	2883.62794632604	2771.20921801669	5696.69536563426	3146.35980420078	1878.83220605511	2090.19781374943	6067.35471607575	5887.65168386849	4704.74917579875	656.522903127613	2019.53925094895	4495.37113761972	4546.34599794754	4337.11356349286	3628.30837434463	857.503393634207	5051.04030573582	5050.79175092242	2039.66201417965	2533.29634112899	4929.23137924889	2088.76020206816	4377.92521169808	3711.97061847122	3589.81635012384	4036.73889517336	4695.82523735994	3147.3181864571	5520.85728094523	4304.45877630774	3681.44868733919	4629.16495359385	4483.49772291524	5073.28400873922	783.649979396244	1527.3382026748	5532.63794562304	2242.60092808888	4491.98899076977	3146.9469688654	7864.52889180911	2240.74370005285	1511.21748390813	5482.88920036187	9658.79504618839	5125.51353673797	3805.42661499472	5560.54898644141	1452.12197662452	5063.03319907177	5941.36547625693	5050.27617496109	3850.79884554291	7214.65697128645	1088.17343875829	1746.03423963136	1828.8608296984	3019.17298126725	3628.37459595473	2023.58276764185	4587.56987860997	3127.51699734931	1828.63338822534	1385.93371151895	3757.97038997775	4317.38070554932	3187.80334016916	2752.88071394352	4055.96833652556	4926.0820155948	7218.00874667341	685.466538508316	4694.02958958975	2833.62152893554	2905.09549881783	3952.09717333938
