0	1753.76511665027	1090.10513066634	468.463745021197	290.039097416338	547.578267244662	455.100097929278	1806.93616147142	679.499335441345	823.43271985417	4448.11346370013	2012.29557088769	3458.35102360372	4447.80318361999	1308.42600991851	2348.98621279045	1820.40403200605	4330.01646279719	3120.31863736384	4934.11385877327	5229.59536123977	5161.10698595598	3332.69884130131	3928.65422121126	1779.68983932395	3679.40692304422	2808.70723029779	2367.33680520327	2294.80744234337	5465.91375313521	4233.83168309504	2705.50397610847	3799.29463179604	3744.14419574419	5106.32271004797	4011.35395957772	4240.55434242881	3021.2069153084	3009.33912763427	3126.28902014482	2849.28924616743	3333.08595339923	4190.25125031679	6024.47700184888	5189.42432933657	4302.54705534817	2170.78537416724	5050.85019089912	3916.29570807859	3492.49325432304	4001.06449158711	3678.59583530457	3518.28286072429	2793.2989367629	2693.42676799186	2316.78558184784	2092.43477892201	3803.18813993499	3869.94041073505	1594.22926301122	2299.08523474834	2220.10414679278	2349.05071606803	6433.24726862061	2860.56559834868	2217.37917746066	3717.36119927913	2763.73966768699	4561.29262716059	3474.79065953048	5203.67657304837	4011.13169830366	2091.10023252167	4126.19069647979	5290.86173623786	5544.12795247924	5296.61623433146	5228.4132484864	4973.2742596452	2290.56409831735	2918.45640703212	3882.42691468042	2873.44779604086	2020.59687472177	2018.40558026816	2198.68713965376	2058.89399647337	2054.39523994724	3600.6394569312	3677.50113835857	2839.34709797149	4071.47205110517	5162.5602393734	3694.91541583841	2230.20777923343	2407.82303704397	3155.46595353404	3270.29514348873	6070.80579309081	4246.02470947622
1753.76511665027	0	859.016837845568	1288.5745200165	1463.72601923393	1206.18684940561	1298.66501872099	346.202766069188	1074.26578120893	930.332396796103	3650.09301857151	874.612891247885	1704.58590695345	3649.78273849137	448.873421745708	595.221096140182	1022.38358687743	3531.99601766857	2322.29819223522	3180.348742123	4431.57491611115	4363.08654082736	1578.93372465103	3130.63377608264	981.669394195332	2881.3864779156	2010.68678516917	2426.21423315467	2138.79460386469	4667.89330800659	3435.81123796642	1907.48353097985	3001.27418666742	2946.12375061557	4348.71712495398	3213.3335144491	3442.53389730019	2223.18647017978	4763.10424428454	4880.0541367951	4537.54833091577	5086.8510700495	3392.23080518816	4270.71188519861	3435.6592126863	3504.52661021955	2820.51662134705	3297.08507424884	3118.27526294997	2694.47280919442	2247.29937493683	2880.57539017594	4082.51802644765	3358.9774330412	1381.38363695384	1518.76513671922	1320.35615728893	3005.16769480637	3071.91996560643	2510.9305561492	4052.85035139862	3973.86926344305	4102.8158327183	5635.22682349199	1106.80048169841	2524.69477115194	1963.59608262885	1158.50868098147	3763.27218203197	4992.10751828696	4405.65612791975	3213.11125317504	1293.07978739305	2635.20683249885	4492.84129110924	4746.10750735061	3542.85111768118	4430.39280335778	3219.50914299493	2571.91992322721	2103.45347222042	2202.39000477065	1976.89672108694	2818.61731985039	2816.42602539678	2651.86355213834	2780.68616696374	2780.01142458727	2802.61901180258	2879.48069322995	2041.32665284287	3273.45160597655	4364.53979424478	2896.89497070979	1423.66087778741	855.822898647856	1401.70083688377	1516.53002683846	5272.78534796218	2492.25959282595
1090.10513066634	859.016837845568	0	624.914534032567	800.066033250004	542.52686342168	635.005032737064	716.83103080508	499.881831085416	266.672410812172	4509.10985641708	1733.62972909345	2493.08079897251	4508.79957633694	1307.89025959128	1303.0086190845	1881.400424723	4391.01285551414	3181.31503008079	3844.00872810693	5290.59175395671	5222.10337867293	2426.92349387898	3989.65061392821	1840.6862320409	3740.40331576117	2869.70362301473	2428.33319792022	2355.80383506032	5526.91014585216	4294.82807581199	2766.50036882542	3860.29102451299	3805.14058846114	5167.31910276492	4072.35035229467	4301.55073514576	3082.20330802535	4099.44425830061	4216.39415081117	3873.88834493184	4423.19108406557	4251.24764303373	4934.37187118254	4099.31919867023	4363.54344806512	2231.78176688419	3960.74506023278	3977.29210079554	3553.48964703999	2910.95936092076	3739.59222802151	3579.27925344124	2854.29532947984	1603.32163732552	2377.78197456479	2153.43117163896	3864.18453265193	3930.936803452	1847.27057016527	3389.19036541469	3310.20927745912	3439.15584673437	6494.24366133756	1770.46046768234	2278.3755701776	2627.25606861279	2017.52551882704	4622.28901987754	4328.44753230303	5264.67296576532	4072.1280910206	2152.09662523862	3494.22367034442	5351.8581289548	5605.12434519618	4206.51110366511	5289.40964120335	3883.16912897886	1712.90308538164	1828.35127636578	2792.32178401408	1783.34266537452	1959.60048200482	1957.40918755122	1792.84671429278	1921.66932911817	1920.9945867417	3661.63584964815	3738.49753107552	2900.34349068843	4132.46844382212	5223.55663209034	3755.91180855536	1140.10264856709	1317.71790637763	2065.3608228677	2180.19001282239	6131.80218580775	3155.91957880988
468.463745021197	1288.5745200165	624.914534032567	0	191.014569529293	97.309955224107	167.123440079471	1341.74556483765	214.30873880757	528.905486730863	3979.64971867894	1547.10497425391	2993.16042696994	3979.3394385988	843.235413284733	1883.79561615668	1351.94028698486	3861.55271777599	2651.85489234265	4468.92326213949	4761.13161621857	4692.64324093478	2867.50824466753	3460.19047619006	1311.22609430276	3210.94317802303	2340.24348527659	1898.87306018207	1826.34369732217	4997.45000811401	3765.36793807384	2237.04023108727	3330.83088677484	3275.680450723	4637.85896502678	3542.89021455652	3772.09059740762	2552.7431702872	3474.52972426804	3591.4796167786	3248.97381089927	3798.27655003301	3721.78750529559	5559.2864052151	4724.2337327028	3834.08331032698	1702.32162914605	4585.65959426534	3447.8319630574	3024.02950930184	3535.87389495333	3210.13209028337	3049.8191157031	2324.8351917417	2228.23617135808	1848.32183682664	1623.97103390082	3334.72439491379	3401.47666571385	1222.35603613271	2764.27583138212	2685.29474342655	2814.2413127018	5964.78352359942	2395.37500171491	1748.91543243946	3252.17060264535	2298.54907105321	4092.8288821394	3703.53299827046	4735.21282802717	3542.66795328246	1622.63648750047	3661.00009984602	4822.39799121666	5075.66420745804	4831.42563769768	4759.9495034652	4508.08366301142	2242.36322311979	2453.26581039835	3417.23631804665	2408.25719940709	2489.06061974297	2486.86932528936	2322.30685203092	2451.12946685631	2450.45472447984	3132.17571191001	3209.03739333737	2370.88335295029	3603.00830608397	4694.0964943522	3226.45167081722	1765.01718259965	1942.6324404102	2690.27535690026	2805.10454685496	5602.34204806961	3780.83411284244
290.039097416338	1463.72601923393	800.066033250004	191.014569529293	0	257.539169828324	165.06100051294	1516.89706405508	389.460238025007	533.393622437832	4170.66428820823	1722.25647347135	3168.31192618738	4170.35400812809	1018.38691250217	2058.94711537412	1542.95485651415	4052.56728730528	2842.86946187194	4644.07476135693	4952.14618574786	4883.65781046408	3042.65974388497	3651.20504571936	1502.24066383205	3401.95774755232	2531.25805480588	2089.88762971137	2017.35826685146	5188.46457764331	3956.38250760314	2428.05480061656	3521.84545630414	3466.69502025229	4828.87353455607	3733.90478408582	3963.10516693691	2743.7577398165	3299.37822505061	3416.32811756116	3073.82231168184	3623.12505081557	3912.80207482488	5734.43790443254	4899.38523192023	4025.09787985627	1893.33619867534	4760.81109348278	3638.84653258669	3215.04407883114	3711.02539417077	3401.14665981266	3240.83368523239	2515.84976127099	2403.38767057552	2039.33640635594	1814.98560343011	3525.73896444308	3592.49123524315	1316.78008751931	2589.12433216468	2510.14324420912	2639.08981348437	6155.79809312871	2570.52650093235	1939.93000196875	3427.32210186279	2473.70057027065	4283.84345166869	3528.38149905302	4926.22739755647	3733.68252281175	1813.65105702977	3836.15159906345	5013.41256074595	5266.67877698733	5006.57713691512	4950.96407299449	4683.23516222886	2051.34865359049	2628.41730961579	3592.38781726408	2583.40869862453	2298.04605021367	2295.85475576007	2131.29228250163	2260.11489732702	2259.44015495055	3323.1902814393	3400.05196286667	2561.89792247958	3794.02287561326	4885.11106388149	3417.46624034651	1940.16868181709	2117.78393962763	2865.4268561177	2980.2560460724	5793.3566175989	3955.98561205988
547.578267244662	1206.18684940561	542.52686342168	97.309955224107	257.539169828324	0	92.4781693153837	1259.35789422676	131.921068196683	431.595531506756	4076.95967390304	1464.71730364303	2910.77275635906	4076.6493938229	875.740077077239	1801.40794554579	1449.25024220896	3958.8626730001	2749.16484756675	4386.53559152861	4858.44157144268	4789.95319615889	2785.12057405664	3557.50043141417	1408.53604952686	3308.25313324713	2437.5534405007	1996.18301540618	1923.65365254628	5094.75996333812	3862.67789329795	2334.35018631138	3428.14084199895	3372.9904059471	4735.16892025088	3640.20016978063	3869.40055263172	2650.05312551131	3556.91739487893	3673.86728738949	3331.36148151016	3880.66422064389	3819.0974605197	5476.89873460422	4641.84606209191	3931.39326555108	1799.63158437015	4503.27192365446	3545.1419182815	3121.33946452595	3453.48622434244	3307.44204550748	3147.1290709272	2422.14514696581	2145.8485007472	1945.63179205075	1721.28098912492	3432.0343501379	3498.78662093796	1304.74370674359	2846.66350199301	2767.68241403744	2896.62898331269	6062.09347882353	2312.98733110402	1846.22538766357	3169.78293203447	2216.16140044232	4190.1388373635	3785.92066888135	4832.52278325128	3639.97790850657	1719.94644272458	3578.61242923513	4919.70794644077	5172.97416268215	4749.03796708679	4857.25945868931	4425.69599240054	2145.05326789568	2370.87813978746	3334.84864743576	2325.8695287962	2391.75066451886	2389.55937006525	2224.99689680681	2353.81951163221	2353.14476925574	3229.48566713411	3306.34734856148	2468.1933081744	3700.31826130808	4791.40644957631	3323.76162604133	1682.62951198877	1860.24476979931	2607.88768628938	2722.71687624407	5699.65200329372	3698.44644223156
455.100097929278	1298.66501872099	635.005032737064	167.123440079471	165.06100051294	92.4781693153837	0	1351.83606354214	224.399237512066	368.332621924892	4146.77315875841	1557.19547295841	3003.25092567444	4146.46287867827	945.553561932603	1893.88611486118	1519.06372706433	4028.67615785546	2818.97833242212	4479.01376084399	4928.25505629804	4859.76668101425	2877.59874337203	3627.31391626954	1478.34953438223	3378.0666181025	2507.36692535606	2065.99650026154	1993.46713740164	5164.57344819348	3932.49137815331	2404.16367116674	3497.95432685431	3442.80389080247	4804.98240510625	3710.01365463599	3939.21403748709	2719.86661036667	3464.43922556355	3581.3891180741	3238.88331219478	3788.18605132851	3888.91094537506	5569.3769039196	4734.32423140729	4001.20675040645	1869.44506922552	4595.75009296984	3614.95540313687	3191.15294938132	3545.96439365783	3377.25553036284	3216.94255578257	2491.95863182117	2238.32667006258	2015.44527690611	1791.09447398029	3501.84783499326	3568.60010579332	1292.88895806949	2754.18533267762	2675.20424472206	2804.15081399731	6131.90696367889	2405.46550041941	1916.03887251893	3262.26110134985	2308.63956975771	4259.95232221887	3693.44249956597	4902.33626810664	3709.79139336193	1789.75992757994	3671.09059855051	4989.52143129613	5242.78764753751	4841.51613640218	4927.07294354467	4518.17416171592	2075.23978304032	2463.35630910285	3427.32681675114	2418.34769811159	2321.9371796635	2319.74588520989	2155.18341195145	2284.00602677684	2283.33128440037	3299.29915198948	3376.16083341684	2538.00679302976	3770.13174616344	4861.21993443167	3393.57511089669	1775.10768130415	1952.72293911469	2700.36585560476	2815.19504555945	5769.46548814908	3790.92461154694
1806.93616147142	346.202766069188	716.83103080508	1341.74556483765	1516.89706405508	1259.35789422676	1351.83606354214	0	1127.43682603008	983.503441617252	3996.2957846407	1220.81565731707	1980.26672719613	3995.98550456056	795.076187814896	790.19454730812	1368.58635294662	3878.19878373776	2668.50095830441	3127.17769730185	4777.77768218033	4709.28930689655	1914.1094221026	3476.83654215183	1327.87216026452	3227.58924398479	2356.88955123835	2479.38527797582	2191.96564868584	5014.09607407578	3782.01400403561	2253.68629704904	3347.47695273661	3292.32651668476	4654.50503098854	3559.53628051829	3788.73666336938	2569.38923624897	4816.27528910569	4933.22518161625	4590.71937573692	5140.02211487065	3738.43357125735	4217.54084037746	3382.48816786515	3850.72937628874	2873.68766616819	3243.9140294277	3464.47802901916	3040.67557526361	2194.12833011568	3226.77815624513	4135.6890712688	3412.14847786235	1035.18087088465	1864.96790278841	1640.61709986258	3351.37046087555	3418.12273167562	2564.10160097035	4106.02139621976	4027.0403082642	4155.98687753945	5981.42958956118	1053.62943687726	2577.86581597309	2055.03464585648	1504.71144705066	4109.47494810116	5045.27856310811	4751.85889398894	3559.31401924422	1639.28255346224	2981.40959856804	4839.04405717842	5092.3102734198	3489.68007286003	4776.59556942697	3166.33809817378	2225.71715715802	1757.25070615124	2075.490753209	1630.69395501775	2472.4145537812	2470.2232593276	2305.66078606916	2434.48340089455	2433.80865851808	3148.82177787177	3225.68345929914	2387.52941891206	3619.65437204574	4710.74256031396	3243.09773677898	1077.45811171822	600.88687557255	1348.52979206262	1463.35898201731	5618.98811403137	2439.0885480048
679.499335441345	1074.26578120893	499.881831085416	214.30873880757	389.460238025007	131.921068196683	224.399237512066	1127.43682603008	0	499.327180078136	4009.22802533166	1332.79623544634	2778.85168816238	4008.91774525152	808.00842850586	1669.48687734911	1381.51859363758	3891.13102442872	2681.43319899537	4254.61452333193	4790.7099228713	4722.22154758751	2653.19950585996	3489.76878284279	1340.80440095548	3240.52148467576	2369.82179192932	1928.4513668348	1855.9220039749	5027.02831476674	3794.94624472657	2266.61853774	3360.40919342757	3305.25875737572	4667.4372716795	3572.46852120925	3801.66890406034	2582.32147693993	3688.83846307561	3805.78835558617	3463.28254970684	4012.58528884058	3751.36581194832	5344.97766640753	4509.92499389523	3863.6616169797	1746.25084013812	4371.35085545777	3477.41026971013	3053.60781595457	3321.56515614576	3239.7103969361	3079.39742235582	2354.41349839443	2013.92743255051	1877.90014347937	1653.54934055354	3364.30270156652	3431.05497236658	1436.66477494027	2978.58457018969	2899.60348223412	3028.55005150937	5994.36183025215	2181.06626290734	1778.49373909219	3037.86186383778	2084.24033224564	4122.40718879212	3917.84173707803	4764.7911346799	3572.24625993519	1652.2147941532	3446.69136103845	4851.97629786939	5105.24251411077	4617.11689889011	4789.52781011793	4293.77492420385	2212.78491646706	2238.95707159078	3202.92757923908	2193.94846059952	2459.48231309024	2457.29101863663	2292.72854537819	2421.55116020358	2420.87641782711	3161.75401856273	3238.6156999901	2400.46165960302	3632.5866127367	4723.67480100493	3256.02997746995	1550.70844379208	1728.32370160263	2475.96661809269	2590.79580804739	5631.92035472234	3566.52537403487
823.43271985417	930.332396796103	266.672410812172	528.905486730863	533.393622437832	431.595531506756	368.332621924892	983.503441617252	499.327180078136	0	4508.5552054098	1733.07507808617	2634.91830374955	4508.24492532966	1307.335608584	1525.55349293628	1880.84577371572	4390.45820450685	3180.76037907351	4110.6811389191	5290.03710294943	5221.54872766565	2509.26612144714	3989.09596292093	1840.13158103362	3739.84866475389	2869.14897200745	2427.77854691294	2355.24918405303	5526.35549484488	4294.27342480471	2765.94571781814	3859.73637350571	3804.58593745386	5166.76445175764	4071.79570128739	4300.99608413848	3081.64865701807	3832.77184748844	3949.72173999899	3607.21593411967	4156.5186732534	4250.69299202645	5201.04428199471	4365.9916094824	4362.98879705784	2231.22711587691	4227.41747104495	3976.73744978826	3552.93499603271	3177.63177173293	3739.03757701423	3578.72460243396	2853.74067847256	1869.99404813769	2377.22732355751	2152.87652063168	3863.62988164465	3930.38215244472	1654.67100472088	3122.51795460251	3043.53686664695	3172.4834359222	6493.68901033028	2037.13287849451	2277.82091917032	2893.92847942496	2016.97086781976	4621.73436887026	4061.77512149086	5264.11831475804	4071.57344001332	2151.54197423134	3493.66901933714	5351.30347794752	5604.5696941889	4473.18351447729	5288.85499019607	4149.84153979103	1713.45773638892	2095.02368717795	3058.99419482625	2050.01507618669	1960.1551330121	1957.9638385585	1793.40136530006	1922.22398012545	1921.54923774898	3661.08119864087	3737.94288006824	2899.78883968115	4131.91379281483	5223.00198108306	3755.35715754808	1406.77505937926	1584.3903171898	2332.03323367987	2446.86242363456	6131.24753480047	3422.59198962205
4448.11346370013	3650.09301857151	4509.10985641708	3979.64971867894	4170.66428820823	4076.95967390304	4146.77315875841	3996.2957846407	4009.22802533166	4508.5552054098	0	2775.48012732363	2267.66486190279	0.871342463153042	3201.2195968258	3206.10123733258	2627.70943169408	925.71426294532	1327.79482633629	3743.42769707234	2479.86770413149	1454.55636193429	2142.01267960037	546.888820165544	2668.42362437618	1457.01834666171	1639.40623340235	2080.77665849686	2153.30602135677	2256.3560881546	915.034431838752	1742.60948759166	1452.4991698059	703.96926795594	3785.63817000464	1239.16184353539	2058.51588087093	1426.90654839173	4200.0252893352	4316.97518184576	3974.46937596643	4523.77211510017	501.229236347706	4833.79084014794	4788.67127036984	256.111372859023	2277.32808953289	3860.16402919818	704.030366449416	955.620209377092	2810.37832988617	769.517628395567	3519.43907149831	2795.89847809186	5031.47665552536	2131.32788185229	2355.67868477812	2372.66389532853	578.173052965084	2853.88420068892	3847.50873695184	3424.95232745147	3539.73687776896	1985.13380492048	2986.56822985441	2230.73428623948	2526.67503757819	2491.58433759004	981.365383283348	4429.02856333762	755.563109348237	1240.74558277612	2357.01323117846	2935.50453477886	842.748272537724	2269.84601040954	4105.93007263052	2478.93732148632	4150.31547005931	6222.01294179872	5753.54649079194	5852.48302334216	5626.98973965845	6468.7103384219	6466.5190439683	6301.95657070986	6430.77918553525	6430.10444315878	847.47400676893	770.612325341563	1608.76636572865	1138.57333163559	1456.34236549566	2314.04578988563	5073.75389635892	4505.91591721937	3972.85546565739	4006.82533184621	1622.69232939067	3055.33854777529
2012.29557088769	874.612891247885	1733.62972909345	1547.10497425391	1722.25647347135	1464.71730364303	1557.19547295841	1220.81565731707	1332.79623544634	1733.07507808617	2775.48012732363	0	1446.05545271603	2775.16984724349	703.869560969181	430.621110008953	1227.05368593308	2657.38312642068	1447.68530098734	2921.81828788558	3556.96202486326	3488.47364957947	1320.40327041362	2256.02088483476	655.666548648818	2278.62775584847	2206.05180710004	2684.74468739208	2397.32505810211	3793.2804167587	2561.19834671854	1032.87063973196	2126.66129541953	2071.51085936769	4607.24757919139	2338.72062320121	2880.12529005769	1348.57357893189	5021.63469852196	5138.58459103251	4796.07878515319	5345.38152428692	2517.61791394028	4012.18143096119	3177.12875844888	2629.91371897167	3079.04707558446	3038.55462001143	2243.66237170209	1819.85991794654	1988.76892069942	2005.96249892806	4341.04848068507	3617.50788727862	2255.99652820173	644.152245471334	1578.88661152635	2130.55480355848	2197.30707435854	2769.46101038662	4311.38080563603	4232.39971768047	4361.34628695572	4760.61393224411	848.270027460994	2783.22522538935	1705.06562839144	751.444096799298	2888.65929078409	5250.63797252438	3531.04323667186	2338.49836192715	541.790648273135	2113.8951255921	3618.22839986135	3871.49461610273	3284.32066344377	3555.77991210989	2960.97868875751	3446.5328144751	2978.06636346831	3077.00289601853	2851.50961233482	3693.23021109828	3691.03891664467	3526.47644338623	3655.29905821162	3654.62431583515	1928.0061205547	2004.86780198206	1166.71376159498	2398.83871472866	3489.92690299689	2022.28207946191	2298.2737690353	1730.43578989574	1197.37533833376	1257.99957260104	4398.1724567143	2233.72913858853
3458.35102360372	1704.58590695345	2493.08079897251	2993.16042696994	3168.31192618738	2910.77275635906	3003.25092567444	1980.26672719613	2778.85168816238	2634.91830374955	2267.66486190279	1446.05545271603	0	2268.53620436594	2149.92501368521	1190.07217988801	2673.10913864911	3193.37912484811	1188.73125789062	1475.76283516955	2797.5109549842	2729.02257970041	125.652182302415	1720.77604173724	2101.72200136485	3724.6832085645	3652.10725981607	4130.80014010811	3843.38051081814	4524.02095005738	3182.69929374154	1625.46534704986	1367.21022554047	2287.73458678037	6053.30303190742	1579.26955332215	4326.18074277372	1839.01493151056	6467.69015123799	6584.64004374854	6242.13423786922	6791.43697700295	2768.89409825049	2566.12597824516	2772.64221292528	2523.77623476181	4525.10252830049	1592.4991672954	2971.6952283522	1401.41686138012	542.713467983385	1498.43465680007	5787.1039334011	5063.56333999465	3015.44759808079	1287.63706218571	3024.94206424238	1371.10373367942	2000.56761632565	4215.51646310265	5757.43625835206	5678.4551703965	5807.40173967175	4001.16286236505	970.539172409838	4229.28067810538	259.010175675407	694.611355916733	2129.20822090503	6696.69342524041	2771.5921667928	1579.04729204809	1987.84610098917	1001.14287137191	3035.00981061398	3112.04354622367	1838.26521072774	2796.32884223083	2134.28641261474	4205.98388435416	3737.51743334737	3836.45396589759	3610.96068221388	4452.68128097734	4450.48998652373	4285.92751326529	4414.75012809068	4414.07538571421	1859.54891042548	1497.63058284394	2120.00416812082	3406.23819353838	2730.47583311783	1262.83100958285	3057.72483891436	2489.8868597748	1956.82640821282	1990.79627440164	3841.85942960813	1007.30511219784
4447.80318361999	3649.78273849137	4508.79957633694	3979.3394385988	4170.35400812809	4076.6493938229	4146.46287867827	3995.98550456056	4008.91774525152	4508.24492532966	0.871342463153042	2775.16984724349	2268.53620436594	0	3200.90931674566	3205.79095725244	2627.39915161394	924.842920482167	1327.48454625615	3744.29903953549	2480.73904659464	1455.42770439744	2142.88402206352	547.760162628697	2668.11334429604	1456.14700419856	1639.09595332221	2080.46637841672	2152.99574127663	2255.48474569144	914.163089375599	1742.29920751152	1453.37051226906	703.6589878758	3784.76682754148	1240.03318599854	2057.64453840778	1426.59626831159	4199.15394687205	4316.1038393826	3973.59803350328	4522.90077263701	500.357893884553	4834.6621826111	4788.3609902897	255.24003039587	2277.01780945275	3861.03537166134	703.159023986263	955.309929296952	2811.24967234932	770.101547565866	3518.56772903516	2795.02713562871	5031.16637544521	2131.01760177215	2355.36840469798	2373.53523779168	577.862772884944	2853.57392060878	3847.1984568717	3424.64204737133	3538.86553530581	1985.44408500062	2986.25794977426	2230.42400615934	2527.54638004135	2491.2740575099	982.236725746502	4428.15722087447	755.873389428377	1241.61692523928	2356.70295109832	2936.37587724201	843.058552617864	2270.71735287269	4106.80141509368	2479.80866394947	4150.00518997917	6221.70266171858	5753.2362107118	5852.17274326202	5626.67945957831	6468.40005834176	6466.20876388816	6301.64629062972	6430.46890545511	6429.79416307864	847.16372668879	770.905621521997	1608.45608564851	1137.70198917244	1457.21370795881	2314.91713234878	5073.44361627878	4505.60563713923	3972.54518557725	4006.51505176607	1623.00260947081	3056.20989023844
1308.42600991851	448.873421745708	1307.89025959128	843.235413284733	1018.38691250217	875.740077077239	945.553561932603	795.076187814896	808.00842850586	1307.335608584	3201.2195968258	703.869560969181	2149.92501368521	3200.90931674566	0	1040.56020287195	573.510165131725	3083.12259592286	1873.42477048951	3625.68784885476	3982.70149436544	3914.21311908165	2024.2728313828	2681.76035433693	532.795972449624	2432.5130561699	1561.81336342346	1980.8751264229	1693.45549713292	4219.01988626088	2986.93781622071	1458.61010923414	2552.40076492171	2497.25032886986	3903.37801822221	2764.46009270339	2993.66047555448	1774.31304843407	4317.76513755278	4434.71503006333	4092.20922418401	4641.51196331774	2943.35738344246	4716.05099193037	3880.99831941806	3055.65318847384	2375.17751461528	3742.42418098061	2669.40184120427	2245.59938744871	2692.6384816686	2431.70196843024	3637.17891971589	2913.63832630944	1830.25705869955	1069.89171497351	875.017050557169	2556.29427306066	2623.04654386072	2065.59144941744	3607.51124466685	3528.53015671129	3657.47672598654	5186.35340174629	1552.13958843018	2079.35566442017	2408.93518936062	1455.31365776848	3314.39876028626	4546.76841155519	3956.78270617404	2764.23783142933	844.206365647342	2817.76468656128	4043.96786936353	4297.23408560491	3988.19022441295	3981.51938161207	3664.84824972669	3020.79334497292	2552.32689396613	2651.26342651636	2425.77014283265	3267.4907415961	3265.29944714249	3100.73697388405	3229.55958870945	3228.88484633297	2353.74559005687	2430.60727148424	1592.45323109716	2824.57818423084	3915.66637249907	2448.02154896409	1872.53429953312	1304.69632039356	1847.03994361553	1961.86913357022	4823.91192621648	2937.59869955771
2348.98621279045	595.221096140182	1303.0086190845	1883.79561615668	2058.94711537412	1801.40794554579	1893.88611486118	790.19454730812	1669.48687734911	1525.55349293628	3206.10123733258	430.621110008953	1190.07217988801	3205.79095725244	1040.56020287195	0	1563.74432783584	3088.00423642964	1878.30641099629	2585.12764598282	3987.58313487221	3919.09475958843	1123.91487479448	2686.64199484371	992.357190551583	2615.31839775123	2542.74244900281	3021.43532929485	2734.01570000487	4223.90152676766	2991.81945672749	1463.49174974092	2557.28240542849	2502.13196937664	4943.93822109416	2769.34173321017	3216.81593196045	1779.19468894085	5358.32534042472	5475.27523293528	5132.76942705595	5682.07216618969	2948.23902394923	3675.49078905842	2840.43811654612	3060.53482898062	3415.73771748723	2701.86397810866	2674.28348171104	2250.48102795549	1652.07827879665	2436.58360893701	4677.73912258783	3954.19852918138	1825.37541819277	1074.77335548029	1915.57725342912	2561.17591356743	2627.9281843675	3106.15165228938	4648.0714475388	4569.09035958323	4698.03692885848	5191.23504225306	511.579385558229	3119.91586729212	1368.37498648867	714.516899742538	3319.28040079304	5587.32861442714	3961.66434668082	2769.1194719361	878.4812901759	2191.21505125992	4048.84950987031	4302.11572611168	2947.630021541	3986.40102211885	2624.28804685474	3015.91170446614	2547.44525345936	2646.38178600958	2420.88850232587	3262.60910108932	3260.41780663572	3095.85533337728	3224.67794820267	3224.0032058262	2358.62723056365	2435.48891199102	1597.33487160393	2829.45982473762	3920.54801300584	2452.90318947086	1867.65265902634	1299.81467988679	806.479740743584	921.308930698278	4828.79356672325	1897.03849668576
1820.40403200605	1022.38358687743	1881.400424723	1351.94028698486	1542.95485651415	1449.25024220896	1519.06372706433	1368.58635294662	1381.51859363758	1880.84577371572	2627.70943169408	1227.05368593308	2673.10913864911	2627.39915161394	573.510165131725	1563.74432783584	0	2509.61243079113	1484.37788075849	4148.87197381866	3409.19132923371	3340.70295394993	2547.45695634669	2108.25018920521	571.387137284258	1859.00289103817	988.303198291733	1457.69100145901	1170.27137216903	3645.50972112916	2413.42765108899	1047.64379159924	1978.89059978999	1923.74016373814	3380.19389325832	2190.94992757167	2420.15031042276	1200.80288330235	3794.58101258888	3911.53090509944	3569.02509922011	4118.32783835384	2369.84721831073	5239.23511689427	4404.18244438196	2482.14302334212	1851.99338965139	4265.6083059445	2095.89167607254	1672.08922231699	3215.82260663249	1858.19180329851	3113.99479475199	2390.45420134554	2403.76722383128	1385.4720764634	351.832925593274	2778.10817207485	2049.536378729	1542.40732445354	3084.32711970296	3005.34603174739	3134.29260102264	4612.84323661456	2075.32371339407	1556.17153945628	2932.11931432451	1978.49778273237	2740.88859515454	4023.5842865913	3383.27254104232	2190.7276662976	685.263037659941	3340.94881152518	3470.4577042318	3723.72392047318	4511.37434937684	3408.00921648035	4188.03237469059	3594.30351010464	3125.83705909786	3224.77359164808	2999.28030796437	3841.00090672782	3838.80961227422	3674.24713901578	3803.06975384117	3802.3950114647	1780.23542492515	1857.09710635252	1018.94306596543	2251.06801909911	3342.15620736734	2719.49006663195	2446.04446466484	1878.20648552529	2370.22406857943	2485.05325853412	4250.40176108475	3460.78282452161
4330.01646279719	3531.99601766857	4391.01285551414	3861.55271777599	4052.56728730528	3958.8626730001	4028.67615785546	3878.19878373776	3891.13102442872	4390.45820450685	925.71426294532	2657.38312642068	3193.37912484811	924.842920482167	3083.12259592286	3088.00423642964	2509.61243079113	0	2004.64786695749	4669.14196001766	3405.58196707681	2380.27062487961	3067.72694254569	1472.60308311086	2550.32662347323	650.609539752963	1521.3092324994	1962.67965759392	2035.20902045382	1330.64182520928	96.184779702147	1624.51248668872	2378.21343275122	905.644538067741	2859.92390705932	2164.87610648071	1132.80161792561	1354.36419333754	3274.31102638988	3391.26091890044	3048.75511302111	3598.05785215484	424.485026597614	5759.50510309326	4924.45243058096	669.602890086298	2159.23108862995	4785.8782921435	413.720754718593	1791.96226346798	3736.09259283149	1694.94446804803	2593.72480855299	1870.18421514654	4913.37965462241	2013.23088094935	2237.58168387517	3298.37815827385	1192.81150852245	2735.78719978597	3729.41173604889	3306.85532654853	2728.24889745932	2103.23080582343	2868.47122895146	2112.63728533653	3452.38930052351	2498.76776893137	1907.07964622867	3503.3143003923	1662.69833292181	2166.45984572144	2238.91623027552	3861.21879772418	960.845273440669	3195.56027335486	5031.64433557584	3404.65158443164	4708.30236088959	6103.91594089578	5635.44948988899	5734.38602243921	5508.8927387555	6350.61333751896	6348.42204306535	6183.85956980691	6312.6821846323	6312.00744225583	1333.83021442262	1695.74854200416	1490.6693648257	258.54441169202	2382.05662844098	3239.76005283095	4955.65689545598	4387.81891631642	3854.75846475445	3888.72833094327	1740.78933029362	3981.05281072061
3120.31863736384	2322.29819223522	3181.31503008079	2651.85489234265	2842.86946187194	2749.16484756675	2818.97833242212	2668.50095830441	2681.43319899537	3180.76037907351	1327.79482633629	1447.68530098734	1188.73125789062	1327.48454625615	1873.42477048951	1878.30641099629	1484.37788075849	2004.64786695749	0	2664.49409306017	2109.27672387592	2040.78834859214	1063.0790755882	808.335583847418	1340.62879803989	2535.95195067388	2463.37600192546	2942.0688822175	2654.64925292752	3335.28969216677	1993.96803585092	436.734089159247	678.975994432197	1099.00332888975	4864.57177401681	891.035322213876	3137.4494848831	650.283673619948	5278.95889334737	5395.90878585793	5053.4029799786	5602.70571911233	1580.16284035988	3754.85723613577	3460.87644403355	1335.04497687119	3336.37127040988	2781.23042518601	1782.96397046159	372.174616959198	1731.444725874	558.277197940723	4598.37267551048	3874.83208210403	3703.68182918907	803.533055516003	1836.21080635176	1293.73029131636	811.836358435036	3026.78520521203	4568.70500046145	4489.72391250588	4618.67048178113	3312.92863125677	1658.77340351812	3040.54942021477	1447.74143356602	1163.78951125375	1440.97398979675	5507.96216734979	2083.35793568453	890.813060939814	1029.21840484217	1856.57093076669	2170.54309887401	2423.80931511539	3026.99646861835	2108.09461112256	2822.52064372302	4894.21811546243	4425.75166445565	4524.68819700587	4299.19491332216	5140.91551208561	5138.72421763201	4974.16174437357	5102.98435919896	5102.30961682249	670.817652534867	557.182500994727	931.272910230199	2217.50693564776	2042.24160200955	1235.11218587346	3745.95907002263	3178.12109088308	2645.0606393211	2679.03050550992	2950.48715572696	1976.40494376312
4934.11385877327	3180.348742123	3844.00872810693	4468.92326213949	4644.07476135693	4386.53559152861	4479.01376084399	3127.17769730185	4254.61452333193	4110.6811389191	3743.42769707234	2921.81828788558	1475.76283516955	3744.29903953549	3625.68784885476	2585.12764598282	4148.87197381866	4669.14196001766	2664.49409306017	0	3386.3509492798	3317.86257399601	1601.41501747196	3196.53887690679	3577.4848365344	5200.44604373405	5127.87009498562	5606.56297527767	5319.14334598769	5999.78378522693	4658.46212891109	3101.22818221941	2290.92852726643	3763.49742194992	7529.06586707697	2504.26585353695	5801.94357794327	3314.77776668011	7943.45298640754	8060.40287891809	7717.89707303877	8267.1998121725	4244.65693342004	1604.23101255658	2183.80221862968	3999.53906993136	6000.86536347004	116.736332125847	4447.45806352175	2877.17969654967	933.049367186165	2974.19749196962	7262.86676857065	6539.3261751642	2426.60760378519	2763.39989735526	4500.70489941193	1959.94372797502	3476.3304514952	5691.2792982722	7233.19909352161	7154.21800556605	7283.1645748413	4590.00285666065	2073.54826042459	5705.04351327493	1216.75265949414	2170.37419108628	2762.06231378899	8172.45626040996	3360.4321610884	2502.68211429621	3463.60893615872	1589.9828656675	4510.77264578353	3700.88354051927	476.70938967371	3385.16883652643	1545.44641831915	3617.14389005856	3148.67743905177	3247.613971602	3022.12068791829	3863.84128668174	3861.64999222813	3697.08751896969	3825.91013379509	3825.23539141862	3335.31174559503	2973.39341801349	3595.76700329037	4882.00102870793	3319.31582741343	1851.67100387845	2703.90607953984	2526.2908217293	1778.64790523923	1663.81871528454	5317.62226477768	688.089149297051
5229.59536123977	4431.57491611115	5290.59175395671	4761.13161621857	4952.14618574786	4858.44157144268	4928.25505629804	4777.77768218033	4790.7099228713	5290.03710294943	2479.86770413149	3556.96202486326	2797.5109549842	2480.73904659464	3982.70149436544	3987.58313487221	3409.19132923371	3405.58196707681	2109.27672387592	3386.3509492798	0	1025.3113421972	2863.66826007773	1932.97888396595	3449.90552191581	3936.8860507932	3864.31010204478	4343.00298233682	4055.58335304684	4736.22379228609	3394.90213597024	2524.0913851313	1430.30072944373	2499.93742900907	6265.50587413613	1240.7058605961	4538.38358500242	2208.38844593137	6679.89299346669	6796.84288597725	6454.33708009792	7003.63981923165	2981.0969404792	4990.58196183638	5570.15316790948	2735.97907699051	4737.3053705292	3304.49248484467	3183.89807058091	1737.10210691673	3066.87550859376	1710.63749902878	5999.3067756298	5275.76618222335	5812.95855306499	2912.80977939193	3237.14490647108	1426.40722130478	2212.77045855436	4427.71930533135	5969.63910058077	5890.6580126252	6019.60458190045	3098.83880729677	3768.05012739404	4441.48352033409	2722.74303632386	3273.06623512968	1498.50232084814	6908.89626746911	1742.883634155	1239.12212135537	3138.4951287181	1796.36808361229	3247.21265284268	314.532591239469	2909.64155960609	1.18211275336785	4931.79736759894	7003.49483933836	6535.02838833157	6633.96492088179	6408.47163719808	7250.19223596154	7248.00094150793	7083.43846824949	7212.26108307488	7211.58634069841	2071.75175265419	1709.83342507265	2390.24826326828	3618.44103576708	1023.52533863583	1534.67994540135	5855.23579389856	5287.397814759	4754.33736319702	4788.30722938584	4054.06227183683	3804.81606718204
5161.10698595598	4363.08654082736	5222.10337867293	4692.64324093478	4883.65781046408	4789.95319615889	4859.76668101425	4709.28930689655	4722.22154758751	5221.54872766565	1454.55636193429	3488.47364957947	2729.02257970041	1455.42770439744	3914.21311908165	3919.09475958843	3340.70295394993	2380.27062487961	2040.78834859214	3317.86257399601	1025.3113421972	0	2795.17988479395	1232.45276474472	3381.41714663203	2911.574708596	2838.99875984758	3317.69164013962	3030.27201084964	3710.91245008889	2369.59079377304	2455.60300984751	1361.81235415994	1474.62608681187	5240.19453193893	1149.75302637826	3513.07224280522	2139.90007064758	5654.58165126949	5771.53154378005	5429.02573790072	5978.32847703446	1955.785598282	4922.09358655259	5501.66479262569	1710.66773479331	3711.994028332	3236.00410956088	2158.58672838371	1668.61373163294	2998.38713330997	1482.51115065141	4973.9954334326	4250.45484002615	5744.4701777812	2844.32140410814	3068.67220703397	1357.91884602099	1291.16657522093	3566.87772294476	4944.32775838357	4865.346670428	4994.29323970325	2073.52746509958	3699.56175211025	3416.17217813689	2654.25466104007	3204.57785984589	599.814358795388	5883.58492527191	717.572291957802	1149.97528765232	3070.00675343431	1727.87970832851	2221.90131064548	815.289648475247	2841.1531843223	1024.38095955203	4863.30899231516	6935.00646405457	6466.54001304778	6565.47654559801	6339.9832619143	7181.70386067775	7179.51256622414	7014.9500929657	7143.7727077911	7143.09796541463	1560.46752902478	1483.60584759741	2321.75988798449	2593.12969356988	1.78600356136496	1466.19157011756	5786.74741861477	5218.90943947522	4685.84898791324	4719.81885410206	3028.75092963964	3736.32769189825
3332.69884130131	1578.93372465103	2426.92349387898	2867.50824466753	3042.65974388497	2785.12057405664	2877.59874337203	1914.1094221026	2653.19950585996	2509.26612144714	2142.01267960037	1320.40327041362	125.652182302415	2142.88402206352	2024.2728313828	1123.91487479448	2547.45695634669	3067.72694254569	1063.0790755882	1601.41501747196	2863.66826007773	2795.17988479395	0	1595.12385943483	1976.06981906243	3599.03102626209	3526.45507751366	4005.1479578057	3717.72832851572	4398.36876775497	3057.04711143912	1499.81316474745	1433.36753063401	2162.08240447795	5927.65084960501	1645.42685841569	4200.5285604713	1713.36274920815	6342.03796893557	6458.98786144613	6116.4820555668	6665.78479470054	2643.24191594808	2691.77816054757	2706.48490783174	2398.12405245939	4399.45034599808	1718.15134959781	2846.04304604979	1275.76467907771	668.365650285799	1372.78247449766	5661.45175109868	4937.91115769224	2949.29029298725	1161.98487988329	2899.28988193997	1437.26103877295	1874.91543402324	4089.86428080024	5631.78407604965	5552.80298809408	5681.74955736933	4067.32016745858	904.381867316305	4103.62849580297	384.662357977822	568.959173614318	2195.36552599856	6571.04124293799	2837.74947188634	1645.20459714162	1862.19391868675	1067.30017646544	2924.93463507583	3178.2008513172	1963.91739303015	2862.48614732437	2068.12910752121	4139.82657926062	3671.36012825384	3770.29666080406	3544.80337712035	4386.5239758838	4384.3326814302	4219.77020817176	4348.59282299715	4347.91808062068	1733.89672812307	1371.97840054153	1994.3519858184	3280.58601123596	2796.63313821136	1328.98831467638	2991.56753382082	2423.72955468127	1890.66910311929	1924.63896930811	3716.20724730572	941.147807104307
