0	150.230366117333	1588.17609883867	1844.25099476907	1216.28685214	1857.15208502847	1961.81333779945	1366.6264017347	3262.92726314495	686.939236971708	3722.46003725582	5731.94496578333	1775.60390693766	1653.56643294916	1144.96664777663	3148.41426410532	2191.33696592154	377.228655817377	3370.2979785677	928.804703769232	1632.84604782122	911.726016068	2885.51903225697	2785.64934381738	1683.39308101056	2283.64531128257	1200.8446926134	1988.10289214509	1263.6906078097	896.550032994166	1612.90705755239	1721.91404751751	1192.48661473733	951.177991490635	2848.22217795284	2207.00724564648	2627.16759088564	2070.4857326231	4606.96172216868	4398.83646757286	4505.00131431574	4645.87620247508	4413.64458203404	4358.06424987098	4622.33851485721	4305.26127831116	2227.54489595477	1961.83129799446	695.222782956582	2439.2256099292	1040.59792864654	1930.42757638735	1328.5613272347	4381.51158111292	4390.97861947707	2732.2981088759	1667.37652229346	1923.52575236411	1932.16937872515	3880.47371699536	3887.1174227428	3867.65641639523	3409.48405072616	4007.45833604167	3901.23189910345	3875.78431509782	3848.41807864781	3894.1734657301	4044.43523648222	1889.40582766937	4719.82094421799	2256.27973476777	3252.26679667112	2029.87273696419	1710.23248087323	898.452022583081	1986.42686587174	1217.85920390446	3642.34177043832	3623.06981257615	820.952610087661	496.007372427161	1477.72733402234	645.799501745726	638.430599617051	1293.28767178731	1075.84528016924	3586.24190278371	4970.47996206794	2084.04927753673	1396.68300837167	4774.4379702626	244.826739818546	2476.49730269885	1962.39074426029	1177.0767823503	1081.04926212169	1397.4195826718	1552.21787005353	1370.97820002602
150.230366117333	0	1738.406464956	1694.02062865174	1066.05648602267	1934.04873847223	1884.91668435569	1216.39603561737	3112.69689702762	536.708870854374	3799.35669069958	5882.17533190066	1852.50056038143	1730.46308639293	1221.86330122039	3225.31091754908	2114.44031247778	363.5060114402	3447.19463201146	1079.03506988657	1555.94939437746	972.635736871304	2735.28866613963	2635.41897770005	1760.28973445432	2206.74865783881	1050.61432649607	1911.20623870133	1413.92097392703	973.446686437928	1462.67669143506	1798.81070096128	1269.38326818109	800.947625373302	2697.99181183551	2357.23761176382	2704.06424432941	2220.71609874044	4757.19208828601	4549.06683369019	4655.23168043307	4796.10656859242	4563.87494815137	4508.29461598831	4772.56888097454	4455.49164442849	2077.31452983744	2038.72795143822	544.992416839249	2589.45597604653	890.367562529202	2007.32422983111	1478.79169335203	4304.61492766915	4541.2089855944	2655.40145543213	1590.4798688497	2000.42240580787	2009.06603216891	3803.5770635516	3810.22076929903	3790.75976295147	3332.5873972824	3930.56168259791	3824.33524565969	3798.88766165406	3771.52142520405	3817.27681228634	3967.53858303846	1812.5091742256	4796.71759766176	2333.17638821153	3329.16345011488	1952.97608352043	1860.46284699056	975.348676026843	1909.53021242798	1368.08957002179	3792.57213655565	3773.30017869348	670.722243970328	419.110718983399	1400.83068057858	568.902848301964	561.533946173288	1216.39101834354	1152.741933613	3663.13855622748	5120.71032818527	2234.27964365406	1319.78635492791	4924.66833637993	395.057105935879	2626.72766881618	2039.28739770406	1327.30714846763	1231.27962823902	1320.52292922804	1702.44823617087	1220.74783390869
1588.17609883867	1738.406464956	0	3432.42709360774	2804.46295097867	1950.86108256516	3255.45391246275	2954.80250057337	4851.10336198362	2275.11533581038	3294.56980409981	4143.76886694466	1411.99978898009	1635.34325207169	1388.68275842497	2720.52403094931	2619.22719907755	1374.9004535158	2942.40774541169	1044.35812657728	2060.73628097723	2499.90211490667	4473.69513109563	4373.82544265605	1867.0586827566	2711.53554443858	2789.02079145207	2415.9931253011	706.34674737755	2339.54499967628	3201.08315639106	1294.02381436151	813.936992292288	2539.3540903293	4436.39827679151	618.831146807814	3711.7336745658	1031.50817301106	3018.78562333001	2810.66036873419	2916.82521547707	3057.70010363641	2825.46848319537	2769.88815103231	3034.16241601854	2717.08517947249	3815.72099479344	2407.57987927097	2283.39888179525	851.04951109053	2628.7740274852	1795.35541260587	1706.1823571913	4809.40181426892	2802.8025206384	3160.1883420319	2095.26675544947	2832.78746934798	2799.73526501512	4308.36395015136	4315.0076558988	4295.54664955124	3837.37428388217	4435.34856919768	4329.12213225946	4303.67454825383	4276.30831180382	4322.06369888611	4472.32546963823	2317.29606082537	4291.93071106199	1828.38950161176	2824.37656351511	2457.7629701202	585.177364451132	2343.08257041806	2414.31709902775	370.316894934213	2054.16567159965	2034.89371373748	2409.12870892633	1945.74798289261	2380.93993359235	1650.94605883863	1827.35116687373	2175.88845772586	946.123102965286	3158.35166962771	3382.30386322927	1904.49021293134	2925.44877099373	4650.70961929873	1343.34935902012	1761.81716567974	2409.93910499942	411.099316488374	507.126836716981	2929.56760488884	468.526332921831	2959.15429886469
1844.25099476907	1694.02062865174	3432.42709360774	0	689.670987401135	2994.48650219613	824.478920631795	481.096377757933	1418.67626837588	1558.85367706054	4859.79445442347	7576.1959605524	2912.93832410532	2790.90085011682	2282.30106494428	4285.74868127298	1571.39343462043	2057.52664009194	4507.63239573535	2773.0556985383	2636.25916165325	2033.0735005952	1041.26803748789	3214.39693176244	2820.72749817822	3398.40401136093	643.406302155666	2857.30788042078	3107.94160257877	2033.88445016182	231.34393721668	2859.24846468517	2618.49010131545	1802.28511849391	1003.97118318377	4051.25824041556	3764.5020080533	3914.73672739217	6451.21271693775	6243.08746234193	6349.25230908481	6490.12719724415	6257.89557680311	6202.31524464005	6466.58950962628	6149.51227308023	1837.22955010763	3099.16571516212	1576.79682127362	4283.47660469827	1062.74217245513	3067.76199355501	3172.81232200377	5171.12185462444	6235.22961424614	2757.53678556351	1529.80332562602	3060.86016953176	3069.50379589281	2743.1392998277	2749.78300557514	2730.32199922758	2272.1496335585	2870.12391887402	2763.8974819358	2738.44989793017	2711.08366148016	2756.83904856244	2907.10081931456	2508.36444494473	5857.15536138565	3866.02644766543	4389.60121383877	1482.81059783338	3554.4834756423	2035.78643975074	2858.83555916585	3062.11019867353	5486.59276520739	5467.32080734522	1544.82746071213	1486.67911071513	1051.48716001539	1781.48103476911	1605.07592673401	1256.53863588189	2486.30399064245	4723.57631995137	6814.73095683701	3928.3002723058	506.978322614015	6618.68896503167	2089.07773458762	4320.74829746792	3099.72516142795	3021.32777711937	2925.30025689076	502.859488718899	3396.4688648226	480.533995131321
1216.28685214	1066.05648602267	2804.46295097867	689.670987401135	0	2304.81551479499	1514.14990803293	208.574609643202	2046.64041100495	869.182689659401	4170.12346702234	6948.23181792333	2223.26733670419	2101.22986271568	1592.63007754315	3596.07769387184	1743.67353615502	1429.56249746287	3817.96140833422	2145.09155590923	2008.29501902418	1343.40251319406	1669.23218011696	2524.7259443613	2131.05651077708	2770.43986873186	571.104154732182	2229.34373779171	2479.9774599497	1344.21346276069	614.446411038755	2169.57747728404	1990.52595868638	1112.61413109278	1631.93532581284	3423.29409778649	3074.83102065217	3286.77258476311	5823.24857430868	5615.12331971286	5721.28816645574	5862.16305461508	5629.93143417404	5574.35110201098	5838.62536699721	5521.54813045116	1147.5585627065	2409.49472776098	887.125833872481	3655.5124620692	373.071185053999	2378.09100615387	2544.8481793747	4543.15771199537	5607.26547161707	2284.63467910938	1219.71309252694	2371.18918213063	2379.83280849167	3432.81028722884	3439.45399297628	3419.99298662871	2961.82062095964	3559.79490627515	3453.56846933693	3428.1208853313	3400.75464888129	3446.51003596358	3596.7718067157	1880.40030231566	5167.48437398451	3238.06230503636	3699.93022643764	1582.20930719767	2926.51933301323	1346.1154523496	2230.87141653678	2434.14605604446	4858.62862257832	4839.35666471615	855.156473310998	858.714968086062	1030.06390425582	1153.51689214005	977.111784104938	845.624242020784	1858.33984801339	4033.90533255024	6186.76681420794	3300.33612967673	949.019578605149	5990.7248224026	1461.11359195855	3692.78415483885	2410.05417402681	2393.3636344903	2297.33611426169	949.756152905279	2768.50472219354	209.136992269814
1857.15208502847	1934.04873847223	1950.86108256516	2994.48650219613	2304.81551479499	0	3818.96542282792	2513.39012443819	2900.24227941846	1435.63282513559	2488.14714022937	6094.62994950982	538.861293585069	315.517830493473	712.185437251842	1291.26217907685	4048.48905095002	2234.38074084585	1513.14589353922	2473.61997844974	3489.99813284969	961.413001600929	2830.49495802055	2422.96436009089	173.759004017909	4140.79739631104	2875.91966952717	3845.25497717356	1626.37559153619	960.602052034305	2919.26192583375	1000.12652818141	1136.92409027287	1192.20138370221	3804.14195335239	2569.69222937297	1760.87259200065	2433.17071634959	4969.64670589517	4761.52145129935	4867.68629804223	5008.56118620157	4776.32956576053	4720.74923359747	4985.0234985837	4667.94626203765	1864.85991222828	456.718796705813	1417.68968092251	2801.91059365569	1931.74432974099	155.505669959286	3135.44420906376	6238.66366614139	4753.66360320356	4589.45019390437	3524.52860732193	881.926386782817	848.874182449959	5737.62580202383	5744.26950777127	5724.8085014237	5266.63613575463	5864.61042107015	5758.38398413192	5732.93640012629	5705.57016367628	5751.32555075857	5901.58732151069	3746.55791269784	2862.66885918952	2384.46043662284	1395.11471164265	3887.02482199266	2072.91746459972	958.70006244539	3843.57895090021	1717.28301308425	4005.0267541648	3985.75479630264	1449.65904148399	2353.15945745563	3334.87941905081	2502.9515867742	2495.58268464552	3150.43975681578	1004.73797959987	1729.08981775524	5333.16494579443	3333.7520648038	3253.83509340014	6079.97147117119	1928.08850719937	2839.18228642534	459.078022434261	1654.94668552631	1822.31376533458	3254.57166770027	1914.90285378002	2513.95250706481
1961.81333779945	1884.91668435569	3255.45391246275	824.478920631795	1514.14990803293	3818.96542282792	0	1305.57529838973	1595.64944952087	2383.33259769233	5684.27337505527	7399.22277940741	3737.41724473712	3615.37977074861	3106.77998557608	5110.22760190477	1394.42025347545	1880.55345894695	5332.11131636715	2596.08251739331	2459.28598050826	2857.55242122699	1218.24121863288	4038.87585239423	3645.20641881001	3221.43083021594	943.045753300748	2680.33469927579	3096.05031833301	2858.36337079362	899.703496994175	3683.72738531697	3154.29995253678	2626.76403912571	1180.94436432876	3874.28505927057	4588.9809286851	3737.76354624719	6274.23953579276	6066.11428119694	6172.27912793982	6313.15401609917	6080.92239565812	6025.34206349506	6289.61632848129	5972.53909193524	2661.70847073943	3923.64463579391	2401.27574190541	4106.50342355328	1887.22109308693	3892.2409141868	2995.83914085878	4994.14867347945	6058.25643310115	2580.56360441852	1352.83014448103	3885.33909016356	3893.9827165246	1918.66037919591	1925.30408494335	1905.84307859578	1447.67071292671	2045.64499824222	1939.418561304	2039.15534302776	1886.60474084836	1932.36012793065	2082.62189868277	2331.39126379974	6681.63428201745	4218.09307256722	5214.08013447057	1305.83741668839	3377.51029449731	2860.26536038253	2681.86237802086	2885.13701752854	5309.6195840624	5290.34762620023	2369.30638134393	1465.80596537229	874.513978870404	1604.50785362413	1428.10274558902	1079.5654547369	3037.65861796869	5548.05524058316	6637.75777569202	3751.32709116081	565.130329427781	6441.71578388668	1912.10455344263	4151.5207366352	3924.20408205974	2844.35459597438	2748.32707574577	564.393755127652	3219.49568367762	1305.01291576312
1366.6264017347	1216.39603561737	2954.80250057337	481.096377757933	208.574609643202	2513.39012443819	1305.57529838973	0	1896.30086141025	1077.7572993026	4378.69807666554	7098.57136751804	2431.84194634739	2309.80447235889	1801.20468718635	3804.65230351504	1535.09892651182	1579.90204705757	4026.53601797742	2295.43110550394	2158.63456861888	1551.97712283726	1518.89263052226	2733.3005540045	2339.63112042028	2920.77941832656	362.52954508898	2379.68328738641	2630.3170095444	1552.78807240389	405.871801395553	2378.15208692724	2140.86550828109	1321.18874073598	1481.59577621814	3573.63364738119	3283.40563029537	3437.11213435781	5973.58812390338	5765.46286930756	5871.62771605044	6012.50260420979	5780.27098376875	5724.69065160568	5988.96491659191	5671.88768004586	1356.1331723497	2618.06933740418	1095.70044351568	3805.8520116639	581.645794697201	2586.66561579707	2695.1877289694	4693.49726159007	5757.60502121177	2279.91219252915	1052.17873259165	2579.76379177383	2588.40741813487	3224.23567758564	3230.87938333307	3211.41837698551	2753.24601131644	3351.22029663195	3244.99385969373	3219.5462756881	3192.18003923809	3237.93542632038	3388.1971970725	2030.73985191036	5376.05898362772	3388.40185463106	3908.50483608084	1373.63469755447	3076.85888260793	1554.6900619928	2381.21096613148	2584.48560563916	5008.96817217302	4989.69621431085	1063.7310829542	1009.05451768076	821.489294612617	1303.85644173475	1127.45133369964	778.914042847518	2008.67939760809	4242.47994219344	6337.10636380264	3450.67567927143	740.444968961948	6141.0643719973	1611.45314155325	3843.12370443355	2618.62878367002	2543.703184085	2447.67566385639	741.181543262077	2918.84427178824	4.35179829132051
3262.92726314495	3112.69689702762	4851.10336198362	1418.67626837588	2046.64041100495	2900.24227941846	1595.64944952087	1896.30086141025	0	2575.98802617324	5388.38941964783	8994.87222892828	3439.10357300353	3215.76010991193	3462.42060355865	3612.42774885518	2990.06970299631	3476.20290846782	3834.31146331755	4191.73196691418	4054.93543002913	2351.20124707695	509.329388242224	2541.07599934464	2984.04467922702	4817.08027973681	2062.08257053155	4275.98414879666	4526.61787095465	2511.55836230734	1650.02020559256	3900.36880759987	4037.16636969133	2311.74927165431	1482.97638357407	5469.93450879143	3091.1810756355	5333.41299576805	7869.88898531363	7661.76373071781	7767.92857746069	7908.80346562003	7676.57184517899	7620.99151301593	7885.26577800216	7568.18854145611	1163.90861768983	2443.52348271265	2567.70448018837	5702.15287307415	2222.32933449841	3055.74794937775	4591.48859037965	6589.79812300032	7653.90588262202	4176.21305393939	2948.4795940019	2387.53923711396	2396.182863475	3416.4602322455	3423.10393799294	3403.64293164538	2945.47056597631	3543.44485129182	3437.2184143536	3634.80479254863	3384.40459389796	3430.15998098024	3580.42175173237	3927.04071332061	5183.83442896785	5284.70271604131	3716.28028142097	2901.48686620926	4973.15974401818	2508.02079156556	4277.51182754173	4480.78646704941	6905.26903358326	6885.9970757211	2441.97465305729	2905.35537909101	2470.16342839127	3200.15730314499	3023.75219510989	2675.21490425776	3904.98025901833	4050.25538753357	8233.40722521289	5346.97654068168	1925.65459098989	8037.36523340755	3507.7540029635	5739.4245658438	2441.1642569842	4440.00404549525	4343.97652526664	1921.53575709478	4815.14513319848	1891.94906311893
686.939236971708	536.708870854374	2275.11533581038	1558.85367706054	869.182689659401	1435.63282513559	2383.33259769233	1077.7572993026	2575.98802617324	0	3300.94077736293	6418.88420275504	1354.08464704478	1232.04717305628	886.432577385409	2726.89500421244	2612.85622581443	900.214882294575	2948.77871867481	1615.74394074094	2054.3653077141	474.219823534661	2198.57979528526	2098.71010684567	1261.87382111768	2705.16457117545	1440.28684439158	2409.62215203797	1950.6298447814	475.030773101285	1483.62910069816	1324.38078142663	1461.17834351809	264.238754518927	2368.5091282168	2893.94648261819	2205.64833099276	2757.42496959481	5293.90095914039	5085.77570454457	5191.94055128745	5332.81543944679	5100.58381900575	5045.00348684269	5309.27775182892	4992.20051528286	1540.60565898306	1540.31203810158	17.9431442130799	3126.16484690091	496.111504605403	1508.90831649447	2015.50056420641	4803.0308410058	5077.91785644878	3153.81736876878	2088.89578218635	1502.00649247123	1510.65011883227	4301.99297688824	4308.63668263568	4289.17567628811	3831.00331061904	4428.97759593456	4322.75115899633	4297.3035749907	4269.93733854069	4315.69272562298	4465.9544963751	2310.92508756225	4298.30168432511	2708.71468986806	2830.74753677824	2451.39199685707	2397.17171784494	476.9327626902	2407.94612576462	1904.79844087616	4329.28100741002	4310.00904954786	134.013373115953	917.526632320042	1899.24659391522	1067.31876163861	1059.94985950993	1714.80693168019	1328.99223284509	3164.72264289083	5657.41919903965	2770.98851450843	1818.20226826455	5461.3772072343	931.765976790254	3163.43653967056	1540.87148436741	1864.016019322	1767.9884990934	1818.93884256468	2239.15710702524	1078.31968192922
3722.46003725582	3799.35669069958	3294.56980409981	4859.79445442347	4170.12346702234	2488.14714022937	5684.27337505527	4378.69807666554	5388.38941964783	3300.94077736293	0	3606.48280928045	1949.2858466443	2172.6293097359	2577.49338947919	2605.78013609989	5913.79700317736	4099.68869307319	3324.98020941865	4338.92793067709	5355.30608507703	3037.18817257088	5010.98118875985	4911.11150032026	2404.34474042081	6006.10534853839	4741.22762175452	5710.5629294009	2588.22305672226	2876.83105734049	4784.56987806109	2000.5459897383	2529.97342251848	3076.64014799352	5669.44990557974	3230.14367901456	4249.01973223001	2263.06163108875	3400.63879063741	3585.67220385658	4029.57485172262	4560.1551089561	3030.33134510136	4839.96912048014	3845.85618072314	4401.51449490189	4353.00705245765	2944.86593693518	3282.99763314985	3013.09520611785	3797.05228196834	2332.64147027008	5000.75216129111	8103.97161836873	2338.07373926895	6454.75814613171	5389.83655954928	3370.07352701219	3337.02132267933	7602.93375425117	7609.57745999861	7590.11645365105	7131.94408798198	7729.91837329749	7623.69193635927	7598.24435235364	7570.87811590363	7616.63350298591	7766.89527373804	5611.86586492518	2460.47801330035	1466.18030248804	3333.7800364779	5752.33277422001	3879.74716855094	2880.36862808227	5708.88690312756	3582.59096531159	4806.24254232203	2149.57477528987	3314.96699371134	4218.46740968298	5200.18737127815	4368.25953900154	4360.89063687287	5015.74770904312	2646.61475708658	3632.64940635888	2845.01780556506	5199.06001703115	5119.14304562749	7945.27942339854	3793.39645942672	1532.75263842006	2947.22516266363	3520.25463775366	3687.62171756192	5119.87961992761	2826.04347117798	4379.26045929215
5731.94496578333	5882.17533190066	4143.76886694466	7576.1959605524	6948.23181792333	6094.62994950982	7399.22277940741	7098.57136751804	8994.87222892828	6418.88420275504	3606.48280928045	0	5555.76865592475	5779.11211901635	5532.45162536963	6212.26294538034	6004.80252593197	5518.66932046046	6931.4630186991	4803.1402620141	4939.93679889915	6643.67098185133	8617.4639980403	8517.59430960071	6010.82754970126	4958.59673333566	6932.78965839674	4718.88808013162	4468.25435797363	6483.31386662094	7344.85202333572	5094.50342132841	4957.70585923695	6683.12295727397	8580.16714373617	3524.93772013685	7855.50254151046	3661.45923316023	2353.13017543468	2538.16358865386	2982.0662365199	3512.64649375338	1982.82272989863	3792.46050527741	2798.34756552041	3354.00587969916	7959.4898617381	6551.34874621563	6427.16774873991	3292.71935585413	6772.54289442987	5939.12427955053	4403.38363854863	7056.46300316601	1340.96634630626	5407.24953092899	6046.39263492638	6976.55633629264	6943.50413195978	8308.01121500323	6562.06884479589	6542.60783844832	6639.92983944816	6682.40975809476	6576.18332115654	6550.73573715092	6523.3695007009	6569.12488778319	6719.38665853531	5067.83151560767	6066.9608225808	3710.16951288698	6940.26284575835	6093.38536271902	4021.7124849101	6486.85143736272	4717.36040138655	4514.08576187888	3758.73392711931	2108.87515320718	6552.89757587099	6089.51684983727	6524.70880053701	5794.71492578329	5971.1200338184	6319.65732467052	5089.89196990995	7239.13221563933	761.465003715392	4151.55140182842	7069.21763793839	6897.77080819581	5487.11822596478	3255.44766308448	6553.70797194408	4554.86818343304	4650.89570366164	7073.3364718335	4179.7270957298	7102.92316580935
1775.60390693766	1852.50056038143	1411.99978898009	2912.93832410532	2223.26733670419	538.861293585069	3737.41724473712	2431.84194634739	3439.10357300353	1354.08464704478	1949.2858466443	5555.76865592475	0	223.343463091596	630.637259161036	1372.81035716766	3966.94087285921	2152.83256275504	1594.69407163003	2392.07180035894	3408.44995475888	1087.90232592658	3061.69534211554	2961.82565367596	455.058893776512	4059.24921822024	2794.37149143637	3763.70679908275	1087.51429795112	927.545210696188	2837.71374774294	461.265234596337	598.062796687801	1127.35430134922	3722.59377526158	2030.8309357879	2299.73388558571	1894.30942276452	4430.7854123101	4222.66015771428	4328.82500445716	4469.6998926165	4237.46827217546	4181.8879400124	4446.16220499863	4129.08496845258	2403.72120581335	995.580090290882	1336.1415028317	2263.04930007062	1850.19615165019	383.355623625783	3053.89603097296	6157.11548805058	4214.80230961849	4507.90201581356	3442.98042923113	1420.78768036789	1387.73547603503	5656.07762393302	5662.72132968046	5643.2603233329	5185.08795766383	5783.06224297934	5676.83580604112	5651.38822203549	5624.02198558548	5669.77737266776	5820.03914341989	3665.00973460703	2944.21703728033	1845.59914303777	1476.66288973345	3805.47664390186	1932.89103823279	931.082781437973	3762.0307728094	1635.73483499344	3466.16546057973	3446.89350271757	1368.11086339319	2271.61127936483	3253.33124096	2421.40340868339	2414.03450655472	3068.89157872497	699.758626768427	1810.63799584605	4794.30365220936	3252.203886713	3172.28691530934	5998.42329308038	1846.54032910857	2300.32099284027	997.93931601933	1573.39850743551	1740.76558724377	3173.02348960946	1376.04156019495	2432.404328974
1653.56643294916	1730.46308639293	1635.34325207169	2790.90085011682	2101.22986271568	315.517830493473	3615.37977074861	2309.80447235889	3215.76010991193	1232.04717305628	2172.6293097359	5779.11211901635	223.343463091596	0	508.599785172534	1494.84783115616	3844.90339887071	2030.79508876654	1716.73154561853	2270.03432637043	3286.41248077038	864.558862834984	2838.35187902395	2738.48219058436	231.715430684916	3937.21174423173	2672.33401744787	3641.66932509425	1310.85776104271	757.016399954997	2715.67627375444	684.608697687933	821.406259779397	988.615731622906	3600.55630127308	2254.1743988795	2076.39042249412	2117.65288585612	4654.1288754017	4446.00362080588	4552.16846754875	4693.0433557081	4460.81173526706	4405.23140310399	4669.50566809022	4352.42843154417	2180.37774272175	772.236627199286	1214.1040288432	2486.39276316222	1728.15867766169	276.861143438188	2931.85855698446	6035.07801406208	4438.14577271009	4385.86454182506	3320.94295524263	1197.44421727629	1164.39201294343	5534.04014994452	5540.68385569196	5521.2228493444	5063.05048367532	5661.02476899084	5554.79833205261	5529.35074804699	5501.98451159698	5547.73989867926	5698.00166943138	3542.97226061853	3066.25451126883	2068.94260612937	1598.70036372195	3683.43916991336	1810.85356424429	755.114410366082	3639.9932988209	1513.69736100494	3689.50892367133	3670.23696580916	1246.07338940469	2149.57380537632	3131.2937669715	2299.36593469489	2291.99703256621	2946.85410473647	689.2201491064	1932.67546983455	5017.64711530096	3130.16641272449	3050.24944132083	5876.38581909188	1724.50285512006	2523.66445593186	774.595852927734	1451.361033447	1618.72811325527	3050.98601562096	1599.38502328655	2310.3668549855
1144.96664777663	1221.86330122039	1388.68275842497	2282.30106494428	1592.63007754315	712.185437251842	3106.77998557608	1801.20468718635	3462.42060355865	886.432577385409	2577.49338947919	5532.45162536963	630.637259161036	508.599785172534	0	2003.44761632869	3336.30361369817	1522.19530359401	2225.33133079107	1761.4345411979	2777.81269559785	1111.2193564817	3085.01237267067	2985.14268423108	538.426433233933	3428.6119590592	2163.73423227533	3133.06953992172	1064.197267396	950.862241251308	2207.0764885819	576.947399740886	574.745766132681	1150.67133190434	3091.95651610055	2007.51390523278	2323.05091614083	1870.9923922094	4407.46838175498	4199.34312715916	4305.50797390204	4446.38286206138	4214.15124162034	4158.57090945728	4422.84517444351	4105.76793789746	2427.03823636847	1018.897120846	894.716123370283	2239.7322695155	1240.09126906024	785.460928610722	2423.25877181192	5526.47822888954	4191.48527906337	3877.26475665253	2812.34317007009	1444.10471092301	1411.05250659015	5025.44036477199	5032.08407051943	5012.62306417186	4554.45069850279	5152.4249838183	5046.19854688008	5020.75096287445	4993.38472642444	5039.14011350673	5189.40188425885	3034.37247544599	3574.85429644137	1822.28211248265	2107.30014889449	3174.83938474082	1510.73914045953	954.399811993094	3131.39351364837	1018.36586349076	3442.84843002461	3423.57647216245	1020.44595050136	1640.97402020379	2622.69398179897	1790.76614952236	1783.39724739368	2438.25431956393	442.559655459683	2441.27525500709	4770.98662165424	2621.56662755196	2541.6496561483	5367.78603391935	1215.90306994753	2277.00396228515	1021.25634657445	977.583441936595	1110.12832808274	2542.38623044843	1352.72452963983	1801.76706981296
3148.41426410532	3225.31091754908	2720.52403094931	4285.74868127298	3596.07769387184	1291.26217907685	5110.22760190477	3804.65230351504	3612.42774885518	2726.89500421244	2605.78013609989	6212.26294538034	1372.81035716766	1494.84783115616	2003.44761632869	0	5339.75123002687	3525.6429199227	719.200073318763	3764.88215752659	4781.26031192654	2252.67518067778	4121.7571370974	2305.33136422037	1465.02118309476	5432.05957538789	4167.18184860402	5136.51715625041	2014.17728357176	2251.86423111116	4210.5241049106	1426.50021658781	1955.92764936799	2483.46356277907	5095.40413242924	2687.32522524349	1643.23959613012	2550.80371222011	5087.27970176569	4879.15444716987	4985.31929391275	5126.19418207209	4893.96256163105	4838.38222946799	5102.65649445422	4785.57925790817	2448.51913116535	1186.58296611086	2708.95185999936	2919.54358952621	3223.00650881784	1217.98668771797	4426.70638814061	7529.92584521824	4871.29659907408	5880.71237298122	4815.79078639879	1224.88851174122	1216.24488538017	7028.88798110068	7035.53168684812	7016.07068050055	6557.89831483148	7155.872600147	7049.64616320877	7024.19857920315	6996.83234275313	7042.58772983542	7192.84950058754	5037.82009177469	1571.40668011267	2502.09343249337	727.999900378008	5178.28700106952	3305.70139540045	2249.96224152224	5134.84112997706	3008.5451921611	4232.19676917154	4103.38779217316	2740.92122056084	3644.42163653248	4626.14159812766	3794.21376585105	3786.84486372237	4441.70193589263	2072.56898393608	1026.86927025899	5450.79794166495	4625.01424388065	4545.09727247699	7371.23365024804	3219.35068627622	2956.81528229586	1186.02351984503	2946.20886460316	3113.57594441143	4545.83384677712	2251.99769802748	3805.21468614166
2191.33696592154	2114.44031247778	2619.22719907755	1571.39343462043	1743.67353615502	4048.48905095002	1394.42025347545	1535.09892651182	2990.06970299631	2612.85622581443	5913.79700317736	6004.80252593197	3966.94087285921	3844.90339887071	3336.30361369817	5339.75123002687	0	1814.10831010417	5561.63494448924	1574.86907250027	1064.86572703282	3087.07604934909	2612.66147210833	4268.39948051633	3874.73004693211	1827.0105767405	1172.56938142284	1285.91444580034	3325.5739464551	3087.88699891571	1340.04949740375	3913.25101343906	3383.82358065888	2856.2876672478	2575.36461780421	2683.6533241628	4818.50455680719	3650.73537208861	4879.81928231732	4671.6940277215	4777.85887446438	4918.73376262372	4686.50214218268	4630.92181001961	4895.19607500584	4578.11883845979	2891.23209886152	4153.16826391601	2630.79937002751	2900.70179705951	2116.74472120902	4121.7645423089	1601.41888738333	3599.72842000401	4663.83617962571	1186.14335094308	523.96044362808	4114.86271828565	4123.5063446467	2303.20868907126	1695.78045682125	1676.31945047369	1218.14708480462	1816.12137012013	1709.89493318191	1684.44734917628	1657.08111272627	1702.83649980855	1853.09827056068	936.971010324295	6911.15791013954	4447.61670068932	5443.60376259266	161.464228957351	2034.04983462642	3089.78898850463	1287.44212454541	2331.20603786577	3915.19933058695	3895.92737272479	2598.83000946602	1695.32959349438	713.609631899205	1545.53746417582	1552.90636630449	898.04929413424	3267.18224609078	5777.57886870526	5243.33752221658	2356.90683768536	1064.41511200642	5047.29553041123	2120.40054375064	4381.0443647573	4153.72771018184	2393.5423654237	2226.17528561544	1068.53394590154	3087.75353199938	1534.53654388521
377.228655817377	363.5060114402	1374.9004535158	2057.52664009194	1429.56249746287	2234.38074084585	1880.55345894695	1579.90204705757	3476.20290846782	900.214882294575	4099.68869307319	5518.66932046046	2152.83256275504	2030.79508876654	1522.19530359401	3525.6429199227	1814.10831010417	0	3747.52663438507	715.529058446365	1255.61739200384	1272.96773924492	3098.79467757983	2998.92498914025	2060.62173682794	1906.41665546519	1414.12033793627	1610.87423632771	1511.46563635093	1273.77868881154	1826.18270287526	2099.14270333489	1569.71527055471	1164.4536368135	3061.49782327571	1993.73160032362	3004.39624670302	1857.21008730024	4393.68607684581	4185.56082224999	4291.72566899287	4432.60055715222	4200.36893671117	4144.78860454811	4409.06286953434	4091.98563298829	2440.82054127764	2339.05995381184	908.498428279449	2225.94996460633	1253.8735739694	2307.65623220473	1115.28568191183	4004.28292529554	4177.7029741542	2355.06945305852	1290.14786647609	2300.75440818148	2309.39803454253	3503.24506117798	3509.88876692542	3490.42776057786	3032.25539490878	3630.2296802243	3524.00324328608	3498.55565928045	3471.18942283044	3516.94480991272	3667.20658066484	1512.17717185199	5097.04960003537	2633.50839058515	3629.49545248849	1652.64408114682	1496.95683555036	1275.68067840046	1609.19821005436	1004.58355858159	3429.06612511545	3409.79416725328	1034.22825541053	570.847529376807	1100.49867820496	276.045605322823	452.450713357931	916.059015969929	1453.07393598661	3963.47055860109	4757.20431674507	1870.77363221386	1550.54831747792	4561.16232493973	306.292233646475	2566.93605465313	2339.61940007767	963.801137027429	867.773616798822	1554.66715137304	1338.94222473067	1584.25384534889
3370.2979785677	3447.19463201146	2942.40774541169	4507.63239573535	3817.96140833422	1513.14589353922	5332.11131636715	4026.53601797742	3834.31146331755	2948.77871867481	3324.98020941865	6931.4630186991	1594.69407163003	1716.73154561853	2225.33133079107	719.200073318763	5561.63494448924	3747.52663438507	0	3986.76587198897	5003.14402638891	2474.55889514015	4343.64085155977	1586.13129090161	1686.90489755713	5653.94328985027	4389.0655630664	5358.40087071278	2463.20866072547	2473.74794557353	4432.40781937297	1836.95959737069	2177.81136383036	2705.34727724144	5317.28784689162	3406.52529856226	924.039522811362	3270.00378553888	5806.47977508445	5598.35452048863	5704.51936723151	5845.39425539086	5613.16263494981	5557.58230278675	5821.85656777298	5504.77933122693	2670.40284562772	1408.46668057323	2930.83557446173	3638.74366284497	3444.89022328022	1439.87040218034	4648.59010260299	7751.80955968061	5590.49667239284	6102.59608744359	5037.67450086116	1446.77222620359	1438.12859984255	7250.77169556305	7257.41540131049	7237.95439496293	6779.78202929386	7377.75631460937	7271.52987767115	7246.08229366552	7218.71605721551	7264.47144429779	7414.73321504992	5259.70380623706	1349.5229656503	3221.29350581213	118.031181896579	5400.17071553189	3527.58510986282	2471.84595598461	5356.72484443944	3230.42890662347	4841.85982335409	4822.58786549192	2962.80493502322	3866.30535099486	4848.02531259003	4016.09748031342	4008.72857818475	4663.585650355	2294.45269839846	307.669196940227	6169.99801498371	4846.89795834303	4766.98098693936	7593.11736471042	3441.2344007386	3676.01535561462	1407.9072343074	3168.09257906554	3335.4596588738	4767.71756123949	2751.73592296931	4027.09840060403
928.804703769232	1079.03506988657	1044.35812657728	2773.0556985383	2145.09155590923	2473.61997844974	2596.08251739331	2295.43110550394	4191.73196691418	1615.74394074094	4338.92793067709	4803.1402620141	2392.07180035894	2270.03432637043	1761.4345411979	3764.88215752659	1574.86907250027	715.529058446365	3986.76587198897	0	1016.37815439995	1840.53071983723	3814.3237360262	3714.45404758661	2299.86097443183	1667.1774178613	2129.64939638264	1371.63499872382	1750.70487395483	1680.17360460684	2541.71176132162	2338.38194093879	1808.9545081586	1879.98269525987	3777.02688172207	1278.20254187725	3243.63548430692	2075.86629958834	3678.15701839945	3470.03176380363	3576.19661054651	3717.07149870585	3484.83987826481	3429.25954610175	3693.53381108798	3376.45657454192	3156.349599724	2578.29919141573	1624.02748672581	1510.42090615997	1969.40263241577	2546.89546980862	661.824230614022	3765.04368769164	3462.17391570784	2115.83021545463	1243.25237291228	2539.99364578538	2548.63727214642	3504.87095298913	3270.64952932153	3251.18852297396	2793.01615730489	3390.9904426204	3284.76400568218	3259.31642167655	3231.95018522654	3277.70557230883	3427.96734306095	1272.93793424809	5336.28883763926	2872.74762818904	3868.73469009239	1413.40484354292	781.427777103998	1683.71117534863	1369.95897245047	756.336965365495	2713.53706666908	2694.26510880692	1749.75731385689	1286.37658782317	1721.56853852291	991.574663769188	1167.9797718043	1516.51706265642	1692.31317359051	4202.70979620499	4041.67525829871	1155.24457376749	2266.07737592429	3845.63326649336	683.977963950686	2806.17529225702	2578.85863768156	818.67329292343	651.306213115163	2270.1962098194	1512.88445949911	2299.78290379526
1632.84604782122	1555.94939437746	2060.73628097723	2636.25916165325	2008.29501902418	3489.99813284969	2459.28598050826	2158.63456861888	4054.93543002913	2054.3653077141	5355.30608507703	4939.93679889915	3408.44995475888	3286.41248077038	2777.81269559785	4781.26031192654	1064.86572703282	1255.61739200384	5003.14402638891	1016.37815439995	0	2528.58513124876	3677.52719914114	3709.908562416	3316.23912883178	762.144849707682	1992.85285949758	355.25684432387	2767.08302835478	2529.39608081538	2404.91522443657	3354.76009533873	2825.33266255855	2297.79674914748	3640.23034483702	2125.16240606248	4260.01363870686	3092.24445398829	3814.9535552845	3606.82830068868	3712.99314743156	3853.8680355909	3621.63641514986	3566.0560829868	3830.33034797303	3513.25311142698	3019.55306283895	3594.67734581568	2072.30845192718	2342.21087895918	1832.60609553071	3563.27362420857	536.553160350518	2748.6655332917	3598.97045259289	1099.45206105468	1106.45583602723	3556.37180018532	3565.01542654637	3368.07441610408	2254.27137492158	2234.81036857401	1776.63800290494	2374.61228822046	2268.38585128223	2242.93826727661	2215.57203082659	2261.32741790888	2411.589188661	256.559779848147	6352.66699203921	3889.12578258899	4885.11284449234	1153.44856381987	1475.55891652609	2531.2980704043	353.580818050521	1772.71511976544	2850.33360355414	3205.73130978716	2040.3390913657	1149.58005093812	1584.77200163786	987.046546075493	1031.18323491924	1379.72052577137	2708.69132799046	5219.08795060493	4447.91884396414	1292.04111065255	2129.28083903924	3982.42980337842	1561.90962565032	3822.55344665697	3595.23679208151	1835.05144732338	1667.68436751511	2133.39967293435	2529.26261389906	2162.9863669102
911.726016068	972.635736871304	2499.90211490667	2033.0735005952	1343.40251319406	961.413001600929	2857.55242122699	1551.97712283726	2351.20124707695	474.219823534661	3037.18817257088	6643.67098185133	1087.90232592658	864.558862834984	1111.2193564817	2252.67518067778	3087.07604934909	1272.96773924492	2474.55889514015	1840.53071983723	2528.58513124876	0	1973.79301618897	1873.92332774938	787.65399758302	3179.38439471011	1914.50666792624	2883.84197557263	2175.4166238777	160.357115230392	1957.84892423282	1549.16756052292	1685.96512261438	230.788382101285	2842.72895175146	3118.73326171448	1731.4285074581	2982.2117486911	5518.68773823668	5310.56248364086	5416.72733038374	5557.60221854308	5325.37059810204	5269.79026593898	5534.06453092521	5216.98729437916	1315.81887988677	1066.09221456692	456.276679321581	3350.9516259972	970.331328140064	1034.68849295981	2240.2873433027	5277.25066454046	5302.70463554507	3628.03719230344	2563.11560572101	1027.78666893656	1036.43029529761	4776.2128004229	4782.85650617034	4763.39549982277	4305.2231341537	4903.19741946922	4796.97098253099	4771.52339852537	4744.15716207535	4789.91254915764	4940.17431990976	2785.14491109691	3824.08186079045	2933.50146896435	2356.52771324357	2925.61182039173	2621.95849694123	156.819544488607	2882.16594929928	2129.58521997246	4554.06778650632	4534.79582864415	488.246039883064	1391.7464558547	2373.46641744988	1541.53858517327	1534.16968304459	2189.02675521485	1553.77901194138	2690.50281935617	5882.20597813594	2995.77529360473	2292.42209179921	5686.1639863306	1156.55275588655	3388.22331876685	1066.65166083275	2088.8027984183	1992.77527818969	2293.15866609934	2463.94388612153	1552.53950546388
2885.51903225697	2735.28866613963	4473.69513109563	1041.26803748789	1669.23218011696	2830.49495802055	1218.24121863288	1518.89263052226	509.329388242224	2198.57979528526	5010.98118875985	8617.4639980403	3061.69534211554	2838.35187902395	3085.01237267067	4121.7571370974	2612.66147210833	3098.79467757983	4343.64085155977	3814.3237360262	3677.52719914114	1973.79301618897	0	3050.40538758686	2656.73595400264	4439.67204884883	1684.67433964356	3898.57591790867	4149.20964006666	2134.15013141936	1272.61197470457	3522.96057671188	3659.75813880335	1934.34104076633	973.646995331841	5092.52627790345	3600.51046387772	4956.00476488007	7492.48075442565	7284.35549982983	7390.5203465727	7531.39523473205	7299.16361429101	7243.58328212794	7507.85754711417	7190.78031056812	1673.23800593205	2935.17417098654	2190.29624930038	5324.74464218617	1844.92110361043	2903.77044937943	4214.08035949166	6212.38989211234	7276.49765173404	3798.80482305141	2571.07136311391	2896.86862535618	2905.51225171723	2907.13084400328	2913.77454975072	2953.09682117156	2436.14117773408	3034.1154630496	2962.89039802747	3257.39656166065	2875.07520565573	2920.83059273802	3071.09236349014	3549.63248243262	5693.16381721007	4907.29448515332	4225.6096696632	2524.07863532128	4595.7515131302	2130.61256067757	3900.10359665374	4103.37823616142	6527.86080269528	6508.58884483311	2064.5664221693	2527.94714820302	2092.75519750329	2822.74907225701	2646.3439642219	2297.80667336978	3527.57202813035	4559.58477577579	7855.9989943249	4969.56830979369	1548.24636010191	7659.95700251956	3130.34577207551	5362.01633495581	2935.73361725237	4062.59581460726	3966.56829437865	1544.12752620679	4437.7369023105	1514.54083223094
