0	1430.5050179093	117.996104130489	696.169160847292	2278.38099633101	694.72409185996	1118.00360977459	4630.89727728896	324.546159926522	1762.6274853009	1192.22877991904	607.624094242432	604.378274079622	3182.8993321442	1452.70431320289	1188.19636707949	2047.41468719124	779.127183355858	331.108316264976	2420.55828419523	3920.64512442438	3075.95485605881	2015.81744326044	4068.8003972573	853.922115436883	3587.62914024281	5191.69681908885	3920.27841010257	6233.11112529683	3452.69720397549	5113.08202021677	5076.85729519253	4320.64589344134	3539.98663629311	3776.24456928203	3538.1739869459	3594.42346194359	1074.0368835553	695.124742334687	2583.64431993558	3121.14852617783	2047.65462758063	2133.62901404538	1096.54295384652	2955.6955446338	4606.18333136108	1039.21657938765	2779.23457787456	1607.29519812079	1928.39941311551	6412.02930194778	1345.3466654413	821.661887905535	4172.63016521134	825.186809378961	788.779894338263	2009.8409436921	2948.85107416185	3347.04477648257	3065.29680928725	3057.08096027875	3010.26344056011	1144.27002423719	1345.89161976978	1938.08010267818	1015.80219482661	823.864268830228	822.464942080148	1016.16653475318	1014.62046856546	817.656126012338	1011.86948401852	393.145142484812	2379.99509503765	2330.50203671178	1239.24563081312	3079.80285587857	3141.59239625317	2576.44987737276	2475.8655191705	4952.00131980071	2634.83182495322	1764.75290713129	2448.04366917967	1501.09878185703	3159.27455614844	2295.97750712393	3396.53902944266	929.228096093051	3077.45140498071	2965.39967772095	3010.38114735899	2983.80982800547	1485.96715524168	2921.98144469001	1547.86577660147	583.988388235516	2396.96497603602	821.244874210491	685.249034749947
1430.5050179093	0	1548.50112203979	1336.62536255045	847.875978421708	1331.98911279212	1906.81030365194	5506.24132684197	1755.05117783582	2637.97153485391	2582.13315853818	2038.12911215173	2034.88329198892	4058.24338169721	2801.40021210911	2574.34540448805	2922.75873674425	2209.63220126515	1761.61333417427	2623.0601315601	4795.98917397739	4506.45987396811	3446.32246116973	3457.58966278761	1646.82818408838	2964.38918364162	3761.19180117955	2708.10394203598	4802.60610738754	3041.45096776512	3682.57700230748	3646.35227728324	2890.14087553204	2863.02136011658	3185.44920740735	2901.70965313812	2665.57684053705	2504.5419014646	1332.65307565544	2931.07930415153	3996.49257573084	2922.99867713364	703.123996136084	890.218890035886	2080.35149508079	3730.83928180807	2469.72159729695	3057.91163308515	1491.47663942886	732.07965006948	7287.37335150079	2198.51963584264	2252.16690581483	5047.97421476435	1700.53085893197	2219.28491224756	1548.85614463165	1543.86052372246	1916.53975857328	1634.79179137795	1626.57594236945	1606.69662981595	2574.77504214649	2202.24015181719	1546.03837786004	2446.30721273591	2254.36928673952	2252.96995998945	2446.67155266248	2445.12548647475	2248.16114392164	2442.37450192782	1823.65016039411	949.490077128352	3509.99530429531	2669.75064872242	3955.14690543158	4016.93644580618	4006.95489528206	3906.3705370798	5827.34536935372	3510.17587450623	2640.0969566843	3878.54868708896	2848.49974371195	4034.61860570145	3726.48252503323	4242.94562098505	501.276921816246	2202.1073554277	2090.05562816794	2135.03709780598	2108.46577845246	610.623105688671	1491.47642678071	2423.20982615448	1979.42921900469	3827.46999394532	2251.74989211979	1560.59308430296
117.996104130489	1548.50112203979	0	741.167964889529	2396.37710046149	739.722895902197	1235.99971390508	4585.89847324672	222.152823829355	1717.62868125866	1147.22997587681	489.627990111944	486.382169949133	3137.90052810196	1407.70550916066	1143.19756303725	2002.415883149	807.615483600125	222.44377433233	2465.55708823747	3875.64632038214	2957.95875192832	1897.82133912995	4113.79920129954	898.920919479119	3705.6252443733	5309.69292321934	4038.27451423306	6351.10722942732	3570.69330810597	5231.07812434726	5194.85339932302	4438.64199757183	3657.9827404236	3894.24067341252	3656.17009107639	3712.41956607407	956.040779424815	740.123546376923	2701.64042406607	3076.14972213559	2002.65582353839	2251.62511817587	1141.54175788875	3000.69434867603	4651.18213540331	921.220475257161	2824.2333819168	1652.29400216303	2046.395517246	6367.03049790554	1390.34546948354	703.665783775046	4127.63136116911	780.188005336725	670.783790207774	2054.83974773434	3066.84717829234	3465.04088061306	3183.29291341774	3175.07706440923	3128.2595446906	1026.2739201067	1390.89042381202	2056.07620680867	908.560287530754	705.868164699739	704.468837949659	907.536824773428	907.248770071132	699.660021881849	906.732431782916	275.149038354324	2497.99119916814	2285.50323266954	1121.24952668263	3034.80405183633	3096.59359221093	2458.45377324228	2357.86941504001	4907.00251575848	2589.83302091098	1719.75410308905	2330.04756504918	1456.0999778148	3114.2757521062	2177.98140299344	3514.53513357315	1047.22420022354	3122.45020902295	3010.39848176318	3055.37995140122	3028.8086320477	1530.96595928392	3039.9775488205	1502.86697255923	538.989584193279	2278.96887190553	703.248770080002	640.250230707711
696.169160847292	1336.62536255045	741.167964889529	0	2184.50134097215	4.63624975832272	1727.63541494622	5327.06643813625	519.015141060174	2458.79664614819	1888.39794076634	752.169497151492	752.326355014271	3879.06849299149	2148.87347405019	1884.36552792678	2743.58384803853	873.006838714709	518.724190557198	1724.38912334794	4616.81428527167	3169.83451141766	2109.69709861929	3372.63123641001	310.202821537932	3493.74948488396	5097.81716373	3826.39875474372	6139.23146993798	3358.81754861663	5019.20236485792	4982.97763983368	4226.76623808248	3446.10698093426	3682.36491392318	3444.29433158705	3500.54380658473	1167.91653891416	3.97228689500594	2751.90441544581	3817.31768702512	2743.82378842792	2039.74935868653	446.40647251456	2259.5263837865	3910.01417051378	1133.0962347465	2083.06541702727	911.126037273502	1834.51975775666	7108.19846279507	861.894273292195	1041.92176191184	4868.79932605864	1521.35597022625	944.081853533479	1313.67178284481	2854.971418803	3253.16512112372	2971.4171539284	2963.20130491989	2916.38378520126	1378.94545292123	865.614789266745	1844.20044731933	1109.68185018546	1041.98006057642	1041.73278255338	1110.04619011203	1108.50012392431	1041.31582087224	1105.74913937737	982.757394163162	2286.1154396788	3026.67119755907	1333.12528617197	3775.97201672586	3837.76155710046	2670.32953273162	2569.74517452935	5648.170480648	3331.00098580051	2460.92206797858	2541.92332453852	2197.26794270433	3855.44371699573	2389.85716248278	4063.77073227933	835.3484407342	2381.28224413342	2269.23051687365	2314.2119865117	2287.64066715817	823.766458805193	2828.10178933116	2244.03493744876	1280.15754908281	2490.84463139487	1041.44240911991	1381.41819559724
2278.38099633101	847.875978421708	2396.37710046149	2184.50134097215	0	2179.86509121383	1480.13400523911	5079.56502842914	2602.92715625753	3389.01814824458	3430.00913695988	2886.00509057344	2882.75927041063	3989.92343163705	3649.27619053082	3422.22138290975	2496.08243833142	3057.50817968686	2609.48931259598	3470.93610998181	4369.31287556456	5354.33585238982	4294.19843959144	4305.46564120932	2494.70416251009	2537.71288522879	2913.31582275784	2281.42764362315	3954.73012896583	2614.7746693523	2834.70102388577	2798.47629886153	2042.26489711033	2436.34506170376	2758.77290899452	2475.03335472529	2238.90054212422	3352.41787988631	2180.52905407715	2504.4030057387	3569.81627731801	2496.32237872081	877.869522500462	1738.09486845759	2507.02779349361	4157.51558022089	3317.59757571865	3905.78761150686	2339.35261785057	1158.75594848231	6860.69705308796	3046.39561426435	3100.04288423654	4621.29791635153	2537.24925911806	3067.16089066927	2396.73212305335	1970.53682213528	1918.03272466869	1899.81727679774	1662.39127247804	2033.37292822878	3422.65102056819	3050.1161302389	1119.36207944721	3294.18319115761	3102.24526516123	3100.84593841115	3294.54753108419	3293.00146489646	3096.03712234334	3290.25048034952	2671.52613881582	495.113111256001	4357.87128271702	3517.62662714413	3528.47060701875	3590.26014739335	4854.83087370377	4754.2465155015	5400.66907094089	4152.68656175935	3392.78182181166	4726.42466551067	3696.37572213366	3607.94230728862	4574.35850345494	3816.26932257222	1349.15290023795	2885.89453085717	2842.62190054767	2846.49193616656	2535.14207686528	1360.73488216696	1838.39240541469	1996.53352774165	2827.30519742639	4675.34597236703	3099.6258705415	1824.46792475936
694.72409185996	1331.98911279212	739.722895902197	4.63624975832272	2179.86509121383	0	1726.19034595889	5325.62136914892	517.570072072842	2457.35157716086	1886.95287177901	750.72442816416	750.881286026939	3877.62342400416	2147.42840506285	1882.92045893945	2742.1387790512	877.643088473032	517.279121569866	1725.83419233527	4615.36921628434	3174.47076117598	2114.33334837761	3374.07630539734	314.839071296254	3489.11323512564	5093.18091397168	3821.76250498539	6134.59522017966	3354.18129885831	5014.5661150996	4978.34139007536	4222.12998832416	3441.47073117593	3677.72866416486	3439.65808182873	3495.90755682641	1172.55278867248	0.663962863316783	2750.45934645848	3815.87261803779	2742.37871944059	2035.11310892821	441.770222756238	2260.97145277384	3911.45923950112	1137.73248450482	2084.5104860146	912.571106260834	1829.88350799834	7106.75339380774	866.530523050517	1040.47669292451	4867.3542570713	1519.91090123892	942.636784546147	1315.11685183214	2850.33516904468	3248.5288713654	2966.78090417007	2958.56505516157	2911.74753544294	1377.5003839339	870.251039025068	1839.56419756101	1114.31809994378	1040.53499158908	1040.28771356605	1114.68243987036	1113.13637368263	1039.87075188491	1110.38538913569	981.31232517583	2281.47918992048	3025.22612857174	1337.7615359303	3774.52694773853	3836.31648811313	2674.96578248994	2574.38142428767	5646.72541166067	3329.55591681318	2459.47699899125	2546.55957429684	2195.82287371699	3853.9986480084	2394.49341224111	4062.325663292	830.712190975877	2382.72731312075	2270.67558586098	2315.65705549903	2289.08573614551	819.130209046871	2823.46553957283	2242.58986846143	1278.71248009548	2495.4808811532	1039.99734013258	1379.97312660991
1118.00360977459	1906.81030365194	1235.99971390508	1727.63541494622	1480.13400523911	1726.19034595889	0	3599.43102319003	1442.54976970111	2228.64076168817	2269.63175040347	1725.62770401702	1722.38188385421	2829.54604508064	2488.8988039744	2261.84399635334	1015.94843309231	1897.13079313045	1449.11192603957	3452.02453829416	2889.17887032545	4193.9584658334	3133.82105303503	5100.26665135623	1885.38836953581	2469.62553046822	4073.69320931426	2802.27480032798	5115.10751552224	2334.69359420089	3995.07841044218	3958.85368541794	3202.64228366675	2421.98302651852	2658.24095950744	2420.17037717131	2476.419852169	2192.04049332989	1726.59099643362	1465.64071016099	2089.6822720789	1016.1883734817	2358.00352773957	2128.00920794544	3987.16179873272	5637.64958546001	2157.22018916224	3810.70083197349	2638.76145221972	2638.88995372142	5380.56304784885	2376.81291954023	1939.66549768012	3141.16391111241	1376.87187256164	1906.78350411285	3041.30719779103	3450.6708273744	3398.1667299078	3379.95128203685	3142.52527771715	3513.50693346789	2262.27363401178	2377.35787386871	820.076492903595	2133.8058046012	1941.86787860482	1940.46855185474	2134.17014452777	2132.62407834005	1935.65973578693	2129.87309379311	1511.1487522594	1261.99148526306	3197.4938961606	2357.24924058771	2048.33660177964	2110.12614215424	3694.45348714735	3593.86912894509	3920.53506570178	2992.30917520294	2232.40443525524	3566.04727895426	2535.99833557724	2127.80830204951	3413.98111689852	2336.13531733311	1683.36151515649	4108.91765907964	3996.86593181987	4041.84740145792	4015.27608210439	2517.43340934061	3318.5264106538	516.399522502543	1666.92781086998	3514.96858581061	1939.24848398508	664.090538202945
4630.89727728896	5506.24132684197	4585.89847324672	5327.06643813625	5079.56502842914	5325.62136914892	3599.43102319003	0	4808.05129707608	2868.26979198806	3438.66849736992	4574.89694098476	4574.74008312198	2512.70421583379	3178.19296408607	3442.70091020947	2583.48259009772	5393.51395684685	4808.34224757905	7051.45556148419	895.111012948627	5840.57616326391	5076.72176948179	8699.69767454626	5484.81939272584	2786.46735971507	5010.82961063701	3119.11662957483	5431.94934476909	2651.53542344774	5266.40810246439	4354.50435622148	4411.07054940004	2738.82485576537	2975.08278875429	2737.01220641816	2840.66448630492	4756.86868273388	5326.02201962365	2575.16202269044	1509.74875111113	2583.24264970833	5957.43455092961	5727.44023113548	7586.59282192276	9237.08060865004	5281.56545177425	7410.13185516352	6238.19247540976	6238.32097691145	1781.13202465882	5976.24394273026	4285.14467622441	1779.34187225866	3805.71046791	4382.98458460277	6640.73822098106	7050.10185056443	6997.59775309784	6979.38230522688	6741.95630090718	7112.93795665792	3948.12098521502	5976.78889705874	3960.20294898194	5494.45876077748	4285.08637755984	4285.33365558287	5493.43529802015	5493.14724331786	4285.75061726401	5492.63090502964	4344.30904397309	4584.45191717314	2880.65206691375	4391.49119215513	1551.09442141039	1489.30488103579	4743.95871651758	3603.17847098374	1683.97433332561	2675.46734595609	2866.14437015767	3755.79983753421	3129.79849543193	1471.62272114052	6407.49677409895	2595.37724891492	5282.79253834652	7708.34868226967	7596.29695500991	7641.27842464795	7614.70710529443	6116.86443253064	6917.95743384384	3083.03150068749	4046.90888905344	6334.02502228002	4285.62402901634	3945.64824253901
324.546159926522	1755.05117783582	222.152823829355	519.015141060174	2602.92715625753	517.570072072842	1442.54976970111	4808.05129707608	0	1939.78150508802	1369.38279970616	283.07793431591	279.8321141531	3360.05335193132	1629.85833299001	1365.3503868666	2224.56870697836	585.46265977077	6.562156338454	2243.40426440811	4097.79914421149	2751.40869613229	1691.27128333392	3891.64637747018	676.768095649765	3912.17530016934	5516.24297901537	4244.82457002909	6557.65728522335	3777.24336390201	5437.62818014329	5401.40345511906	4645.19205336786	3864.53279621963	4100.79072920856	3862.72014687242	3918.96962187011	749.490723628782	517.970722547569	2908.1904798621	3298.30254596495	2224.80864736775	2458.1751739719	919.388934059397	2778.54152484668	4429.02931157396	714.670419461127	2602.08055808744	1430.14117833368	2252.94557304204	6589.1833217349	1168.19264565418	522.906620851669	4349.78418499846	1002.34082916608	464.233734411741	1832.68692390498	3273.39723408838	3671.5909364091	3389.84296921377	3381.62712020527	3334.80960048663	859.930311861058	1168.73759998266	2262.62626260471	691.256034900086	522.964919516241	522.717641493207	691.62037482666	690.074308638935	522.300679812068	687.323324091998	463.742253102988	2704.54125496417	2507.65605649889	914.699470886601	3256.95687566569	3318.74641604028	2251.90371744624	2151.31935924398	5129.15533958783	2811.98584474033	1941.9069269184	2123.49750925314	1678.25280164415	3336.42857593556	1971.43134719741	3721.08518936918	1253.77425601957	2900.29738519359	2788.24565793383	2833.22712757187	2806.65580821835	1308.81313545456	3246.52760461653	1725.01979638859	761.142408022634	2072.4188161095	522.42726805974	862.403054537065
1762.6274853009	2637.97153485391	1717.62868125866	2458.79664614819	3389.01814824458	2457.35157716086	2228.64076168817	2868.26979198806	1939.78150508802	0	570.398705381855	1706.6271489967	1706.47029113392	1420.2718468433	309.923172098006	574.431118221413	1778.63265747178	2525.24416485879	1940.07245559099	4183.18576949613	2158.01763912348	2972.30637127585	2208.45197749373	5831.4278825582	2616.54960073778	4698.26629215639	6302.33397100243	5030.91556201615	7343.74827721041	4563.33435588906	6223.71917213035	6187.49444710611	5431.28304535492	4650.62378820669	4886.88172119561	4648.81113885948	4705.06061385716	1888.59889074581	2457.75222763559	3694.28147184916	3271.2306201312	1778.99513393997	3244.26616595896	2859.17043914742	4718.3230299347	6368.81081666198	2413.29565978619	4541.86206317546	3369.92268342169	3370.05118492339	4649.40181664688	3107.9741507422	1416.87488423635	2410.00267991044	937.440675921939	1514.71479261471	3772.468428993	4181.83205857637	4457.68192839615	4175.93396120083	4167.71811219232	4244.66816466986	1079.85119322696	3108.51910507068	3048.71725459176	2626.18896878942	1416.81658557178	1417.06386359481	2625.16550603209	2624.8774513298	1417.48082527595	2624.36111304158	1476.03925198503	3490.63224695123	968.853134472431	1523.22140016707	2091.35362949879	1745.84547600458	1875.68892452952	1365.22836725692	3595.77326576693	872.204339652316	3.76367356707292	1337.40651726609	307.357573889075	1735.296921282	3539.22698211088	4507.17618135624	2414.52274635846	4840.07889028161	4728.02716302185	4773.00863265989	4746.43731330637	3248.59464054258	4049.68764185578	1760.29560185135	1178.63909706538	3465.75523029196	1417.35423702828	1564.55022348523
1192.22877991904	2582.13315853818	1147.22997587681	1888.39794076634	3430.00913695988	1886.95287177901	2269.63175040347	3438.66849736992	1369.38279970616	570.398705381855	0	1136.22844361484	1136.07158575207	1990.67055222515	260.47553328385	7.78775405012857	1819.62364618708	1954.84545947693	1369.67375020914	3612.78706411428	2728.41634450533	2401.907665894	1638.05327211187	5261.02917717634	2046.15089535593	4739.25728087169	6343.32495971773	5071.90655073145	7384.73926592571	4604.32534460436	6264.71016084565	6228.48543582141	5472.27403407021	4691.61477692199	4927.87270991091	4689.80212757478	4746.05160257246	1318.20018536396	1887.35352225373	3735.27246056445	3312.2216088465	1819.98612265527	3285.25715467426	2288.77173376556	4147.92432455284	5798.41211128012	1842.89695440433	3971.4633577936	2799.52397803984	3080.02755374439	5219.80052202874	2537.57544536034	846.476178854494	2980.4013852923	892.759877841827	944.316087232858	3202.06972361115	4100.47921479073	4498.67291711145	4216.92494991613	4208.70910090762	4161.89158118899	509.452487845105	2538.12039968883	3089.70824330706	2055.79026340756	846.417880189922	846.665158212956	2054.76680065024	2054.47874594794	847.082119894096	2053.96240765973	905.640546603175	3531.62323566653	1138.27325679273	952.822694785219	2132.34461821409	1949.36361633412	1424.82173674389	1324.23737854162	3759.77253988167	1442.60304503417	572.524127212241	1296.41552855079	308.870001937989	1967.04577622939	2968.82827672903	4548.16717007154	2080.85623672193	4269.68018489976	4157.62845763999	4202.60992727803	4176.03860792451	2678.19593516073	4073.60958531889	1801.28659056665	608.240391683529	2895.3565249101	846.955531646424	1605.54121220052
607.624094242432	2038.12911215173	489.627990111944	752.169497151492	2886.00509057344	750.72442816416	1725.62770401702	4574.89694098476	283.07793431591	1706.6271489967	1136.22844361484	0	3.2458201628105	3126.89899584	1396.70397689869	1132.19603077529	1991.41435088704	818.617015862088	276.515777977456	2476.55862049943	3864.64478812018	2468.33076181638	1408.193349018	4124.8007335615	909.922451741083	4195.25323448525	5799.32091333128	4527.902504345	6840.73521953927	4060.32129821792	5720.70611445921	5684.48138943497	4928.26998768377	4147.61073053554	4383.86866352447	4145.79808118833	4202.04755618602	466.412789312872	751.125078638887	3191.26841417801	3065.14818987363	1991.65429127643	2741.25310828781	1152.54329015072	3011.695880938	4662.18366766528	706.668510789488	2835.23491417876	1663.29553442499	2536.02350735795	6356.02896564358	1401.3470017455	289.752264760351	4116.62982890714	769.186473074761	191.912356381987	2065.8412799963	3556.47516840429	3954.66887072501	3672.92090352968	3664.70505452118	3617.88753480254	626.77595576974	1401.89195607398	2545.70419692062	919.561819792717	289.810563424923	289.563285401889	918.538357035391	918.250302333096	289.146323720749	917.73396404488	230.58789701167	2987.61918928008	2274.50170040758	631.621536570691	3023.80251957437	3085.59205994897	1968.82578313033	1868.24142492807	4896.00098349651	2578.83148864902	1708.75257082709	1840.41957493723	1445.09844555283	3103.27421984424	1832.59983311418	4004.16312368509	1536.85219033548	3133.45174128491	3021.40001402515	3066.38148366319	3039.81016430967	1541.96749154588	3529.60553893244	1491.86544029727	527.988051931316	1789.34088179359	289.272911968421	1061.53716581408
604.378274079622	2034.88329198892	486.382169949133	752.326355014271	2882.75927041063	750.881286026939	1722.38188385421	4574.74008312198	279.8321141531	1706.47029113392	1136.07158575207	3.2458201628105	0	3126.74213797722	1396.54711903592	1132.03917291251	1991.25749302426	818.773873724867	273.269957814646	2476.71547836221	3864.4879302574	2471.57658197919	1411.43916918082	4124.95759142428	910.079309603862	4192.00741432244	5796.07509316847	4524.65668418219	6837.48939937645	4057.07547805511	5717.46029429639	5681.23556927216	4925.02416752096	4144.36491037273	4380.62284336166	4142.55226102552	4198.80173602321	469.658609475682	751.281936501666	3188.0225940152	3064.99133201085	1991.49743341365	2738.007288125	1152.70014801349	3011.85273880078	4662.34052552806	706.825368652267	2835.39177204154	1663.45239228777	2532.77768719514	6355.8721077808	1401.50385960828	289.595406897572	4116.47297104436	769.029615211982	191.755498519208	2065.99813785908	3553.22934824148	3951.4230505622	3669.67508336687	3661.45923435837	3614.64171463973	626.619097906961	1402.04881393676	2542.45837675781	919.718677655496	289.653705562144	289.40642753911	918.69521489817	918.407160195875	288.98946585797	917.890821907659	230.431039148891	2984.37336911727	2274.3448425448	634.867356733502	3023.64566171159	3085.43520208619	1972.07160329314	1871.48724509088	4895.84412563373	2578.67463078624	1708.59571296431	1843.66539510004	1444.94158769005	3103.11736198146	1832.75669097696	4000.91730352228	1533.60637017267	3133.60859914769	3021.55687188792	3066.53834152597	3039.96702217245	1542.12434940866	3526.35971876963	1491.70858243449	527.831194068537	1792.5867019564	289.116054105642	1058.29134565127
3182.8993321442	4058.24338169721	3137.90052810196	3879.06849299149	3989.92343163705	3877.62342400416	2829.54604508064	2512.70421583379	3360.05335193132	1420.2718468433	1990.67055222515	3126.89899584	3126.74213797722	0	1730.1950189413	1994.70296506471	2379.53794086425	3945.51601170209	3360.34430243429	5603.45761633943	1617.59320288516	4392.57821811915	3628.72382433703	7251.6997294015	4036.82144758108	5299.17157554886	6903.23925439489	5631.82084540861	7944.65356060288	5164.23963928153	6824.62445552282	6788.39973049858	6032.18832874738	5251.52907159915	5487.78700458808	5249.71642225195	5305.96589724963	3308.87073758911	3878.02407447889	4295.18675524162	3872.13590352366	2379.90041733244	4509.43660578484	4279.44228599071	6138.59487677799	7789.08266350528	3833.56750662949	5962.13391001876	4790.19453026499	4790.32303176669	3229.12996980358	4528.2459975855	2837.14673107965	989.730833067144	2357.71252276524	2934.98663945801	5192.7402758363	5602.10390541967	5549.59980795307	5531.38436008212	5293.95835576242	5664.94001151316	2500.12304007026	4528.79095191398	3649.62253798423	4046.46081563272	2837.08843241508	2837.33571043811	4045.43735287539	4045.14929817309	2837.75267211925	4044.63295988488	2896.31109882833	4091.53753034369	852.397295432422	2943.49324701037	2692.25891289126	2346.75075939705	3295.96077137282	2155.18052583898	4196.67854915939	548.067507190982	1418.14642501291	2307.80189238945	1681.80055028716	2336.20220467447	4959.49882895418	5108.0814647487	3834.79459320176	6260.35073712491	6148.29900986514	6193.28047950319	6166.70916014966	4668.86648738588	5469.95948869907	2361.20088524382	2598.91094390868	4886.02707713525	2837.62608387158	2497.65029739425
1452.70431320289	2801.40021210911	1407.70550916066	2148.87347405019	3649.27619053082	2147.42840506285	2488.8988039744	3178.19296408607	1629.85833299001	309.923172098006	260.47553328385	1396.70397689869	1396.54711903592	1730.1950189413	0	264.507946123408	2038.89069975801	2215.32099276078	1630.14928349299	3873.26259739812	2467.94081122148	2662.38319917785	1898.52880539572	5521.50471046019	2306.62642863978	4958.52433444263	6562.59201328866	5291.17360430238	7604.00631949664	4823.5923981753	6483.97721441659	6447.75248939235	5691.54108764115	4910.88183049292	5147.13976348185	4909.06918114571	4965.3186561434	1578.67571864781	2147.82905553758	3954.53951413539	3531.48866241743	2039.25317622621	3504.52420824519	2549.24726704941	4408.39985783669	6058.88764456397	2103.37248768818	4231.93889107745	3059.99951132369	3299.29460731533	4959.32498874489	2798.05097864419	1106.95171213834	2719.92585200845	1112.02693141276	1204.79162051671	3462.545256895	4319.74626836167	4717.93997068239	4436.19200348706	4427.97615447856	4381.15863475992	769.928021128954	2798.59593297268	3308.975296878	2316.26579669141	1106.89341347377	1107.14069149681	2315.24233393409	2314.95427923179	1107.55765317795	2314.43794094357	1166.11607988702	3750.89028923746	877.797723508882	1213.29822806907	2351.61167178503	2006.10351829082	1565.76575243151	1104.97032497069	3856.03130805316	1182.12751175032	312.048593928392	1077.14847497985	48.3944686541391	1995.55496356823	3229.30381001288	4767.43422364247	2300.12329029286	4530.15571818361	4418.10399092384	4463.08546056188	4436.51414120836	2938.67146844458	4292.87663888982	2020.55364413758	868.715924967379	3155.83205819395	1107.43106493027	1824.80826577146
1188.19636707949	2574.34540448805	1143.19756303725	1884.36552792678	3422.22138290975	1882.92045893945	2261.84399635334	3442.70091020947	1365.3503868666	574.431118221413	7.78775405012857	1132.19603077529	1132.03917291251	1994.70296506471	264.507946123408	0	1811.83589213695	1950.81304663738	1365.64133736958	3608.75465127472	2732.44875734489	2397.87525305444	1634.02085927231	5256.99676433679	2042.11848251637	4731.46952682156	6335.5372056676	5064.11879668132	7376.95151187558	4596.53759055424	6256.92240679552	6220.69768177128	5464.48628002009	4683.82702287186	4920.08495586078	4682.01437352465	4738.26384852234	1314.1677725244	1883.32110941417	3727.48470651433	3304.43385479637	1812.19836860514	3277.46940062413	2284.739320926	4143.89191171328	5794.37969844056	1838.86454156477	3967.43094495405	2795.49156520028	3072.23979969426	5223.83293486829	2533.54303252079	842.443766014936	2984.43379813186	884.972123791699	940.2836743933	3198.03731077159	4092.6914607406	4490.88516306132	4209.137195866	4200.9213468575	4154.10382713886	505.420075005547	2534.08798684927	3081.92048925693	2051.757850568	842.385467350364	842.632745373398	2050.73438781068	2050.44633310838	843.049707054538	2049.92999482017	901.608133763617	3523.8354816164	1142.30566963229	948.790281945661	2124.55686416396	1953.39602917368	1432.60949079402	1332.02513259175	3763.80495272122	1446.63545787373	576.556540051799	1304.20328260092	312.902414777547	1971.07818906895	2964.79586388947	4540.37941602141	2073.0684826718	4265.6477720602	4153.59604480043	4198.57751443847	4172.00619508495	2674.16352232117	4065.82183126876	1793.49883651652	604.207978843971	2891.32411207054	842.923118806865	1597.7534581504
2047.41468719124	2922.75873674425	2002.415883149	2743.58384803853	2496.08243833142	2742.1387790512	1015.94843309231	2583.48259009772	2224.56870697836	1778.63265747178	1819.62364618708	1991.41435088704	1991.25749302426	2379.53794086425	2038.89069975801	1811.83589213695	0	2810.03136674913	2224.85965748133	4467.97297138647	1873.23043723314	3743.95036161701	2683.81294881864	6116.21508444854	2901.33680262812	2919.63363468461	4523.70131353065	3252.28290454437	5565.11561973863	2784.70169841728	4445.08651465857	4408.86178963433	3652.65038788313	2871.99113073491	3108.24906372383	2870.1784813877	2926.42795638538	2173.38609263615	2742.53942952592	1915.64881437737	1492.59796265942	0.362476468193222	3373.95196083188	3143.95764103775	5003.11023182503	6653.59801855231	2698.08286167653	4826.6492650658	3654.70988531203	3654.83838681373	4364.61461475654	3392.76135263254	1701.66208612669	2125.21547802011	1222.22787781228	1799.50199450505	4057.25563088334	4466.6192604667	4414.11516300011	4395.89971512916	4158.47371080946	4529.4553665602	1812.26552979539	3393.30630696102	1376.72035888421	2910.97617067975	1701.60378746211	1701.85106548515	2909.95270792243	2909.66465322013	1702.26802716629	2909.14831493192	1760.82645387537	2000.96932707542	2747.48579194421	1907.24113637132	1032.38816868733	1094.17770906193	3244.44538293097	3143.8610247287	2904.58663260947	2542.30107098655	1782.39633103885	3116.03917473787	2085.99023136086	1111.8598689572	3824.01418400122	2728.54352388446	2699.3099482488	5124.86609217195	5012.81436491218	5057.79583455022	5031.2245151967	3533.38184243292	4334.47484374611	499.548910589766	1463.42629895572	3750.54243218229	1702.14143891862	1362.16565244129
779.127183355858	2209.63220126515	807.615483600125	873.006838714709	3057.50817968686	877.643088473032	1897.13079313045	5393.51395684685	585.46265977077	2525.24416485879	1954.84545947693	818.617015862088	818.773873724867	3945.51601170209	2215.32099276078	1950.81304663738	2810.03136674913	0	585.171709267794	1657.94160463734	4683.26180398226	2296.82767270295	1236.69025990458	3306.18371769941	562.804017176777	4366.75632359867	5970.82400244471	4699.40559345843	7012.23830865269	4231.82438733134	5892.20920357263	5855.98447854839	5099.77307679719	4319.11381964897	4555.37175263789	4317.30117030176	4373.55064529944	636.645274112974	876.979125609715	3362.77150329143	3883.76520573572	2810.27130713852	2912.75619740124	1319.41331122927	2193.07886507591	3843.56665180319	260.089396031792	2016.61789831667	844.678518562906	2707.52659647137	7174.64598150567	582.729985883411	1108.36928062244	4935.24684476923	1587.80348893685	1010.52937224408	1247.22426413421	3727.97825751771	4126.17195983843	3844.42399264311	3836.2081436346	3789.39062391597	1445.39297163183	583.274940211892	2717.20728603404	236.67501147075	1108.42757928701	1108.18030126398	237.039351397324	235.493285209599	1107.76333958284	232.742300662662	1049.20491287376	3159.12227839351	3093.11871626967	1002.02276469171	3842.41953543646	3904.20907581105	1797.32269401691	1790.33548586311	5714.6179993586	3397.4485045111	2527.36958668917	1668.91648582381	2263.71546141492	3921.89123570633	1516.85032376807	4175.66621279852	1708.35527944891	2314.83472542282	2202.78299816306	2247.7644678011	2221.19314844758	1696.7732975199	3701.10862804587	2310.48245615936	1346.6050677934	1617.83779268016	1107.88992783051	1447.86571430784
331.108316264976	1761.61333417427	222.44377433233	518.724190557198	2609.48931259598	517.279121569866	1449.11192603957	4808.34224757905	6.562156338454	1940.07245559099	1369.67375020914	276.515777977456	273.269957814646	3360.34430243429	1630.14928349299	1365.64133736958	2224.85965748133	585.171709267794	0	2243.11331390514	4098.09009471447	2744.84653979383	1684.70912699546	3891.35542696721	676.477145146789	3918.73745650779	5522.80513535383	4251.38672636754	6564.21944156181	3783.80552024046	5444.19033648175	5407.96561145751	4651.75420970631	3871.09495255809	4107.35288554701	3869.28230321088	3925.53177820856	742.928567290328	517.679772044593	2914.75263620055	3298.59349646792	2225.09959787072	2464.73733031036	919.097983556422	2778.2505743437	4428.73836107098	708.108263122673	2601.78960758446	1429.8502278307	2259.50772938049	6589.47427223787	1167.90169515121	523.197571354645	4350.07513550144	1002.63177966906	457.671578073287	1832.39597340201	3279.95939042683	3678.15309274755	3396.40512555222	3388.18927654372	3341.37175682508	860.221262364034	1168.44664947969	2269.18841894316	686.116513198423	523.255870019217	523.008591996183	685.093050441097	684.804995738802	522.591630315043	684.288657450586	464.033203605964	2711.10341130263	2507.94700700187	908.137314548147	3257.24782616866	3319.03736654326	2245.34156110779	2144.75720290552	5129.4462900908	2812.27679524331	1942.19787742138	2116.93535291469	1678.54375214713	3336.71952643853	1964.86919085896	3727.64734570763	1260.33641235803	2900.00643469062	2787.95470743085	2832.93617706889	2806.36485771537	1308.52218495159	3253.08976095498	1725.31074689157	761.43335852561	2065.85665977105	522.718218562715	862.694005040041
2420.55828419523	2623.0601315601	2465.55708823747	1724.38912334794	3470.93610998181	1725.83419233527	3452.02453829416	7051.45556148419	2243.40426440811	4183.18576949613	3612.78706411428	2476.55862049943	2476.71547836221	5603.45761633943	3873.26259739812	3608.75465127472	4467.97297138647	1657.94160463734	2243.11331390514	0	6341.20340861961	1883.39974240801	1974.7337920024	1648.24211306207	1566.63616875835	4780.18425389362	6384.25193273965	5112.83352375337	7425.66623894764	4645.25231762629	6305.63713386758	6269.41240884334	5513.20100709214	4732.54174994391	4968.79968293284	4730.72910059671	4786.97857559439	2294.58687875032	1725.43354186054	4476.29353879375	5541.70681037306	4468.21291177586	3326.18412769618	1732.84124152421	1724.95326987094	2288.81255378717	1769.89010970994	434.85150152505	1131.58349213124	3120.95452676632	8832.58758614301	1075.21161875393	2766.31088525978	6593.18844940657	3245.74509357419	2668.47097688142	1074.20398692845	4141.40618781266	4539.59989013338	4257.85192293805	4249.63607392955	4202.81855421091	3103.33457626917	1074.66666442545	3130.63521632899	1556.99680070671	2766.36918392435	2766.12190590132	1558.02026346404	1558.30831816633	2765.70494422018	1558.82465645455	2707.1465175111	3572.55020868845	4751.06032090701	2659.96436932906	5500.3611400738	5562.1506804484	2307.49684496661	3448.27709050045	7372.55960399594	5055.39010914845	4185.31119132652	3295.65572394998	3921.65706605226	5579.83284034367	1103.42239347313	5788.15985562727	2121.78320974385	656.893120785482	628.314209434137	624.444173815244	1024.11745397183	2110.20122781485	4114.53655834081	3968.4240607967	3004.54667243075	1204.40986238522	2765.83153246785	3105.80731894518
3920.64512442438	4795.98917397739	3875.64632038214	4616.81428527167	4369.31287556456	4615.36921628434	2889.17887032545	895.111012948627	4097.79914421149	2158.01763912348	2728.41634450533	3864.64478812018	3864.4879302574	1617.59320288516	2467.94081122148	2732.44875734489	1873.23043723314	4683.26180398226	4098.09009471447	6341.20340861961	0	5130.32401039933	4366.4696166172	7989.44552168168	4774.56723986126	3681.5783726637	5285.64605150974	4014.22764252345	6327.06035771772	3546.64643639637	5207.03125263766	5170.80652761342	4414.59512586222	3633.935868714	3870.19380170292	3632.12321936679	3688.37269436447	4046.61652986929	4615.76986675906	2677.59355235646	2254.5427006385	1872.99049684375	5247.18239806502	5017.18807827089	6876.34066905817	8526.82845578545	4571.31329890966	6699.87970229894	5527.94032254517	5528.06882404687	2491.3841775234	5265.99178986568	3574.89252335983	884.230859310032	3095.45831504542	3672.73243173819	5930.48606811648	6339.84969769984	6287.34560023325	6269.1301523623	6031.7041480426	6402.68580379334	3237.86883235044	5266.53674419416	3249.95079611735	4784.20660791289	3574.83422469525	3575.08150271829	4783.18314515557	4782.89509045327	3575.49846439943	4782.37875216506	3634.05689110851	3874.19976430856	1985.54105396512	3681.23903929055	1074.6657100061	779.05272817121	4033.70656365299	2892.92631811916	2579.08534627424	1780.35633300746	2155.89221729309	3045.54768466963	2419.54634256734	761.370568275939	5697.24462123436	3490.48826186354	4572.54038548193	6998.09652940509	6886.04480214532	6931.02627178336	6904.45495242984	5406.61227966606	6207.70528097925	2372.77934782291	3336.65673618886	5623.77286941543	3575.37187615175	3235.39608967443
3075.95485605881	4506.45987396811	2957.95875192832	3169.83451141766	5354.33585238982	3174.47076117598	4193.9584658334	5840.57616326391	2751.40869613229	2972.30637127585	2401.907665894	2468.33076181638	2471.57658197919	4392.57821811915	2662.38319917785	2397.87525305444	3743.95036161701	2296.82767270295	2744.84653979383	1883.39974240801	5130.32401039933	0	1060.13741279837	2859.12151128235	2859.63168987973	6663.58399630162	8267.65167514766	6996.23326616138	9309.06598135564	6528.6520600343	8189.03687627558	8152.81215125134	7396.60074950015	6615.94149235192	6852.19942534084	6614.12884300471	6670.3783180024	2001.91797250351	3173.80679831267	5659.59917599439	5236.54832427643	3744.3128380852	5209.58387010419	3616.24098393222	3608.35301227894	4172.21229619518	2036.73827667116	1569.55569189961	3014.98323453925	5004.35426917432	7621.70818792273	2307.94023812547	2254.29296815328	5382.30905118629	2817.08659327176	2287.17496172055	2957.60372933646	6024.80593022067	6422.99963254138	6141.25166534606	6133.03581633756	6086.21829661892	1931.68483182162	2304.21972215092	5014.034958737	2060.1526612322	2252.09058722858	2253.48991397866	2059.78832130563	2061.33438749335	2258.29873004647	2064.08537204029	2682.809713574	5455.94995109646	3540.18092268673	1836.70922524569	4289.48174185352	4351.27128222812	1096.61744674633	2237.39769228017	6161.68020577566	3844.51071092817	2974.43179310624	2084.7763257297	2710.77766783198	4368.95344212339	779.977348934879	6472.49388550147	4005.18295215186	2468.44132153264	2511.71395184214	2507.84391622325	2907.51719637984	3993.60097022285	5997.93630074882	3725.61330599658	2527.03065496342	678.989880022789	2254.70998184832	3529.86792763046
2015.81744326044	3446.32246116973	1897.82133912995	2109.69709861929	4294.19843959144	2114.33334837761	3133.82105303503	5076.72176948179	1691.27128333392	2208.45197749373	1638.05327211187	1408.193349018	1411.43916918082	3628.72382433703	1898.52880539572	1634.02085927231	2683.81294881864	1236.69025990458	1684.70912699546	1974.7337920024	4366.4696166172	1060.13741279837	0	3622.97590506447	1799.49427708136	5603.44658350325	7207.51426234929	5936.09585336301	8248.92856855727	5468.51464723592	7128.89946347721	7092.67473845297	6336.46333670177	5555.80407955355	5792.06201254247	5553.99143020634	5610.24090520402	941.780559705133	2113.66938551429	4599.46176319601	4176.41091147805	2684.17542528683	4149.44645730582	2556.10357113385	2548.21559948057	4160.35883916825	976.600863872788	2333.41008568173	1954.84582174087	3944.21685637595	6857.85379414061	1247.80282532709	1194.1555553549	4618.45465740417	1756.94918047339	1227.03754892217	1897.46631653809	4964.66851742229	5362.86221974301	5081.11425254769	5072.89840353918	5026.08088382055	1128.60078426677	1244.08230935254	3953.89754593862	1000.01524843383	1191.95317443021	1193.35250118029	999.650908507255	1001.19697469498	1198.1613172481	1003.94795924192	1622.67230077562	4395.81253829809	2776.3265289046	776.571812447314	3525.62734807139	3587.41688844599	560.632434112328	1473.54329849805	5397.82581199354	3080.65631714604	2210.57739932411	1320.92193194758	1946.92327404986	3605.09904834127	1330.77500461716	5412.3564727031	2945.04553935349	2631.62691278788	2519.57518552812	2564.55665516616	2537.98533581264	2933.46355742448	4937.79888795045	2665.47589319821	1466.89324216505	1257.30325279823	1194.57256904995	2469.73051483208
