0	8064.31627320972	2509.26111361417	1461.32401363043	1326.59922654062	3549.39693097249	1772.78373050713	2512.06319480056	582.449907952017	1807.34685611909	1534.28732955082	2883.00753650822	3086.85215045563	1910.91660019815	2394.90650451417	3892.3528821397	3960.19570430745	2846.86148446803	4028.38822534362	2715.84484903478	914.276327166667	478.249288479978	2472.36007195874	514.246470440655	799.291024214455	2944.4028346874	3926.96622332582	4477.5893958177	4104.20815799836	5061.85137266335	2575.64617647224	3893.78854208676	2113.95509544865	4772.45200800464	5005.10262636347	4739.92960472155	1101.48706027114	1487.18162251873	4329.37588758238	4687.14536126171	902.916733841233	2117.83349130926	2786.53360355422	4974.09061836651	4501.54260501185	5076.00888507996	3928.35610792358	4766.72888271796	3082.46052803919	2904.99973214826	2114.20716154786	1007.74340931079	348.980180130349	1035.84142823729	2949.79185615451	3108.44238798243	2114.5325155633	1933.8062711301	4379.16882270081	1801.92869170136	3441.44478667457	1910.40375185689	2741.58004085284	1141.90441787377	1063.56650939737	2396.01929988049	5304.56059346398	1084.56746013254	3966.07373512344	2606.28824617129	2737.25529619421	2982.11830362622	2993.56465915819	2657.08169744775	2733.91886404703	656.279977697539	2944.22377821573	2543.91570495604	5311.07837091851	5262.58342484017	2398.29967197571	2156.00085859034	1071.74918459486	2549.24148167831	4001.29436246845	584.52807760802	3527.98918428745	1826.79737646224	1163.13041895807	659.158066567485	542.256968103824	3229.74437454461	3518.32673437921	2818.29535752146	4687.8891458022	579.36224402256	108.422551920823	2471.27629644181	619.034596954966	3718.35806476709
8064.31627320972	0	7884.26431155396	6653.61732569784	7044.51005008124	7505.81169000427	9837.10000371686	7883.0941212559	8646.76618116174	9871.66312932882	7397.50069143261	7107.75332067093	8754.71916200532	9349.73824124927	8535.5188461139	4892.66664084428	6248.09986493467	5540.73464499335	4035.9280478661	5560.82652348908	8978.59260037639	8542.5655616897	9591.39459422452	7932.4420115973	7265.02524899527	5119.91343852232	4527.27093096444	3586.72687739202	3960.10811521136	3002.46490054637	10020.6596643583	7342.26315297447	9562.88273835989	6034.10885959794	6332.46423198277	7422.09301005998	9165.80333348086	8685.9012885821	3734.94038562735	3941.44967349475	8701.29957954664	9568.5942760662	5277.7826696555	3613.87655526322	3562.77366819788	4012.41912448923	4135.96016528614	6582.94649336134	8752.97312656802	10321.1524609121	9563.58466382045	8455.61694602073	8413.29645334007	8352.56173795763	9614.54740459264	6938.45278402103	9566.01070126228	7745.31721624174	6263.71607070377	8112.76181748701	7964.66934401789	9346.91664881398	8207.83849302063	7973.68421204393	9127.8827826071	8538.27383760145	5756.32564134358	6979.74881307718	4098.24253808628	5961.11066576752	6196.77572024296	6077.36079349646	5605.12156282784	6172.78238954651	6392.30815334065	7408.03629551218	5120.09249499399	6624.41662658842	5762.84341879811	6989.65352452835	8537.56479281705	7234.72131880118	6992.56708861486	9032.79104577312	4063.02191074128	8648.84435081774	4536.32708892228	6237.51889674749	7583.39973449169	7407.75767691351	7635.79238395491	6784.51509397639	8592.70187021669	8106.43299748058	7710.71728529892	7804.74714661615	8020.79746545526	8439.99049417114	8087.70047873881	9944.48529426768
2509.26111361417	7884.26431155396	0	1230.64698585611	1182.66188707355	1040.13581735833	1978.93515912374	2.80208118639314	2015.24769518256	2114.91856132426	4043.54844316499	776.510990883026	870.454850451363	1465.47392969531	651.254534559947	2991.59767070968	1636.16444661929	2343.5296665606	3848.33626368786	2323.43778806488	2006.70883815769	2778.52765740466	1707.13028267057	1995.01464317351	1848.10786894146	2764.35087303163	3356.99338058952	4297.53743416194	3924.1561963426	4881.79941100758	2136.39535280438	1384.52742847259	1678.61842680593	2263.19089439048	2495.8415127493	2230.66849110739	1482.76917831012	1022.07949109544	4149.32392592661	4507.09339960594	1606.34437977294	1684.32996451225	2606.48164189845	4794.03865671075	4321.49064335608	4895.95692342419	3748.30414626781	2257.46776910379	868.70881501406	2436.88814935811	1679.32035226649	1501.51770430338	2512.13997586776	1473.41968537688	1730.28309303869	945.811527532924	1681.74638970833	575.454842484073	1869.90770908664	707.332421912807	932.1836730604	1462.65233726002	323.574181466675	1367.3566957404	1510.07868471895	654.009526047495	2795.29947984981	1719.07162984058	3786.02177346767	5115.54935978546	5246.51640980838	5491.37941724039	5502.82577277236	5166.34281106192	5243.1799776612	2562.01955048944	2764.17181655997	1259.84768496553	2801.81725730434	2753.322311226	653.300481263095	649.542992752773	3365.15714307513	1148.52673421916	4707.41678347802	2013.63947660828	3347.93722263168	1703.86706956159	1346.1306946561	1850.10304704668	1967.00414551034	1099.74921757757	1009.06562076504	309.034243907295	2178.62803218803	1929.89886959161	2400.83856169335	555.726182617183	1890.2265166592	6227.61917838126
1461.32401363043	6653.61732569784	1230.64698585611	0	390.892724383402	2088.07291734206	3183.48267801901	1229.47679555806	1993.1488554639	3218.04580363097	2995.61134318125	1421.68352287779	2101.10183630748	2696.12091555143	1881.90152041606	2431.02886850927	2498.87169067702	1385.5374708376	2617.68927783174	1254.52083540435	2324.97527467855	1888.94823599186	2937.77726852668	1278.82468589946	800.170768957722	1533.70388717552	2465.64220969539	3066.89044830582	2693.50921048648	3651.15242515147	3367.04233866049	2432.46452845632	2909.26541266205	3311.12799437421	3543.77861273304	3278.60559109112	2512.18600778302	2032.28396288426	2918.6769400705	3276.44641374983	2047.6822538488	2914.97695036836	1375.83465604234	3563.39167085463	3090.84365749997	3665.30993756808	2517.6571604117	3305.40486908753	2099.35580087017	3667.53513521422	2909.96733812261	1801.99962032289	1759.67912764223	1698.94441225978	2960.9300788948	1647.118374352	2912.39337556444	1091.6998905439	2917.84480907038	1459.14449178917	1980.12077304414	2693.29932311614	1554.22116732279	1320.06688634608	2474.26545690926	1884.65651190361	3843.23657983355	671.134529856844	2555.37478761156	4067.61225980173	4198.57930982464	4443.44231725665	4454.88867278862	4118.40571107819	4195.24287767746	1514.0824505057	1533.52483070385	1082.59169132561	3849.75435728808	3801.25941120974	1883.94746711921	694.676844959904	2317.22004309139	2379.17372007528	3659.47968349429	1995.2270251199	2117.29023677556	655.929969577851	929.782408793851	802.165947062946	982.175058257073	1768.42036091418	2057.00272074878	1452.81567178274	3226.56513217177	1151.1298209183	1367.18013975742	1786.3731684733	1434.08315304097	5179.68207839752
1326.59922654062	7044.51005008124	1182.66188707355	390.892724383402	0	2222.79770443188	2792.58995363561	1185.46396825995	1602.2561310805	2827.15307924757	2860.88655609143	1556.40830996761	1760.25292391502	2305.22819116803	1491.00879603266	2565.75365559909	2633.59647776684	1520.26225792741	3008.58200221514	1483.68352659216	1934.08255029515	1595.8657703311	2546.88454414328	887.931961516053	665.445981867907	1924.59661155892	2600.3669967852	3457.78317268922	3084.40193486988	4042.04514953487	2976.14961427709	2567.18931554614	2518.37268827864	3445.85278146403	3678.50339982286	3413.33037818094	2121.29328339962	1641.39123850086	3309.5696644539	3667.33913813323	1656.78952946539	2524.08422598496	1766.72738042574	3954.28439523803	3481.73638188337	4056.20266195148	2908.5498847951	3440.12965617734	1755.86130149858	3276.64241083082	2519.07461373921	1411.10689593949	1368.78640325883	1308.05168787638	2570.0373545114	1781.84316144181	2521.50065118104	700.807166160495	3052.5695961602	1068.25176740577	2114.84556013395	2302.40659873274	1414.98081431222	929.174161962682	2083.37273252585	1493.76378752021	3977.96136692336	536.409742767029	2946.26751199496	3932.88747271191	4063.85452273483	4308.71753016684	4320.16388569881	3983.68092398837	4060.51809058765	1379.35766341588	1924.41755508725	1217.31647841543	3984.47914437789	3935.98419829955	1493.05474273581	829.40163204972	2182.49525600158	1988.28099569188	3524.75489640447	1604.3343007365	2508.18296115897	806.991153333758	538.889684410449	667.44115997313	784.342258436791	1903.145148004	2191.72750783859	1491.69613098085	3361.28991926158	760.237096534901	1218.17667461979	1395.4804440899	1043.19042865757	5044.95729130771
3549.39693097249	7505.81169000427	1040.13581735833	2088.07291734206	2222.79770443188	0	3019.07097648206	1037.33373617193	3055.38351254088	3155.05437868259	5083.68426052331	666.389394464273	1248.90747200105	1843.926551245	1154.49042645833	2613.14504915999	1257.7118250696	1965.07704501091	3469.88364213817	1944.98516651519	3046.84465551602	3818.66347476298	2085.58290422026	3035.15046053184	2888.24368629979	3013.26831271876	2978.54075903983	3919.08481261225	3545.70357479291	4503.34678945789	2514.84797435406	344.391611114261	2057.07104835562	1471.70283040633	1455.70569539098	1190.53267374906	2522.90499566845	2062.21530845377	3770.87130437692	4128.64077805625	2646.48019713126	2062.78258606194	2228.02902034876	4415.58603516106	3943.03802180639	4517.5043018745	3369.85152471812	1217.33195174546	1247.16143656375	2815.3407709078	2057.77297381618	2541.65352166171	3552.27579322609	2513.5555027352	2108.73571458838	567.358905983235	2060.19901125802	1615.5906598424	1242.0956193005	1747.46823927113	458.857654013626	1841.10495880971	807.816890119657	2407.49251309873	2550.21450207727	1153.37763109201	1788.88059388408	2759.20744719891	4247.74655736075	6155.68517714379	6286.65222716671	6531.51523459872	6542.96159013068	6206.47862842025	6283.31579501953	3602.15536784776	2385.71919501028	1005.48122601645	1787.59077694692	1713.18649386767	1151.09725899679	1393.39607238216	4405.29296043346	1526.97935576885	5747.55260083635	3053.7752939666	3345.23837307432	2744.00288691991	2386.26651201442	2890.23886440501	3007.13996286867	721.296596027878	1086.89018021242	731.10157345103	1138.4922148297	2970.03468694993	3440.97437905167	1078.12063453068	2930.36233401753	7267.75499573958
1772.78373050713	9837.10000371686	1978.93515912374	3183.48267801901	2792.58995363561	3019.07097648206	0	1981.73724031013	1190.33382255511	135.983402200523	2439.59931228424	2729.34668304592	2556.5261959652	1380.59064570772	1864.58055002374	4944.43336287258	3589.00013878218	4296.3653587235	5801.17195585076	4276.27348022778	858.507403340465	1294.53444202715	1942.03411746831	1904.65799211956	2572.07475472159	4717.18656519453	5309.82907275242	6250.37312632483	5876.9918885055	6834.63510317048	2045.32022198181	3363.46258759633	1583.62914095822	4242.12605351421	4474.77667187304	4209.60365023112	671.296670235993	1151.19871513475	6102.15961808951	6459.92909176884	1135.80042417022	1587.50753681883	4559.31733406135	6746.87434887364	6274.32633551898	6848.79261558709	5701.13983843071	4236.40292822753	2552.13457354876	2374.67377765783	1583.88120705743	1381.48305769613	1423.80355037678	1484.53826575923	2419.46590166408	2898.64721969582	1584.20656107287	2091.78278747512	3848.84286821038	1724.33818622984	2911.11883218414	1380.07779736646	2211.25408636241	1863.41579167293	709.217221109758	1865.69334539006	4774.23463897355	2857.35119063968	5738.85746563057	3875.98933794933	3640.3242834739	3759.73921022039	4231.97844088902	3664.31761417035	3444.7918503762	2429.06370820467	4717.00750872286	3212.68337712843	4780.75241642808	4732.25747034974	1867.97371748527	2602.37868491567	2844.532915102	2018.91552718787	5774.07809297558	1188.25565289911	5300.77291479458	3599.58110696937	2253.70026922516	2429.34232680334	2201.30761976194	3052.58490974047	2988.00077988878	2287.96940303103	4157.56319131177	2032.35285710071	1816.3025382616	1940.95034195138	1749.39952497804	4248.68401925752
2512.06319480056	7883.0941212559	2.80208118639314	1229.47679555806	1185.46396825995	1037.33373617193	1981.73724031013	0	2018.04977636895	2117.72064251066	4046.35052435138	775.340800584968	871.625040749421	1466.64411999337	652.424724858004	2990.42748041162	1634.99425632123	2342.35947626255	3847.1660733898	2322.26759776682	2009.51091934409	2781.32973859105	1708.30047296863	1997.81672435991	1850.90995012785	2763.18068273358	3355.82319029146	4296.36724386388	3922.98600604454	4880.62922070953	2137.56554310243	1381.72534728619	1679.78861710399	2260.38881320408	2493.03943156291	2227.86640992099	1485.57125949652	1024.88157228183	4148.15373562855	4505.92320930789	1609.14646095933	1685.5001548103	2605.3114516004	4792.86846641269	4320.32045305802	4894.78673312613	3747.13395596976	2254.6656879174	869.879005312118	2438.05833965616	1680.49054256455	1504.31978548977	2514.94205705416	1476.22176656327	1731.45328333674	944.641337234867	1682.91658000639	578.256923670466	1867.10562790025	710.1345030992	929.381591874007	1463.82252755808	324.744371764732	1370.1587769268	1512.88076590534	655.179716345553	2792.49739866341	1721.87371102698	3784.85158316961	5118.35144097186	5249.31849099478	5494.18149842678	5505.62785395875	5169.14489224832	5245.98205884759	2564.82163167583	2763.00162626191	1258.67749466748	2799.01517611794	2750.5202300396	654.470671561152	648.372802454715	3367.95922426152	1149.69692451722	4710.21886466442	2016.44155779467	3346.76703233362	1706.66915074798	1348.93277584249	1852.90512823308	1969.80622669674	1098.57902727951	1006.26353957865	306.232162720902	2175.82595100164	1932.700950778	2403.64064287974	556.896372915241	1893.0285978456	6230.42125956765
582.449907952017	8646.76618116174	2015.24769518256	1993.1488554639	1602.2561310805	3055.38351254088	1190.33382255511	2018.04977636895	0	1224.89694816707	2028.30074798243	2388.99411807661	2592.83873202402	1416.90318176654	1900.89308608256	3754.09954031746	3466.18228587584	3106.03153616839	4610.83813329564	3085.93965767266	331.82641921465	763.2799622221	1978.34665352713	714.324169564443	1381.74093216647	3526.85274263942	4119.4952501973	5060.03930376972	4686.65806595038	5644.30128061537	2081.63275804063	3399.77512365514	1619.94167701703	4278.43858957303	4511.08920793186	4245.91618628994	532.478516872434	993.168204087116	4911.82579553439	5269.59526921373	408.903315409621	1623.82007287764	3368.98351150624	5556.54052631853	5083.99251296387	5658.45879303197	4510.8060158756	4272.71546428635	2588.44710960758	2410.98631371665	1620.19374311625	513.729990879176	496.892280685208	541.828009805677	2455.7784377229	2614.42896955082	1620.51909713168	1439.79285269848	3885.1554042692	1307.91527326975	2947.43136824296	1416.39033342528	2247.56662242123	673.081969117814	505.169010463609	1902.00588144888	4810.54717503236	1667.01736808456	4548.52364307546	3100.30166460291	3231.26871462583	3476.13172205783	3487.5780775898	3151.09511587937	3227.93228247864	1238.72988564956	3526.67368616775	2049.90228652443	4817.06495248689	4768.57000640855	1904.28625354409	1661.98744015872	1654.19909254688	2055.22806324669	4583.74427042046	2.07816965600284	4110.43909223946	2409.24728441425	1063.36644667005	1239.00850424823	1010.97379720683	2735.730956113	3024.3133159476	2324.28193908985	4193.87572737059	842.019034545595	625.968715706482	1977.2628780102	559.065702422928	4212.3714831987
1807.34685611909	9871.66312932882	2114.91856132426	3218.04580363097	2827.15307924757	3155.05437868259	135.983402200523	2117.72064251066	1224.89694816707	0	2474.1624378962	2763.90980865788	2692.50959816573	1516.57404790825	2000.56395222426	4978.99648848454	3623.56326439414	4330.92848433546	5835.73508146271	4310.83660583973	893.070528952424	1329.09756763911	2078.01751966883	1939.22111773152	2606.63788033355	4751.74969080649	5344.39219836438	6284.93625193679	5911.55501411746	6869.19822878244	2181.30362418234	3499.44598979685	1719.61254315874	4378.10945571474	4610.76007407357	4345.58705243165	705.859795847952	1185.76184074671	6136.72274370147	6494.4922173808	1170.36354978218	1723.49093901935	4593.88045967331	6781.4374744856	6308.88946113094	6883.35574119905	5735.70296404267	4372.38633042805	2688.11797574929	2510.65717985835	1719.86460925795	1416.04618330808	1458.36667598874	1519.10139137119	2555.4493038646	2933.21034530778	1720.18996327339	2126.34591308707	3984.8262704109	1758.9013118418	3047.10223438466	1516.06119956698	2347.23748856293	1897.97891728489	743.780346721717	2001.67674759058	4910.21804117407	2891.91431625163	5773.42059124253	3910.55246356129	3674.88740908586	3794.30233583235	4266.54156650098	3698.88073978231	3479.35497598816	2463.62683381663	4751.57063433482	3247.24650274039	4916.7358186286	4868.24087255026	2003.9571196858	2636.94181052763	2879.09604071396	2154.8989293884	5808.64121858754	1222.81877851107	5335.33604040654	3634.14423258133	2288.26339483712	2463.9054524153	2235.8707453739	3087.14803535242	3123.9841820893	2423.95280523156	4293.54659351229	2066.91598271267	1850.86566387356	2076.9337441519	1783.96265059	4112.700617057
1534.28732955082	7397.50069143261	4043.54844316499	2995.61134318125	2860.88655609143	5083.68426052331	2439.59931228424	4046.35052435138	2028.30074798243	2474.1624378962	0	4417.29486605904	4621.13948000645	3445.20392974897	3929.19383406499	5426.64021169052	5494.48303385827	4381.14881401885	3388.68867078869	4250.1321785856	2036.83960500729	1265.02078576033	4006.64740150956	2048.53379999147	2195.44057422353	2277.58725291029	5461.25355287664	4593.71435011896	4788.47246750481	4395.03579088624	4109.93350602306	5428.07587163757	3648.24242499947	6306.73933755546	6539.38995591429	6274.21693427237	2560.77926485487	3021.46895206955	4070.53346682734	5023.97195516596	2437.20406339205	3652.12082086008	3502.70179212886	4696.39883693444	3834.72702323474	5094.94140616044	4472.56308581305	6301.01621226878	4616.74785759001	4439.28706169908	3648.49449109868	2542.03073886161	1531.40846729722	2570.12875778811	4484.07918570533	4642.72971753325	3648.81984511412	3468.09360068091	5913.45615225163	3336.21602125218	4975.73211622539	3444.69108140771	4275.86737040366	2676.19174742459	2533.46975844604	3930.30662943131	6838.8479230148	2324.47681332441	3299.25815334633	1436.39002566509	1202.9679666434	1447.8309740754	1792.37912860478	1224.71830188611	1199.63153449621	1481.52889267555	2701.37782833081	4078.20303450686	6845.36570046933	6796.87075439099	3932.58700152652	3690.28818814115	678.391300089857	4083.52881122912	3334.47878069134	2029.90896655671	2861.17360251034	2339.6813736034	2697.41774850889	2193.4453961183	2076.54429765464	4764.03170409543	5052.61406393003	4352.58268707228	6222.17647535302	2113.64957357338	1642.70988147164	4005.56362599263	2153.32192650579	2546.98460283507
2883.00753650822	7107.75332067093	776.510990883026	1421.68352287779	1556.40830996761	666.389394464273	2729.34668304592	775.340800584968	2388.99411807661	2763.90980865788	4417.29486605904	0	1646.96584133439	2241.98492057834	1427.76552544297	2215.08667982666	1077.18816779923	1567.01867567758	3071.82527280483	1546.92679718185	2380.45526105175	3152.27408029871	2483.64127355359	2368.76106606757	2221.85429183551	2346.87891825448	2580.48238970649	3521.02644327891	3147.64520545957	4105.28842012456	2912.9063436874	1010.78100557853	2455.12941768896	1889.44447149642	2122.09508985525	1856.92206821333	2058.05001280993	1578.14796791117	3372.81293504359	3730.58240872292	1980.09080266699	2460.84095539527	1829.97065101543	4017.52766582772	3544.97965247306	4119.44593254116	2971.79315538479	1883.72134620974	1645.21980589709	3213.39914024113	2455.83134314952	1875.26412719743	2885.88639876182	1847.16610827093	2506.79408392171	225.434851474207	2458.25738059135	949.201265378125	1496.16128619259	1081.07884480686	856.916023346963	2239.16332814305	1100.0851723497	1741.10311863445	2020.12946193617	1430.52051693052	2421.55305695576	2092.81805273463	3581.35716289647	5489.29578267952	5620.26283270244	5865.12584013444	5876.57219566641	5540.08923395598	5616.92640055525	2935.76597338349	1987.66082567694	483.336694082509	2428.07083441029	2379.57588833194	1429.81147214612	727.006677917886	3738.90356596918	1925.03772510219	5081.16320637208	2387.38589950233	2678.84897861005	2077.61349245564	1719.87711755015	2223.84946994074	2340.7505684044	346.736838036394	1484.94854954575	998.679676809653	1804.88160929398	2303.64529248566	2774.5849845874	1332.23717350021	2263.97293955325	6601.36560127531
3086.85215045563	8754.71916200532	870.454850451363	2101.10183630748	1760.25292391502	1248.90747200105	2556.5261959652	871.625040749421	2592.83873202402	2692.50959816573	4621.13948000645	1646.96584133439	0	1175.93555025748	691.945645941466	3862.05252116104	2506.61929707065	3213.98451701197	4718.79111413922	3193.89263851624	2584.29987499916	3356.11869424612	836.675432219205	2572.60568001498	2425.69890578293	3634.805723483	4227.44823104088	5167.9922846133	4794.61104679396	5752.25426145895	1265.94050235301	1412.45600903085	972.897055006987	2720.61030240738	2422.25493002255	1653.07745426592	2060.36021515159	1599.67052793691	5019.77877637797	5377.54825005731	2183.9354166144	969.018659146377	3476.93649234982	5664.49350716211	5191.94549380745	5766.41177387555	4618.75899671918	2171.77266864398	4.39162241644101	1566.43329890674	972.644988907772	2079.10874114485	3089.73101270923	2051.01072221834	859.828242587323	1816.26637798429	972.319634892337	1153.04587932554	2491.00309130155	1284.92345875427	790.049817987426	1176.44839859874	546.880668984688	1944.94773258187	2087.66972156041	690.832850575146	3037.78806588513	2296.66266668205	4656.47662391903	5693.14039662693	5824.10744664985	6068.97045408186	6080.41680961382	5743.93384790339	5820.77101450267	3139.6105873309	3634.62666701133	2130.3025354169	3036.49824894797	2175.73127438453	688.552478479929	1519.99784320414	3942.7481799166	537.610668777329	5285.00782031949	2591.23051344974	4218.39207308304	2517.20026525783	1923.72173149756	2427.69408388815	2544.59518235181	1970.20406802893	431.474583923574	648.286164524736	1601.03699534656	2507.48990643307	2978.42959853481	615.575854013824	2467.81755350067	6805.21021522273
1910.91660019815	9349.73824124927	1465.47392969531	2696.12091555143	2305.22819116803	1843.926551245	1380.59064570772	1466.64411999337	1416.90318176654	1516.57404790825	3445.20392974897	2241.98492057834	1175.93555025748	0	814.219395135368	4457.071600405	3101.6383763146	3809.00359625592	5313.81019338317	3788.91171776019	1408.36432474168	2180.18314398864	561.443471760587	1417.29622965197	2084.712992254	4229.82480272695	4822.46731028483	5763.01136385725	5389.63012603791	6347.2733407029	670.921423109061	2007.4750882748	213.144497110616	3315.62938165134	3094.18602616532	2829.0130045234	884.424664894108	663.836952667168	5614.79785562193	5972.56732930126	1007.99986635692	218.856034816932	4071.95557159377	6259.51258640606	5786.9645730514	6361.4308531195	5213.77807596313	2855.8122825198	1171.54392784104	994.083131950105	213.84642257118	903.173190887366	1913.79546245175	997.176503291645	1038.87525595636	2411.28545722824	216.272460013014	1604.42102500753	3086.0221705455	1236.97642376226	1530.52818647641	2.82159243529054	1141.89974822864	1376.05402920534	911.734171302933	811.464403647819	3632.80714512908	2369.98942817209	5251.49570316299	4517.20484636945	4648.17189639237	4893.03490382438	4904.48125935634	4567.99829764591	4644.83546424519	1963.67503707342	4229.64574625528	2725.32161466085	3631.51732819192	3351.66682464201	812.17344843222	2115.01692244809	2766.81262965912	638.324881480151	5286.716330508	1415.29496319226	4813.41115232699	3112.21934450178	1766.33850675758	1941.98056433576	1713.94585729436	2565.22314727288	1607.41013418105	1243.30524376869	2776.97254560404	1544.99109463313	1802.49404827733	909.747747078131	1291.88200324319	5629.27466496525
2394.90650451417	8535.5188461139	651.254534559947	1881.90152041606	1491.00879603266	1154.49042645833	1864.58055002374	652.424724858004	1900.89308608256	2000.56395222426	3929.19383406499	1427.76552544297	691.945645941466	814.219395135368	0	3642.85220526963	2287.41898117923	2994.78420112055	4499.5907982478	2974.69232262482	1892.35422905769	2664.17304830466	1055.87574811062	1880.66003407351	1733.75325984146	3415.60540759158	4008.24791514947	4948.79196872188	4575.41073090254	5533.05394556753	1485.14081824443	1498.88203757259	1027.36389224598	2501.40998651597	2610.19612184931	2345.02310020739	1368.41456921012	907.724881995439	4800.57846048656	5158.34793416589	1491.98977067293	1033.0754299523	3257.7361764584	5445.29319127069	4972.74517791603	5547.21145798414	4399.55868082776	2371.82237820379	687.554023525025	1785.63361479816	1028.06581770655	1387.16309520338	2397.78536676776	1359.06507627688	1079.02855847874	1597.06606209287	1030.49185514838	790.201629872164	2271.80277541013	592.977812812806	1046.5382821604	811.397802700077	346.67353633867	1253.0020866404	1395.72407561895	2.75499148754869	2909.65408894981	1604.71702074058	4437.27630802762	5001.19475068546	5132.16180070838	5377.02480814039	5388.47116367236	5051.98820196192	5128.8253685612	2447.66494138943	3415.42635111991	1911.10221952548	2916.17186640434	2867.676920326	3.39316746153725	1300.79752731272	3250.80253397513	497.272199659217	4593.06217437802	1899.28486750827	3999.19175719163	2297.99994936642	1231.7760855561	1735.74843794668	1852.64953641034	1751.00375213751	1123.42022986504	429.08584863332	2292.98264128803	1815.54426049161	2286.48395259335	95.5283519427632	1775.8719075592	6113.26456928126
3892.3528821397	4892.66664084428	2991.59767070968	2431.02886850927	2565.75365559909	2613.14504915999	4944.43336287258	2990.42748041162	3754.09954031746	4978.99648848454	5426.64021169052	2215.08667982666	3862.05252116104	4457.071600405	3642.85220526963	0	1355.4332240904	1045.49139767167	2037.95154090183	1176.50803310492	4085.92595953211	4161.61942593019	4698.72795338025	3378.10641169905	3231.19963746699	3356.22426388596	365.39570987984	1305.93976345225	932.558525632916	1890.2017402979	5127.99302351406	2449.5965121302	4670.21609751561	1141.44221875366	1439.7975911385	2529.42636921571	4273.13669263659	3793.23464773783	1356.10674486318	1515.49572889626	3808.63293870236	4675.92763522193	1923.93841956166	1802.44098600106	1687.60236653844	1904.35925271451	954.077125877468	1690.27985251706	3860.30648572374	5428.48582006779	4670.91802297618	3562.95030517645	3895.2317443933	3459.89509711335	4721.88076374837	2045.78614317676	4673.34406041801	2852.65057539746	1371.0494298595	3220.09517664274	3072.00270317362	4454.25000796971	3315.17185217636	3081.01757119965	4235.21614176282	3645.60719675718	1412.20771132427	3102.16339836612	4590.70250852795	6498.641128311	6629.60817833392	6874.47118576593	6885.91754129789	6549.43457958746	6626.27174618674	3945.11131901497	2725.26238335971	1731.74998574415	1418.7254887788	2096.98688368408	3644.89815197278	2342.05467795691	4748.24891160066	4140.12440492884	6090.50855200356	3756.17770997347	3688.19432424153	3086.95883808712	2729.22246318163	3233.19481557222	3350.09591403588	1891.84845313211	3700.03522937241	3213.76635663631	2818.05064445464	3312.99063811714	3783.93033021888	3547.32385332686	3273.31828518474	7610.71094690679
3960.19570430745	6248.09986493467	1636.16444661929	2498.87169067702	2633.59647776684	1257.7118250696	3589.00013878218	1634.99425632123	3466.18228587584	3623.56326439414	5494.48303385827	1077.18816779923	2506.61929707065	3101.6383763146	2287.41898117923	1355.4332240904	0	1113.33421983942	2212.17181706857	1244.35085527267	3457.64342885098	4229.46224809794	3343.29472928985	3445.9492338668	3299.04245963474	3424.06708605371	1720.82893397024	2661.37298754265	2287.99174972331	3245.6349643883	3772.55979942366	1094.1632880398	3314.78287342522	812.256303697193	1044.90692205602	1173.99314512531	2933.70376900341	2473.01408178872	2513.15947930733	2870.92895298666	3057.27897046622	3320.49441113153	1991.78124172941	3157.87421009146	2685.3261967368	3259.7924768049	2112.13969964853	806.533178410506	2504.87326163335	4073.05259597739	3315.48479888578	2952.45229499666	3963.07456656105	2924.35427607016	3366.44753965797	851.753316325024	3317.91083632761	2026.38943317736	418.973118393359	2158.26701260609	1716.56947908322	3098.81678387931	1959.73862808596	2818.29128643368	2961.01327541223	2290.17397266678	1344.36488915653	3170.00622053386	4658.5453306957	6566.48395047875	6697.45100050167	6942.31400793367	6953.76036346564	6617.27740175521	6694.11456835448	4012.95414118272	2793.10520552746	1416.27999935141	1350.88266661105	1302.38772053271	2289.46492788238	1804.19484571712	4816.09173376841	2784.69118083845	6158.35137417131	3464.57406730156	3756.03714640928	3154.80166025487	2797.06528534938	3301.03763773997	3417.93873620363	730.451329762837	2344.60200528201	1858.33313254591	1462.61742036424	3380.83346028489	3851.77315238663	2191.89062923647	3341.16110735249	7678.55376907454
2846.86148446803	5540.73464499335	2343.5296665606	1385.5374708376	1520.26225792741	1965.07704501091	4296.3653587235	2342.35947626255	3106.03153616839	4330.92848433546	4381.14881401885	1567.01867567758	3213.98451701197	3809.00359625592	2994.78420112055	1045.49139767167	1113.33421983942	0	1504.80659712725	131.016635433247	3437.85795538304	3116.12802825852	4050.65994923117	2391.70736660394	2185.70823979532	2310.73286621429	1080.10473885779	1954.00776760133	1580.62652978199	2538.26974444698	4479.92501936498	1801.52850798112	4022.14809336653	1925.59052353662	2158.24114189544	1893.06812025353	3625.06868848751	3145.16664358875	1805.79425936601	2163.56373304534	3160.56493455329	4027.85963107285	878.447021889986	2450.50899015014	1977.96097679548	2552.42725686359	1404.77447970721	1919.86739824993	3212.23848157466	4780.41781591871	4022.8500188271	2914.88230102738	2872.56180834672	2811.82709296427	4073.81275959929	1397.71813902768	4025.27605626893	2204.58257124839	1532.30733823278	2572.02717249366	2423.93469902454	3806.18200382063	2667.10384802728	2432.94956705057	3587.14813761374	2997.5391926081	2457.69910899595	2056.67200069444	3545.21111085628	5453.14973063932	5584.11678066224	5828.97978809425	5840.42614362622	5503.94318191578	5580.78034851506	2899.61992134329	1679.77098568804	1083.68198159507	2464.21688645048	2415.72194037214	2996.8301478237	1693.98667380783	3702.75751392899	3492.05640077977	5045.01715433188	3108.10970582439	2642.70292656986	2041.46744041545	2042.66508949834	2187.70341790054	2304.6045163642	1243.78044898304	3051.96722522333	2565.69835248723	2169.98264030556	2267.49924044547	2738.43893254721	2899.25584917779	2546.96583374546	6565.21954923512
4028.38822534362	4035.9280478661	3848.33626368786	2617.68927783174	3008.58200221514	3469.88364213817	5801.17195585076	3847.1660733898	4610.83813329564	5835.73508146271	3388.68867078869	3071.82527280483	4718.79111413922	5313.81019338317	4499.5907982478	2037.95154090183	2212.17181706857	1504.80659712725	0	1524.89847562298	4942.66455251029	4506.6375138236	5555.46654635842	3896.5139637312	3229.09720112917	1318.27272298413	2072.56488208795	1205.02567933026	1399.78379671612	1033.46314731973	5984.73161649223	3306.33510510837	5526.95469049379	2918.05066676677	3150.7012851256	3386.16496219388	5129.87528561476	4649.973240716	681.84479603865	1635.28328437727	4665.37153168054	5532.6662282001	1241.8546217894	1307.71016614574	473.154379668225	1706.25273537175	1083.87441502436	2912.32754148008	4717.04507870192	6285.22441304596	5527.65661595435	4419.68889815463	4377.36840547397	4316.63369009153	5578.61935672654	2902.52473615493	5530.08265339618	3709.38916837564	2524.76748146294	4076.83376962091	3928.74129615179	5310.98860094788	4171.91044515453	3937.75616417783	5091.954734741	4502.34578973535	3450.1592522261	2943.82076521108	2552.75096762612	4460.68958740917	4591.65663743209	4836.5196448641	4847.96600039606	4511.48303868563	4588.32020528491	3372.10824764608	1084.16444712789	2588.48857872232	3456.67702968063	3408.18208360229	4501.63674495095	3198.79327093508	2956.63904074876	4996.86299790702	4052.55701110173	4612.91630295164	1650.2427833397	2201.59084888139	3547.47168662559	3371.82962904741	3599.86433608881	2748.58704611029	4556.77382235058	4070.50494961448	3674.78923743282	3768.81909875005	3984.86941758916	4404.06244630504	4051.77243087271	5908.55724640158
2715.84484903478	5560.82652348908	2323.43778806488	1254.52083540435	1483.68352659216	1944.98516651519	4276.27348022778	2322.26759776682	3085.93965767266	4310.83660583973	4250.1321785856	1546.92679718185	3193.89263851624	3788.91171776019	2974.69232262482	1176.50803310492	1244.35085527267	131.016635433247	1524.89847562298	0	3417.76607688731	2985.11139282527	4030.56807073544	2371.61548810822	2054.69160436207	2179.71623078104	1211.12137429104	1974.09964609706	1600.71840827772	2558.36162294271	4459.83314086925	1781.43662948539	4002.05621487081	2056.60715896986	2289.25777732869	2024.08475568677	3604.97680999178	3125.07476509302	1825.88613786173	2183.65561154107	3140.47305605756	4007.76775257712	747.430386456738	2470.60086864587	1998.0528552912	2572.51913535931	1424.86635820294	2050.88403368318	3192.14660307894	4760.32593742298	4002.75814033137	2894.79042253165	2852.46992985099	2791.73521446855	4053.72088110356	1377.62626053195	4005.18417777321	2184.49069275266	1663.32397366603	2551.93529399793	2403.84282052881	3786.0901253249	2647.01196953155	2412.85768855485	3567.05625911802	2977.44731411237	2588.7157444292	1925.65536526119	3414.19447542303	5322.13309520608	5453.100145229	5697.963152661	5709.40950819297	5372.92654648254	5449.76371308181	2768.60328591005	1548.75435025479	1063.59010309934	2595.23352188373	2546.73857580538	2976.73826932797	1673.8947953121	3571.74087849574	3471.96452228404	4914.00051889864	3088.01782732866	2511.68629113661	1910.4508049822	2022.57321100261	2056.6867824673	2173.58788093096	1223.68857048731	3031.87534672761	2545.6064739915	2149.89076180984	2243.92062312707	2607.42229711396	2879.16397068206	2526.87395524973	6434.20291380187
914.276327166667	8978.59260037639	2006.70883815769	2324.97527467855	1934.08255029515	3046.84465551602	858.507403340465	2009.51091934409	331.82641921465	893.070528952424	2036.83960500729	2380.45526105175	2584.29987499916	1408.36432474168	1892.35422905769	4085.92595953211	3457.64342885098	3437.85795538304	4942.66455251029	3417.76607688731	0	771.818819246962	1969.80779650227	1046.15058877909	1713.56735138112	3858.67916185407	4451.32166941195	5391.86572298437	5018.48448516503	5976.12769983002	2073.09390101577	3391.23626663028	1611.40281999217	4269.89973254817	4502.550350907	4237.37732926508	523.939659847572	984.629347062254	5243.65221474905	5601.42168842838	400.364458384758	1615.28121585278	3700.80993072089	5888.36694553318	5415.81893217851	5990.28521224662	4842.63243509025	4264.17660726148	2579.90825258272	2402.44745669178	1611.65488609139	522.97565435566	565.296147036318	626.030862418764	2447.23958069803	2605.89011252595	1611.98024010682	1431.25399567362	3876.61654724434	1299.37641624489	2938.89251121809	1407.85147640041	2239.02776539636	1004.90838833246	496.630153438747	1893.46702442401	4802.0083180075	1998.84378729921	4880.35006229011	3108.84052162777	3239.80757165069	3484.6705790827	3496.11693461466	3159.63397290423	3236.47113950351	1570.55630486421	3858.5001053824	2354.17597378797	4808.52609546203	4760.03114938369	1895.74739651923	1743.87128157521	1986.02551176153	2046.68920622183	4915.57068963511	329.748249558647	4442.26551145411	2741.0737036289	1395.1928658847	1570.83492346288	1342.80021642148	2727.19209908814	3015.77445892273	2315.74308206499	4185.33687034572	1173.84545376024	957.795134921132	1968.72402098534	890.892121637578	4220.91034022357
478.249288479978	8542.5655616897	2778.52765740466	1888.94823599186	1595.8657703311	3818.66347476298	1294.53444202715	2781.32973859105	763.2799622221	1329.09756763911	1265.02078576033	3152.27408029871	3356.11869424612	2180.18314398864	2664.17304830466	4161.61942593019	4229.46224809794	3116.12802825852	4506.6375138236	2985.11139282527	771.818819246962	0	2741.62661574923	783.513014231143	1277.54031269443	3422.65212316738	4196.23276711631	4955.83868429768	4582.45744647834	5540.10066114333	2844.91272026273	4163.05508587724	2383.22163923913	5041.71855179513	5274.36917015396	5009.19614851204	1295.75847909453	1756.44816630922	4807.62517606236	5165.39464974169	1172.18327763172	2387.10003509974	3264.7828920342	5452.33990684649	4979.79189349183	5554.25817355994	4406.60539640356	5035.99542650845	3351.72707182968	3174.26627593875	2383.47370533835	1277.00995310128	266.387681536892	1305.10797202778	3219.058399945	3377.70893177292	2383.79905935378	2203.07281492058	4648.4353664913	2071.19523549185	3710.71133046506	2179.67029564738	3010.84658464333	1411.17096166425	1268.44897268571	2665.28584367098	5573.82713725447	1562.81674861252	4444.32302360342	2581.45489592218	2467.98875240373	2712.85175983573	2937.44399886187	2387.81515365727	2464.65232025654	1134.52926617752	3422.47306669571	2813.18224874653	5580.34491470899	5531.84996863065	2667.56621576619	2425.26740238082	1549.99847307484	2818.50802546879	4479.54365094843	764.888180796382	4006.23847276742	2305.04666494222	1432.39696274856	1134.80788477619	906.773177734787	3499.0109183351	3787.5932781697	3087.56190131195	4957.15568959269	848.628787813048	521.768096234444	2740.5428402323	888.301140745454	3449.0915209766
2472.36007195874	9591.39459422452	1707.13028267057	2937.77726852668	2546.88454414328	2085.58290422026	1942.03411746831	1708.30047296863	1978.34665352713	2078.01751966883	4006.64740150956	2483.64127355359	836.675432219205	561.443471760587	1055.87574811062	4698.72795338025	3343.29472928985	4050.65994923117	5555.46654635842	4030.56807073544	1969.80779650227	2741.62661574923	0	1958.11360151809	2326.36934522926	4471.4811557022	5064.12366326009	6004.6677168325	5631.28647901316	6588.92969367815	429.265070133808	2249.13144125005	358.404976510095	3557.28573462659	3258.93036224175	2267.56953276281	1445.86813665469	985.178449440013	5856.45420859718	6214.22368227651	1569.44333811751	354.526580649485	4313.61192456902	6501.16893938131	6028.62092602665	6603.08720609476	5455.43442893838	3008.44810086318	838.421467656507	729.75786668754	358.15291041088	1464.61666264795	2475.23893421234	1436.51864372145	477.431784195768	2652.94181020349	357.827556395445	1846.07737798279	3327.67852352075	1478.63277673751	1626.72525020663	561.956320101852	1383.55610120389	1617.7103821806	1473.17764306352	1053.12075662307	3874.46349810433	2611.64578114735	5493.15205613824	5078.64831813004	5209.61536815296	5454.47837558496	5465.92473111693	5129.4417694065	5206.27893600577	2525.11850883401	4471.30209923053	2966.9779676361	3873.17368116717	2790.22335288142	1053.82980140747	2356.67327542334	3328.2561014197	558.603548451404	5528.37268348325	1976.73843495285	5055.06750530225	3353.87569747704	2007.99485973283	2183.63691731101	1955.60221026961	2806.87950024814	1045.96666242047	1484.96159674394	2215.52907384346	1892.99782793618	2363.93752003792	1151.40410005338	1853.32547500378	6190.71813672583
