0	4638.79639741972	3530.81777613818	2617.06000158815	688.952630511647	3746.20012636386	1243.9659900684	2975.13103780209	80.1670676740567	1572.60208152812	1510.52429857668	1641.31221613478	2879.48040301085	3323.05392589011	2105.94800393961	6103.61483693832	2318.95432875928	3936.1836889896	4448.79009071507	1659.58734911077	3982.48894754491	2343.99563016648	1293.23631135973	2422.3558058255	2074.9459421725	1897.19135017452	2776.62974062077	2304.63505077242	739.553173733889	2640.14352936244	3210.71689970395	1622.45073507108	2611.57763896681	4201.45934159545	2320.49514339479	2670.55235830449	1574.56536561925	3144.35735471197	3129.82456849582	1122.87094789628	2642.11283487812	1605.16592325137	1519.10739191304	2376.14931914765	2342.81426559019	2526.44388970937	1198.82609115377	3010.65352555183	3109.98711253527	1142.60496881245	1086.70072038754	5123.36095206516	3944.91797682092	1328.15121921964	2998.51977778228	2626.11773898665	4004.264107771	2609.41235486926	688.347663259931	3934.85719153216	4914.92525609763	1806.56447596986	1574.31718992595	2581.42871652172	3520.21756101981	4190.31394797743	3336.69858321453	2662.51538536996	1762.97754109308	2955.84068584686	1937.29948582733	3997.66670527533	3172.70724455694	2627.2026131097	2611.39034228959	1064.01562793979	2699.0281273939	1411.9438598577	2641.53904789553	2944.04507353198	1573.58632514931	3273.68149032916	780.997598822052	1706.31107835915	1837.77468589059	904.64475572901	730.724174565602	882.388190729114	3668.3427442398	3017.04732177711	2412.33658445905	1573.58209493541	2281.57142037163	2469.67900718371	4869.63284232894	3833.26877097178	3312.4574991014	1375.32120455564	4437.5148550874	5636.44677812783
4638.79639741972	0	8169.61417355791	2021.73639583158	4650.44041878391	8384.99652378358	5757.90463144739	7613.92743522181	4558.62932974567	3318.14574865696	6149.3206959964	3414.49375282912	1759.31599440887	1315.74247152962	5741.2301572837	6332.11104800622	3962.98305511284	5151.34357580902	4677.28630178297	3542.13794528598	8621.28534496463	2294.80076725324	4305.87237659386	2216.44059159422	2563.85045524722	3958.70251088637	3005.12595168866	6853.99902956153	3973.34106123491	4378.1949602819	7849.51329712367	3016.34566234864	2027.21875845291	2944.34533439365	3959.30502218826	1968.24403911524	3309.55521438094	6829.48869996609	1887.13392035472	3515.92544952345	4374.73196282049	4632.69650752158	3119.68900550669	2262.64707827207	2295.98213182953	5144.33256127576	3439.97030626595	3239.14973661973	3635.33545866021	4693.26149114347	5725.49711780726	5351.85716313305	3716.42176575303	5644.56830041493	3613.07475770873	7180.86304949955	634.532289648722	3018.09202137568	4653.78477372995	6227.29138188001	5143.42146716552	2832.23192144987	3227.23094103156	7220.22511394145	8159.01395843953	8829.11034539716	7975.49498063426	7301.31178278968	2875.81885632664	3184.33689691475	4159.57866763738	641.129692144392	1466.08915286279	2855.6988241776	2027.40605513013	3574.78076947994	3799.11117839645	6050.74025727743	1997.25734952419	4269.39164965214	3313.97634318605	3502.17770139705	3857.79879859767	4827.47436956492	2801.02171152913	5198.51041469717	5369.52057198533	5521.18458814884	3295.84996527099	7393.92835135612	6957.1598842326	3313.73103533708	2510.06763143952	2169.11739023601	5098.12905339684	1568.57435485694	3540.9537101693	3778.70650806616	4666.01106615529	5407.95056705994
3530.81777613818	8169.61417355791	0	6147.87777772633	3519.173754774	918.926115478408	2411.70954211052	647.789128708702	3610.98484381224	4851.46842490095	2020.29347756151	4755.12042072879	6410.29817914904	6853.87170202829	2428.38401627421	5183.0890315249	4206.63111844507	3018.27059774889	4519.90111737791	4627.47622827193	1955.15933933744	5874.81340630467	3863.74179696405	5953.17358196369	5605.76371831068	4210.91166267154	5830.09169530113	3225.16085618584	4196.273112323	3791.41921327601	521.104427029054	5153.26851120927	6142.395415105	7732.27711773363	4210.30915136965	6201.37013444267	4860.05895917696	4064.88316012539	6660.64234463401	4653.68872403446	3794.88221073742	3536.91766603633	5049.92516805122	5906.96709528584	5873.63204172838	3025.28161228215	4729.64386729195	4977.51424646712	4534.27871489769	3476.35268241444	2444.11705575064	4202.83514665174	4891.52649253113	2525.04587314298	4556.53941584918	1705.59193357323	7535.08188390919	5151.52215218222	3515.82939982796	3014.33138611874	3994.39945068421	5337.38225210804	4942.38323252634	949.389059616462	1195.76007064709	2667.28884083798	1572.7455987146	1845.92491692177	5293.79531723127	5457.18979153795	4010.03550592053	7528.48448141352	6703.52502069512	5580.63300486857	6142.20811842778	4594.83340407797	4370.50299516146	2118.87391628048	6172.35682403372	3900.22252390577	4855.63783037186	4975.43290873756	4311.81537496024	3342.13980399299	5368.59246202878	2971.10375886074	2800.09360157258	2648.42958540907	7199.16052037798	2096.52151636368	1491.81077904563	4855.88313822083	5662.76595387811	6000.4967833219	6112.86309763099	7364.08654710996	5129.66044309165	4390.90766549175	4164.2581956948	6556.97258354125
2617.06000158815	2021.73639583158	6147.87777772633	0	2628.70402295233	6363.260127952	3736.16823561581	5592.19103939024	2536.89293391409	1417.58484602305	4127.58430016482	1796.32945163985	262.420401422706	705.993924301962	3719.49376145212	5948.59760143325	2163.93709325421	3781.16645348453	4293.77285521	1814.60458461585	6599.54894913306	1744.53983520531	2284.13598076228	1607.90110090589	563.206848070278	1936.96611505479	2621.6125051157	4832.26263372995	1951.60466540333	2485.12629385736	5827.77690129209	994.609266517062	5.48236262133389	2560.83188782068	2165.47790788972	843.806678104155	1419.54813011418	4807.75230413451	1503.62047378176	1494.18905369187	2487.09559937305	2610.96011169	1097.95260967511	632.670872034661	994.601993251739	3122.59616544418	1418.23391043438	2855.63629004676	3265.00434804034	2671.52509531189	3703.76072197569	4968.34371656009	4099.935212326	3622.83190458335	3153.53701328735	5159.12665366797	1387.20410618286	2454.39511936419	2632.04837789837	4205.55498604843	4759.90802059256	1246.20559305169	1419.29995442088	5198.48871810987	6137.27756260795	6807.37394956558	5953.75858480268	5279.57538695811	1480.39386825241	2800.82345034178	2137.8422718058	1380.60670368719	578.50070980262	2472.18537760463	5.66965929855348	1553.04437364836	2854.04536289897	4029.00386144585	1222.77099598061	2789.02783802691	1418.56908964423	3118.66425482409	1836.06240276609	2805.73797373334	1356.14605421558	3176.77401886559	3347.78417615375	3499.44819231726	2912.33651869803	5372.19195552454	4935.42348840102	1418.56485943033	2126.55418486655	1254.40218676402	4714.61560682387	1216.20876938363	3157.44026359633	1756.97011223458	4282.49761958233	5791.46401363291
688.952630511647	4650.44041878391	3519.173754774	2628.70402295233	0	3734.55610499967	1107.46421266347	2963.4870164379	656.470259767628	1332.29467012695	1717.2228110422	2330.26484664643	2891.12442437504	3334.6979472543	1416.99537342797	5414.66220642668	1630.00169824763	3247.23105847796	3759.83746020343	2348.53997962242	3970.84492618072	2355.63965153067	1982.18894187138	2433.99982718969	2086.58996353669	1208.23871966287	2310.91794052714	2993.58768128407	677.099357549005	1951.19089885079	3199.07287833976	1634.09475643527	2623.221660331	4213.10336295963	1631.54251288315	2682.19637966868	1340.88520440297	3833.30998522362	3141.46858986001	1134.51496926047	1953.16020436648	916.213292739721	1530.75141327723	2387.79334051184	2354.45828695438	1837.49125919772	1210.47011251796	2321.70089504019	3798.93974304691	453.652338300806	1075.05669902335	4434.40832155351	4633.87060733257	994.127881631016	3687.47240829393	2530.42263071564	4015.90812913519	1920.45972435761	3.34435494603522	3245.90456102051	4225.97262558598	1818.20849733405	1423.20947775235	2569.78469515753	3508.57353965562	4178.66992661324	3325.05456185034	2650.87136400577	1774.62156245727	2266.88805533521	2626.25211633898	4009.31072663952	3184.35126592113	2061.45925009458	2623.03436365378	1075.65964930397	3387.98075790554	1400.29983849352	2653.18306925972	2255.09244302033	1336.46407559786	2584.72885981751	1400.95631371024	1017.3584478475	1849.41870725478	548.069995913253	719.080153201415	870.744169364926	3679.98676560399	2743.48793257221	2306.71946544869	1336.70938344683	2143.59219910411	2481.3230285479	4180.6802118173	3844.91279233596	2623.50486858976	871.733910717756	3748.56222457575	6325.39940863948
3746.20012636386	8384.99652378358	918.926115478408	6363.260127952	3734.55610499967	0	2627.0918923362	1566.71524418711	3826.36719403791	5066.85077512662	2867.72210142238	4970.50277095447	6625.68052937471	7069.25405225397	2643.76636649988	4264.1629160465	4422.01346867074	3233.65294797456	4735.28346760359	4842.85857849761	1036.23322385904	6090.19575653034	4079.12414718973	6168.55593218936	5821.14606853636	4426.29401289721	6045.47404552681	4144.08697166425	4411.65546254868	4006.80156350168	1440.03054250746	5368.65086143494	6357.77776533067	7947.65946795931	4425.69150159532	6416.75248466835	5075.44130940264	4983.8092756038	6876.02469485968	4869.07107426014	4010.26456096309	3752.300016262	5265.3075182769	6122.34944551151	6089.01439195405	3240.66396250782	4945.02621751763	5192.89659669279	4949.4390334271	3691.73503264011	2659.49940597632	3475.36834687644	5784.36989771275	2740.42822336865	4837.97169867411	1204.13347428404	7750.46423413486	5366.9045024079	3731.21175005364	2157.70514190358	4060.5939074383	5552.76460233372	5157.76558275202	1492.38102677067	2114.6861861255	3586.21495631639	2491.67171419301	2764.85103240018	5509.17766745694	5672.57214176363	4225.4178561462	7743.86683163919	6918.9073709208	5796.01535509425	6357.59046865345	4810.21575430364	4585.88534538714	2334.25626650615	6387.73917425939	4115.60487413144	5071.02018059753	5190.81525896324	4527.19772518591	3557.52215421867	5583.97481225445	3186.48610908642	3015.47595179826	2863.81193563474	7414.54287060366	1177.59540088528	1427.83663955098	5071.2654884465	5878.14830410378	6215.87913354757	6328.24544785666	7579.46889733564	5345.04279331732	4606.29001571743	4379.64054592047	7475.89869901966
1243.9659900684	5757.90463144739	2411.70954211052	3736.16823561581	1107.46421266347	2627.0918923362	0	1856.02280377443	1211.48361932438	2439.75888279043	2272.23617059896	2885.27820620318	3998.58863703851	4442.16215991777	861.982013871211	4859.64884686992	1794.92157633454	2692.2176989212	3204.82410064667	2903.55333917918	2863.38071351725	3463.10386419415	2537.20230142813	3541.46403985316	3194.05417620016	1799.20212056102	3418.38215319061	3548.60104084082	1784.56357021248	1396.17753929403	2091.60866567628	2741.55896909875	3730.68587299447	5320.56757562311	1798.59960925912	3789.66059233215	2448.34941706644	4388.32334478037	4248.93280252348	2241.97918192394	1398.14684480972	1125.2081239258	2638.2156259407	3495.25755317532	3461.92249961785	1282.47789964096	2317.93432518143	2565.8047043566	4353.95310260367	1064.64314030391	342.830963953502	3879.39496199676	5188.88396688933	113.336331032458	4242.48576785068	1422.95841805216	5123.37234179866	2739.8126100717	1104.11985771744	2690.89120146376	3670.95926602923	2925.67270999752	2530.67369041582	1462.32048249406	2401.10932699215	3071.20571394977	2217.59034918687	2169.36510157676	2882.08577512074	3045.48024942743	3181.26547589573	5116.77493930299	4291.8154785846	3168.92346275805	3730.49857631725	2183.12386196745	3942.9941174623	921.044323899643	3760.64728192319	1700.07908346358	2443.92828826133	2563.72336662704	1955.969673267	930.430261882469	2956.88291991826	559.394216750221	902.031844686535	539.76237633726	4787.45097826746	1773.0813317087	1199.25525278522	2444.1735961103	3251.05641176758	3588.78724121138	3701.15355552047	4952.37700499944	2717.95090098113	1979.19812338123	3193.548865019	6880.41276819624
2975.13103780209	7613.92743522181	647.789128708702	5592.19103939024	2963.4870164379	1566.71524418711	1856.02280377443	0	3055.29810547615	4295.78168656485	1464.60673922541	4199.4336823927	5854.61144081294	6298.1849636922	1872.69727793812	5830.8781602336	3650.94438010897	3663.44701228488	4176.05341401036	4071.78948993584	2602.94846804615	5319.12666796857	3308.05505862796	5397.48684362759	5050.07697997459	3655.22492433544	5274.40495696504	2577.37172747714	3640.58637398691	3235.73247493992	235.585861901855	4597.58177287317	5586.7086767689	7176.59037939754	3654.62241303355	5645.68339610658	4304.37222084087	3417.09403141669	6104.95560629791	4098.00198569837	3239.19547240132	2981.23092770023	4494.23842971513	5351.28035694974	5317.94530339228	2469.59487394605	4173.95712895586	4421.82750813103	3978.5919765616	2920.66594407834	1888.43031741455	4850.62427536044	4335.83975419503	1969.35913480689	4000.85267751308	2353.38106228193	6979.39514557309	4595.83541384613	2960.14266149187	3662.12051482744	4642.18857939291	4781.69551377195	4386.69649419025	393.702321280368	547.97094193839	2019.49971212928	924.956470005902	1198.13578821307	4738.10857889517	4901.50305320186	3454.34876758444	6972.79774307742	6147.83828235903	5024.94626653248	5586.52138009168	4039.14666574188	3814.81625682537	1563.18717794439	5616.67008569762	3344.53578556968	4299.95109203576	4419.74617040147	3756.12863662414	2786.4530656569	4812.90572369268	2415.41702052465	2244.40686323649	2092.74284707298	6643.47378204189	2744.31064507239	2139.59990775433	4300.19639988473	5107.07921554201	5444.8100449858	5557.1763592949	6808.39980877387	4573.97370475555	3835.22092715566	4164.77817838268	5909.18345483255
80.1670676740567	4558.62932974567	3610.98484381224	2536.89293391409	656.470259767628	3826.36719403791	1211.48361932438	3055.29810547615	0	1540.1197107841	1590.69136625073	1673.7945868788	2799.31333533679	3242.88685821605	2073.46563319559	6071.1324661943	2286.47195801526	3903.70131824558	4416.30771997106	1692.06971985479	4062.65601521897	2263.82856249243	1325.71868210375	2342.18873815144	1994.77887449844	1864.7089794305	2744.14736987675	2337.11742151644	707.07080298987	2607.66115861842	3290.883967378	1542.28366739703	2531.41057129275	4121.29227392139	2288.01277265078	2590.38529063043	1542.08299487523	3176.83972545599	3049.65750082177	1042.70388022222	2609.6304641341	1572.68355250735	1438.94032423898	2295.9822514736	2262.64719791613	2493.96151896535	1118.65902347971	2978.17115480782	3142.46948327929	1110.12259806843	1166.8677880616	5090.87858132114	3977.40034756494	1295.66884847563	3031.0021485263	2622.23371975388	3924.09704009695	2576.92998412524	655.865292515913	3902.37482078814	4882.44288535361	1726.3974082958	1541.83481918193	2661.59578419578	3600.38462869387	4270.48101565149	3416.86565088859	2742.68245304402	1682.81047341903	2923.35831510284	1969.78185657135	3917.49963760128	3092.54017688288	2594.72024236569	2531.22327461554	983.848560265729	2731.51049813791	1492.11092753176	2561.37198022148	2911.56270278796	1541.10395440529	3241.19911958514	744.486053942612	1673.82870761513	1757.60761821654	872.162384984991	810.891242239659	962.55525840317	3588.17567656574	2984.56495103309	2398.53055448693	1541.09972419139	2249.08904962761	2389.51193950966	4837.15047158493	3753.10170329772	3279.97512835739	1342.83883381162	4405.03248434338	5668.92914887185
1572.60208152812	3318.14574865696	4851.46842490095	1417.58484602305	1332.29467012695	5066.85077512662	2439.75888279043	4295.78168656485	1540.1197107841	0	2831.17494733944	3213.9142976629	1558.82975424809	2002.40327712734	2423.08440862674	4531.0127554102	746.352247231156	2363.58160746148	2876.18800918695	3232.1894306389	5303.13959630767	1023.34498140372	2865.83839288785	1101.70515706274	854.377997952771	640.556762229409	1204.02765909265	3877.23713230054	833.048907794233	1067.54144783431	4531.36754846671	538.767253405287	1417.20347083608	2880.80869283268	747.893061866673	1349.90170954172	8.59053427601607	4716.95943624009	1809.17391973306	889.145943236638	1069.51075335	1314.55075886462	1981.75856395667	1055.49867038489	2412.18683927479	1826.1868126188	1456.29608504487	1438.05144402371	4682.58919406339	1375.11574248651	2407.3513691503	3550.75887053704	5517.52005834904	2326.42255175797	4571.1218593104	3862.71730084259	2683.61345900824	1036.81027334114	1335.63902507299	2909.14563322305	3342.32317456951	2663.79043907474	90.9148076253969	3902.07936528449	4840.86820978257	5510.9645967402	4657.3492319773	3983.16603413272	442.326892330319	1383.23860431873	3509.90156735545	2677.01605651257	1996.08555582567	1054.60053158158	1417.25654680565	662.028636247032	4271.63020892202	2732.59450862047	2640.35584200366	1371.44299200386	4.16940547090742	1701.07940880104	2284.60576472671	1509.32862090796	517.12403712783	1880.36466604021	2051.37482332837	2203.03883949188	2347.69209547704	4075.78260269916	3639.01413557564	4.41471331987729	811.297528977159	1149.02835842095	3297.03076080082	2512.61812220901	1739.85541757328	460.560759409196	2864.91277355928	7209.04885965596
1510.52429857668	6149.3206959964	2020.29347756151	4127.58430016482	1717.2228110422	2867.72210142238	2272.23617059896	1464.60673922541	1590.69136625073	2831.17494733944	0	2734.82694316728	4390.00470158753	4833.57822446678	3134.21818447017	7131.88501746888	3347.22450928983	4964.45386952016	5477.06027124563	2607.18275071043	3903.95532528142	3854.51992874316	1843.44831940255	3932.88010440218	3585.47024074918	2925.46153070508	3809.79821773963	1276.36487024187	2175.97963476149	3668.41370989299	1700.19260112727	3132.97503364776	4122.10193754349	5711.98364017212	3348.76532392535	4181.07665688117	2839.76548161546	2116.08717418142	4640.3488670725	2633.39524647295	3670.38301540868	2633.43610378192	3029.63169048972	3886.67361772433	3853.33856416687	3554.71407023992	2709.35038973045	4038.92370608239	2513.98523733619	2170.87514934301	1929.40520664545	6151.63113259571	2916.64779629037	2356.4213997502	2536.24593828767	3654.3879195172	5514.78840634768	3637.68253539981	1716.61784379049	4963.12737206272	5943.19543662818	3317.08877454654	2922.08975496484	1375.34107465172	2009.69326244313	2679.78964940075	1826.17428463785	1151.99108679328	3273.50183966976	3984.11086637741	1989.74202835902	5508.19100385201	4683.23154313362	3655.47279364026	4121.91464086627	2574.53992651646	2350.20951759996	1351.19184669931	4152.06334647221	3972.31525406254	2835.34435281035	4301.95167085972	2291.52189739873	2734.5812588897	3348.29898446727	1932.91493625957	1370.20432591242	1732.4737942617	5178.86704281648	4045.31750230766	3440.6067649896	2835.58966065932	3642.4724763166	3980.20330576039	5897.9030228595	5343.79306954845	4340.72767963196	2403.5913850862	5465.78503561795	4608.17659759728
1641.31221613478	3414.49375282912	4755.12042072879	1796.32945163985	2330.26484664643	4970.50277095447	2885.27820620318	4199.4336823927	1673.7945868788	3213.9142976629	2734.82694316728	0	1726.79886544655	2098.7512812995	3747.26022007439	7744.9270530731	3960.26654489406	5577.49590512439	6090.10230684986	127.644192456858	5206.79159213552	3540.86928684516	891.378623764739	3404.23055254575	2359.53629971013	3538.5035663093	4417.94195675555	3439.50527673242	2380.86538986867	4281.45574549722	4435.01954429455	2675.14704425762	1796.71082682682	4357.16133946054	3961.80735952958	2640.13612974401	3215.87758175403	3414.99494713698	3299.94992542161	2324.76835442627	4283.42505101291	3246.47813938615	1232.15573370623	2429.00032367452	1118.51162099958	4167.75610584415	1757.61821261803	4651.96574168662	1468.67489640048	2783.91718494724	2542.44724224968	6764.67316819994	2303.60576068614	2969.46343535443	1357.2075616475	4267.42995512143	2779.96146318039	4250.72457100404	2329.65987939471	5576.16940766694	6556.23747223241	582.261831379252	3215.62940606073	3805.73136111233	4744.52020561042	5414.61659256804	4561.00122780514	3886.81802996057	3276.72331989227	4597.15290198164	745.084914808262	2773.36406068472	1948.40459996633	4268.51482924449	1796.65775085725	2551.88566141587	1057.71591125911	2636.24650444831	1417.23640330492	4585.35728966676	3214.89854128409	4914.99370646394	929.308532936189	3347.62329449393	3152.47550585544	2545.95697186379	1983.24636151665	2345.51582986592	4708.66597033788	4658.35953791189	4053.64880059383	3214.89431107019	3922.88363650641	3050.73163840387	6510.94505846373	2981.39035992383	4953.76971523619	3016.63342069042	6078.82707122218	3995.13456199305
2879.48040301085	1759.31599440887	6410.29817914904	262.420401422706	2891.12442437504	6625.68052937471	3998.58863703851	5854.61144081294	2799.31333533679	1558.82975424809	4390.00470158753	1726.79886544655	0	443.573522879256	3981.91416287482	6018.12818762656	2233.46767944751	3850.69703967784	4363.30344140331	1782.8219508771	6861.96935055576	1814.07042139862	2546.55638218498	1677.4316870992	804.534460838352	2199.3865164775	2691.143091309	5094.68303515266	2214.02506682603	2618.87896587303	6090.1973027148	1257.02966793977	267.90276404404	2630.36247401399	2235.00849408303	913.337264297462	1550.23921997207	5070.17270555722	1573.15105997506	1756.60945511457	2615.41596841162	2873.38051311271	1360.37301109781	702.201458227968	925.071407058431	3385.01656686689	1680.65431185708	2925.16687624007	3195.47376184703	2933.9454967346	3966.18112339839	5037.87430275339	4030.40462613269	3885.25230600605	3084.00642709404	5421.54705509067	1124.78370476015	2523.92570555749	2894.46877932107	4467.97538747113	4829.43860678586	1176.67500685838	1488.83054061419	5460.90911953257	6399.69796403066	7069.79435098828	6216.17898622538	5541.99578838081	1549.92445444572	2870.35403653509	2400.26267322851	1118.18630226448	508.970123609313	2541.71596379794	268.090060721259	1815.46477507107	2784.51477670566	4291.42426286856	1153.2404097873	2858.55842422022	1554.66034877718	3188.1948410174	2098.4828041888	3068.15837515604	1425.67664040889	3439.19442028829	3610.20457757645	3761.86859373997	2981.86710489133	5634.61235694724	5197.84388982373	1554.41504092821	2196.08477105986	1323.93277295733	4784.14619301718	1254.59149447728	3226.97084978964	2019.39051365728	4352.02820577563	5721.9334274396
3323.05392589011	1315.74247152962	6853.87170202829	705.993924301962	3334.6979472543	7069.25405225397	4442.16215991777	6298.1849636922	3242.88685821605	2002.40327712734	4833.57822446678	2098.7512812995	443.573522879256	0	4425.48768575408	6308.34604838171	2647.24058358323	4140.91490043299	4653.52130215846	2226.39547375636	7305.54287343502	2104.28828215377	2990.12990506424	1967.64954785435	1248.10798371761	2642.96003935675	2981.36095206416	5538.25655803192	2657.59858970529	3062.45248875228	6533.77082559405	1700.60319081902	711.476286923296	2920.58033476914	2643.56255065865	1203.55512505262	1993.81274285133	5513.74622843648	1863.36892073022	2200.18297799383	3058.98949129087	3316.95403599197	1803.94653397707	992.419318983122	980.239660299917	3828.59008974615	2124.22783473634	3215.38473699522	2905.25590109188	3377.51901961386	4409.75464627765	5328.09216350855	3740.18676537753	4328.82582888531	2793.78856633889	5865.12057796993	681.210181880894	2814.14356631265	3338.04230220033	4911.54891035039	5119.65646754102	1516.48944992025	1911.48846950195	5904.48264241183	6843.27148690992	7513.36787386754	6659.75250910464	5985.56931126007	1840.14231520088	3160.57189729024	2843.83619610776	674.612779385224	218.752262854159	2831.93382455309	711.663583600516	2259.03829795032	2494.29691595051	4734.99778574781	863.02254903215	3148.77628497537	1998.23387165644	3478.41270177255	2542.05632706806	3511.7318980353	1715.89450116404	3882.76794316755	4053.77810045571	4205.44211661922	3272.08496564649	6078.1858798265	5641.41741270299	1997.98856380747	2486.30263181502	1614.15063371248	5074.36405377233	1544.80935523244	3517.18871054479	2462.96403653654	4642.24606653079	5431.71556668444
2105.94800393961	5741.2301572837	2428.38401627421	3719.49376145212	1416.99537342797	2643.76636649988	861.982013871211	1872.69727793812	2073.46563319559	2423.08440862674	3134.21818447017	3747.26022007439	3981.91416287482	4425.48768575408	0	3997.66683299871	1778.24710217086	1830.23568504999	2342.84208677546	3765.53535305039	2880.05518768094	3446.42939003046	3399.18431529934	3524.78956568948	3177.37970203647	1782.52764639733	3401.70767902692	4410.58305471203	1767.88909604879	1363.0351970018	2108.28313983997	2724.88449493506	3714.01139883078	5303.89310145942	1781.92513509543	3772.98611816846	2431.67494290275	5250.30535865159	4232.2583283598	2225.30470776025	1366.49819446321	1108.53364976211	2621.54115177701	3478.58307901163	3445.24802545416	596.897596007934	2301.25985101774	2549.13023019291	5215.93511647488	1047.96866614023	1204.81297782471	3017.41294812555	6050.86598076054	777.796784719968	5104.46778172189	1439.63289221585	5106.69786763498	2723.13813590801	1417.60034067968	1828.90918759255	2808.97725215802	3197.13636148623	2513.99921625213	1758.87710981845	2417.78380115584	3852.71103936417	2758.1677972408	3031.34711544797	2865.41130095706	3028.80577526374	4043.24748976694	5100.10046513931	4275.14100442091	3152.24898859436	3713.82410215357	2166.44938780376	4804.97613133351	1783.02633777085	3743.97280775951	1471.83850763156	2427.25381409764	2547.04889246335	2817.95168713821	913.755787718781	2940.20844575457	1201.3032482106	1764.01385855775	1401.74439020847	4770.77650410377	1652.69819407242	1215.9297269489	2427.49912194661	3234.3819376039	3572.11276704769	3684.47908135678	4935.70253083575	2701.27642681744	1962.52364921754	2331.56685114779	7742.39478206745
6103.61483693832	6332.11104800622	5183.0890315249	5948.59760143325	5414.66220642668	4264.1629160465	4859.64884686992	5830.8781602336	6071.1324661943	4531.0127554102	7131.88501746888	7744.9270530731	6018.12818762656	6308.34604838171	3997.66683299871	0	3784.66050817905	2167.43114794872	1654.82474622325	7763.2021860491	3796.7938208412	4204.05776622794	7396.85114829805	4340.69650052736	5385.39075336297	4206.4234867638	3326.98509631755	8408.24988771075	5364.06166320443	3463.47130757589	5704.19345855396	5069.78000881549	5948.21622624628	4387.15446829916	3783.11969354353	5104.7909233291	4529.04947131907	9247.97219165029	4444.97712765149	5420.15869864684	3461.5020020602	4498.44891368696	6512.77131936687	5315.92672939859	6943.19959468499	3577.17094722896	5987.30884045507	3092.96131138649	9213.60194947359	4961.00986812587	5202.47981082342	980.253884873165	10048.5328137592	4775.46361771868	9102.1346147206	3477.49709795168	5809.85595391846	3494.20248206907	5415.26717367839	2168.75764540616	1188.68958084069	7194.80319448494	4529.29764701237	5756.54394281716	6378.84910217199	7850.37787236288	6755.83463023951	7029.01394844668	4468.20373318084	3147.77415109147	8040.91432276565	5809.37852418425	6527.09831123587	3476.41222382862	5948.26930221585	5193.04139165723	8802.64296433222	5780.69317076956	7171.36859741386	3159.56976340634	4530.02851178902	2829.93334660916	6815.61852013692	4397.30375857918	4592.45154721767	5198.97008120931	5761.68069155646	5399.41122320718	3854.03787094351	3086.56751516122	3691.27825247928	4530.03274200292	3822.0434165667	4694.19541466923	2767.74044819652	4763.53669314927	2791.15733783692	4728.29363238268	1666.09998185092	11740.0616150662
2318.95432875928	3962.98305511284	4206.63111844507	2163.93709325421	1630.00169824763	4422.01346867074	1794.92157633454	3650.94438010897	2286.47195801526	746.352247231156	3347.22450928983	3960.26654489406	2233.46767944751	2647.24058358323	1778.24710217086	3784.66050817905	0	1617.22936023033	2129.8357619558	3978.54167787005	4658.30228985179	1668.1822878596	3612.19064011901	1746.54246351862	1600.73024518393	421.762978584756	1623.46057685607	4623.5893795317	1579.40115502539	415.211905169056	3886.53024201083	1285.11950063644	2163.55571806724	3525.64599928857	3.67803292457859	1994.73901599761	744.388963140026	5463.31168347125	2454.01122618894	1635.49819046779	411.748907707647	713.78840550791	2728.11081118783	1700.33597684077	3158.53908650594	1181.34950616292	2202.64833227603	770.883128022054	5428.94144129455	1176.34935994682	1762.51406269442	2804.40662330588	6263.8723055802	1681.58524530209	5317.47410654156	3217.8799943867	3328.45076546412	944.891033737159	1630.60666549935	2264.30832676716	2595.97092733835	3410.14268630589	744.637138833326	3257.2420588286	4196.03090332669	4866.12729028431	4012.51192552141	3338.32872767684	1087.1641987862	1250.55867309289	4256.25381458661	3321.85336296845	2742.43780305683	1374.00188642351	2163.60879403681	1408.38088347819	5017.98245615317	2087.75720216459	3386.70808923482	625.090744772703	745.368003609973	954.727161569883	3030.95801195787	864.491314452074	1161.96134358371	1414.30957303027	1977.02018337741	1614.75071502814	2992.52940193292	3430.94529624328	2994.17682911976	745.372233823871	1456.13483543304	1793.86566487683	2550.67851356967	3157.4554286649	993.503170342126	943.633124203637	2118.56052632812	7955.40110688711
3936.1836889896	5151.34357580902	3018.27059774889	3781.16645348453	3247.23105847796	3233.65294797456	2692.2176989212	3663.44701228488	3903.70131824558	2363.58160746148	4964.45386952016	5577.49590512439	3850.69703967784	4140.91490043299	1830.23568504999	2167.43114794872	1617.22936023033	0	1501.63051962903	5595.77103810038	3469.94176915561	2856.54280855578	5229.42000034933	2934.9029842148	3217.95960541425	2038.99233881508	2811.82109755225	6240.81873976203	3196.63051525572	1296.04015962717	3536.76231060524	2902.34886086677	3780.78507829757	4714.00651998475	1615.68854559481	3183.09953669379	2361.61832337035	7080.54104370158	3642.37174688512	3252.72755069812	1294.07085411148	2331.01776573824	4345.34017141815	3148.49558144987	4775.76844673627	1409.73979928024	3819.87769250635	1959.24364871823	7046.17080152487	2793.57872017715	3035.0486628747	1187.17726307555	7881.10166581053	2608.03246976996	6934.70346677188	2029.51947369052	4516.8112861603	2133.25155443334	3247.83602572967	1075.94780607098	978.741567108025	5027.37204653622	2361.86649906365	3589.11279486844	4211.41795422327	5682.94672441416	4588.40348229079	4861.58280049796	2300.77258523212	2438.91919378907	5873.48317481693	4510.21388366463	4359.66716328715	2562.36240711969	3780.83815426713	3025.61024370851	6635.2118163835	3613.26202282084	5003.93744946514	992.138615457622	2362.5973638403	1957.16231098868	4648.1873721882	2229.87261063046	2425.02039926895	3031.53893326059	3594.24954360774	3231.98007525846	4180.8899226291	2242.5847755471	1805.81630842358	2362.6015940542	2644.49535612922	2982.22618557301	3094.59249988211	4345.81594936108	2111.38984534276	2560.86248443396	1145.98759794591	9572.63046711744
4448.79009071507	4677.28630178297	4519.90111737791	4293.77285521	3759.83746020343	4735.28346760359	3204.82410064667	4176.05341401036	4416.30771997106	2876.18800918695	5477.06027124563	6090.10230684986	4363.30344140331	4653.52130215846	2342.84208677546	1654.82474622325	2129.8357619558	1501.63051962903	0	6108.37743982585	4971.57228878464	2549.23302000469	5742.0264020748	2685.87175430411	3730.56600713972	2551.59874054055	1672.16035009431	6753.4251414875	3709.23691698119	1808.64656135264	4199.80024094367	3414.95526259224	4293.39148002304	3212.37600035572	2128.29494732028	3449.96617710585	2874.22472509582	7593.14744542705	2790.15238142825	3765.33395242359	1806.67725583695	2843.62416746371	4857.94657314362	3661.10198317534	5288.37484846174	1922.34620100571	4332.48409423182	1438.13656516324	7558.77720325034	3306.18512190262	3547.65506460017	1259.91512072714	8393.708067536	3120.63887149543	7447.30986849735	3531.14999331955	4155.03120769521	1839.37773584582	3760.44242745514	2577.57832570001	674.68956016529	5539.97844826169	2874.47290078912	4101.71919659391	4724.02435594875	6195.55312613963	5101.00988401626	5374.18920222343	2813.37898695759	1492.94940486822	6386.0895765424	4154.553777961	4872.27356501262	1821.58747760537	4293.4445559926	3538.21664543398	7147.81821810897	4125.86842454632	5516.54385119061	1504.74501718309	2875.20376556577	1175.10860038591	5160.79377391367	2742.47901235593	2937.62680099442	3544.14533498606	4106.85594533321	3744.58647698393	2679.25940300007	3744.21529517612	3307.44682805261	2875.20799577967	2167.21867034345	3039.37066844598	1592.96198025308	3108.71194692602	1136.33259161367	3073.46888615943	355.642921683116	10085.2368688429
1659.58734911077	3542.13794528598	4627.47622827193	1814.60458461585	2348.53997962242	4842.85857849761	2903.55333917918	4071.78948993584	1692.06971985479	3232.1894306389	2607.18275071043	127.644192456858	1782.8219508771	2226.39547375636	3765.53535305039	7763.2021860491	3978.54167787005	5595.77103810038	6108.37743982585	0	5079.14739967866	3559.14441982116	763.73443130788	3422.50568552174	2377.81143268613	3556.7786992853	4436.21708973154	3311.86108427556	2399.14052284466	4299.73087847321	4307.37535183769	2693.42217723361	1814.98595980281	4375.43647243653	3980.08249250557	2658.41126272	3234.15271473003	3287.35075468012	3318.2250583976	2343.04348740226	4301.7001839889	3264.75327236214	1250.43086668223	2447.27545665051	1246.15581345644	4186.03123882014	1775.89334559402	4670.24087466261	1450.39976342449	2802.19231792323	2560.72237522567	6782.94830117593	2285.33062771015	2987.73856833042	1338.9324286715	4285.70508809742	2907.60565563725	4268.99970398003	2347.93501237071	5594.44454064294	6574.5126052084	709.90602383611	3233.90453903673	3678.08716865547	4616.87601315356	5286.97240011118	4433.35703534828	3759.17383750371	3294.99845286826	4615.42803495763	617.440722351404	2901.00825314158	2076.04879242319	4286.78996222048	1814.93288383324	2570.16079439186	1039.44077828312	2508.60231199145	1544.88059576178	4603.63242264276	3233.17367426008	4933.26883943994	947.583665912181	3365.89842746992	3170.75063883143	2564.23210483978	2001.52149449264	2363.79096284192	4726.94110331387	4676.63467088788	4071.92393356982	3233.16944404618	3941.1587694824	3069.00677137987	6529.22019143972	2999.66549289982	4972.04484821218	3034.90855366642	6097.10220419817	3976.85942901706
3982.48894754491	8621.28534496463	1955.15933933744	6599.54894913306	3970.84492618072	1036.23322385904	2863.38071351725	2602.94846804615	4062.65601521897	5303.13959630767	3903.95532528142	5206.79159213552	6861.96935055576	7305.54287343502	2880.05518768094	3796.7938208412	4658.30228985179	3469.94176915561	4971.57228878464	5079.14739967866	0	6326.48457771139	4315.41296837078	6404.84475337041	6057.43488971741	4662.58283407826	6281.76286670786	5180.32019552329	4647.94428372973	4243.09038468274	2476.2637663665	5604.93968261599	6594.06658651172	8183.94828914036	4661.98032277637	6653.0413058494	5311.73013058369	6020.04249946284	7112.31351604073	5105.35989544119	4246.55338214414	3988.58883744305	5501.59633945795	6358.63826669256	6325.3032131351	3476.95278368887	5181.31503869868	5429.18541787384	5985.67225728613	3928.02385382116	2895.78822715737	3711.6571680575	6820.60312157179	2976.71704454971	5874.20492253314	1440.42229546509	7986.75305531591	5603.19332358895	3967.50057123469	2393.99396308463	4296.88272861935	5789.05342351477	5394.05440393307	2528.61425062971	3150.91940998454	4622.44818017543	3527.90493805205	3801.08425625922	5745.46648863799	5908.86096294468	4812.9846305782	7980.15565282024	7155.19619210185	6032.3041762753	6593.8792898345	5046.5045754847	5574.71327214476	2570.5450876872	6624.02799544044	4351.8936953125	5307.30900177858	5427.10408014429	4763.48654636696	3793.81097539972	5820.2636334355	3422.77493026747	3251.76477297931	3100.1007568158	7650.83169178471	1227.35699360852	1664.12546073203	5307.55430962755	6114.43712528483	6452.16795472862	6564.53426903772	7815.75771851669	5581.33161449837	4842.57883689848	4615.92936710152	8512.1319228787
2343.99563016648	2294.80076725324	5874.81340630467	1744.53983520531	2355.63965153067	6090.19575653034	3463.10386419415	5319.12666796857	2263.82856249243	1023.34498140372	3854.51992874316	3540.86928684516	1814.07042139862	2104.28828215377	3446.42939003046	4204.05776622794	1668.1822878596	2856.54280855578	2549.23302000469	3559.14441982116	6326.48457771139	0	3192.79338207011	136.638734299418	1181.33298713503	1663.90174363313	877.072669910388	4559.19826230829	1678.54029398167	2083.39419302866	5554.71252987043	865.722242587547	1744.15846001834	1857.46371142896	1664.50425493502	900.733157101154	1014.7544471277	5043.91442542235	785.828938329337	1221.12468227021	2079.93119556725	2337.89574026834	2308.71355313893	1111.86896317065	2739.14182845705	2849.53179402252	1783.25107422713	1111.09645484145	5009.54418324565	2398.46072389023	3430.69635055402	3223.80388135478	5844.4750475313	3349.76753316169	4898.07684849266	4886.06228224631	1660.26847760452	723.291254122443	2358.98400647671	3932.49061462676	3015.36818538725	2990.745428257	932.430173778323	4925.42434668821	5864.21319118629	6534.30957814392	5680.69421338102	5006.51101553644	581.018089073401	1056.28361513647	3836.85655653771	1653.67107510885	2323.04054500793	727.645542399323	1744.21153598791	1279.9800022267	4598.58519810428	3755.93949002419	2967.31083118592	1974.5908823989	1019.17557593281	1374.12441961878	2611.56075390897	2532.67360231168	506.220944275889	2903.70964744392	3074.71980473209	3226.3838208956	1324.34711407332	5099.12758410288	4662.35911697936	1018.93026808384	382.014349661246	490.13764844129	2970.07577161856	1489.27314080529	1412.90042839102	1483.90574081292	2537.95778437702	7536.00384883821
1293.23631135973	4305.87237659386	3863.74179696405	2284.13598076228	1982.18894187138	4079.12414718973	2537.20230142813	3308.05505862796	1325.71868210375	2865.83839288785	1843.44831940255	891.378623764739	2546.55638218498	2990.12990506424	3399.18431529934	7396.85114829805	3612.19064011901	5229.42000034933	5742.0264020748	763.73443130788	4315.41296837078	3192.79338207011	0	3056.15464777069	2011.46039493508	3190.42766153425	4069.8660519805	2548.12665296768	2032.78948509362	3933.37984072216	3543.64092052981	2327.07113948256	2278.65361814094	4009.08543468548	3613.73145475452	2337.62833747862	2867.80167697898	2523.61632337224	2951.87402064656	1976.69244965121	3935.34914623785	2898.4022346111	1186.18337108717	2080.92441889946	2009.89024476432	3819.68020106909	1409.54230784298	4303.88983691156	1816.75080117554	2435.84128017218	2194.37133747463	6416.59726342489	2651.6816654612	2621.38753057937	1705.28346642255	3919.35405034638	3671.34008694513	3902.64866622899	1981.58397461966	5228.09350289189	6208.16156745736	1473.64045514399	2867.55350128568	2914.35273734759	3853.14158184568	4523.2379688033	3669.6226040404	2995.43940619583	2928.64741511721	4249.07699720658	644.063174467602	3664.74268444946	2839.78322373107	3920.43892446943	2278.46632146372	2203.80975664082	1405.79181603417	1744.86788068357	2308.61502706966	4237.28138489171	2866.82263650903	4566.91780168889	581.232628161135	2999.54738971888	2804.39960108038	2197.88106708874	1635.17045674159	1997.43992509087	4360.59006556283	4310.28363313683	3705.57289581878	2866.81840629513	3574.80773173135	2702.65573362882	6162.86915368867	3500.34475014591	4605.69381046113	2668.55751591537	5730.75116644713	4343.21046676811
