0	450.641578818061	1496.88536049203	1209.62193197461	1470.70022602185	648.99646784714	3602.50943408122	2770.19594711508	2735.76904455746	1213.06945854001	1648.36969869531	3052.14948638085	2150.97898734028	3863.11060118541	4034.63215752869	3794.9580422362	3453.76233950953	3550.73823257541	3658.91374164403	3931.34326345259	3914.15647355915	3737.21616858277	3919.22137485646	3936.60648669735	1520.12431285791	1620.57550848435	1580.9846188354	1900.65202398063	2459.48578838297	1636.8822694571	1520.46504860733	2454.59426884497	1651.99758238356	3232.45941721918	3680.71602402667	2064.88822654239	1164.43627797674	2662.13881985463	2062.70880785328	4375.1410464507	2065.26552338141	1970.70337024123	417.961981538713	123.424463449961	291.167449995759	2651.24902903452	3055.81008387662	3967.78338584034	1901.33784523527	1808.28161340291	1291.98574719715	459.162725863709	3199.26834112051	1522.3859596953	2070.43268083836	4453.50601164979	3355.12033915759	1994.89816966479	2737.82553205934	1903.61105836812	3096.81375705251	3031.29770886979	2352.08788670899	2564.43934736784	2503.83087260515	2375.66906959986	2651.59347210831	2770.12592389201	4258.75067208855	952.466160076017	4414.45624794916	1688.13429885273	1634.77634632027	3511.46009092334	1217.1406687292	1786.90224967573	592.295717052467	3971.44222272059	3158.05226897832	2352.47790538049	5003.21631634406	3005.31201990459	4597.71014464343	1542.96509960498	273.800554203293	1949.62285843095	3548.42286280546	2594.52328106505	2232.00031317975	837.561602499261	1231.21453040534	2405.5398285503	1396.94886141095	2563.90604124013	2952.48276431561	2459.97130206328	4755.14982203054	2853.60225090393	3359.21484244618	2093.3294707749
450.641578818061	0	1046.24378167397	758.980353156546	1020.05864720378	922.944986251787	4053.15101289928	2319.55436829702	2285.1274657394	762.427879721948	1922.31821709995	2601.50790756279	1877.03046893564	3589.16208278076	3760.68363912404	3521.00952383155	3179.81382110488	3276.78971417076	3384.96522323938	3657.39474504795	3640.2079551545	3463.26765017812	3645.27285645181	3662.6579682927	1069.48273403985	1346.6269900797	1307.03610043076	1450.01044516256	2074.35965295053	1362.93375105246	1069.82346978927	2003.95269002691	1378.04906397891	3683.10099603724	3230.07444520861	1614.24664772433	713.794699158675	2211.49724103657	1612.06722903522	4101.19252804605	1614.62394456335	1520.06179142317	508.169844106761	380.374052630849	159.474128822302	2377.30051062987	2605.16850505856	3517.14180702228	1450.69626641721	2082.23013180756	1742.62732601521	499.975620333758	3649.90991993857	1071.74438087724	1796.48416243372	4179.55749324514	3081.17182075295	1544.25659084673	2463.87701365469	1452.96947955006	3370.76227545715	3305.24622727444	2802.72946552705	3015.0809261859	2954.47245142321	2649.61758800451	3102.23505092637	2319.48434507395	3808.10909327049	501.824581257955	4865.09782676722	2138.77587767079	1908.72486472492	3060.81851210528	943.19215032455	1336.26067085767	1042.93729587053	3520.80064390253	2884.10375057368	1901.83632656243	5453.85789516212	2731.36350149994	4323.76162623878	1816.91361800962	451.526267790732	2400.26443724901	3822.37138121011	2143.88170224699	1781.35873436169	1288.20318131732	957.266012000694	2679.48834695495	1670.8973798156	3014.54762005819	2501.84118549755	2186.02278365864	4481.20130362589	2402.96067208587	3085.26632404154	1819.38095237025
1496.88536049203	1046.24378167397	0	287.263428517426	78.8678388195959	1273.07934210886	5099.39479457326	1551.26281561325	1238.88368406543	308.524176123782	1848.51153216886	1555.26412588882	1950.83715386673	3662.96876771186	3834.49032405514	3594.81620876265	3755.32492675956	3350.59639910186	3458.77190817048	3731.20142997904	3714.0146400856	3537.07433510922	3719.07954138291	3736.4646532238	865.167595049319	1855.50643225058	1380.84278536185	756.733704085573	2000.55296801943	2342.39715088684	864.754200128408	1987.32582515402	1473.20121674245	4729.34477771121	2183.83066353464	568.002866050356	332.449082515297	1165.25345936259	565.823447361244	4174.99921297715	568.380162889374	515.860547229712	1554.41362578073	1426.61783430482	1205.71791049627	2451.10719556097	1558.92472338458	2470.89802534831	757.042366906912	2008.42344687646	2788.87110768918	1037.72263462832	4696.15370161254	865.514778639803	1870.29084736481	4253.36417817624	3154.97850568404	1137.68922703012	2537.68369858579	757.320344703799	3296.95559052606	3231.43954234334	3848.97324720102	4061.32470785987	4000.71623309719	3690.20208636082	4148.47883260034	1551.29205760048	2841.0519346306	551.325810652495	5911.34160844119	3185.01965934476	1834.91817979382	2014.57473043131	1016.99883525565	290.016889183697	2089.1810775445	2474.55686222856	2957.91043550477	1773.01516971144	6500.10167683609	2805.17018643104	4397.56831116988	1743.10693307853	1497.7700494647	3446.50821892298	3748.56469627901	1097.63792057301	735.114952687717	2334.44696299129	1321.88377791504	2605.68166202385	1597.0906948845	4060.79140173216	2281.4769127579	2259.82946858973	4555.00798855699	2219.48848209136	3159.07300897263	1893.18763730135
1209.62193197461	758.980353156546	287.263428517426	0	261.078294047239	985.815913591432	4812.13136605583	1710.52861714364	1526.14711258286	467.789977654177	1689.24573063846	1842.52755440624	2110.10295539713	3822.23456924225	3993.75612558553	3754.08201029305	3468.06149824214	3509.86220063226	3618.03770970087	3890.46723150944	3873.28044161599	3696.34013663961	3878.3453429133	3895.73045475419	1024.43339657971	1579.69947654119	1540.10858689225	915.999505615969	1841.28716648904	2055.13372236941	1024.0200016588	2146.59162668442	1611.1215504404	4442.08134919378	2471.09409205206	855.266294567782	449.163290103771	1452.51688788002	853.08687587867	4334.26501450754	855.6435914068	761.081438266625	1267.15019726331	1139.35440578739	918.454481978848	2610.37299709136	1846.18815190201	2758.16145386573	916.308168437307	1849.15764534607	2501.60767917175	750.459206110897	4408.89027309512	1024.7805801702	2029.55664889521	4412.62997970663	3314.24430721444	1296.95502856052	2696.94950011619	916.586146234195	3137.68978899566	3072.17374081294	3561.70981868359	3774.06127934244	3713.45280457976	3402.93865784339	3861.21540408292	1710.55785913087	3049.12874011394	710.59161218289	5624.07817992376	2897.75623082734	1675.65237826343	2301.83815894874	1176.26463678604	577.280317701123	1801.91764902707	2761.82029074598	3117.17623703517	1932.28097124184	6212.83824831867	2964.43598796143	4556.83411270028	1583.84113154813	1210.50662094728	3159.24479040556	3589.29889474862	1384.90134909044	1022.37838120514	2047.18353447387	1190.33849846219	2446.41586049345	1437.82489335411	3773.52797321473	2440.74271428829	2419.09527012013	4714.27379008738	2378.75428362176	3318.33881050303	2052.45343883175
1470.70022602185	1020.05864720378	78.8678388195959	261.078294047239	0	1246.89420763867	5073.20966010307	1630.13065443284	1265.06881853562	387.392014943378	1769.64369334926	1581.449260359	2029.70499268633	3741.83660653145	3913.35816287473	3673.68404758225	3729.13979228938	3429.46423792146	3537.63974699008	3810.06926879864	3792.88247890519	3615.94217392881	3797.9473802025	3815.33249204339	944.035433868915	1829.32129778039	1459.71062418145	835.601542905169	1921.68512919984	2316.21201641665	943.622038948004	2066.19366397362	1530.72358772961	4703.15964324102	2210.01579800482	594.188000520543	368.765327392971	1191.43859383278	592.008581831431	4253.86705179674	594.565297359561	594.728386049308	1528.22849131055	1400.43269983463	1179.53277602609	2529.97503438056	1585.10985785477	2497.0831598185	835.910205726508	1929.55560805687	2762.68597321899	1011.53750015814	4669.96856714236	944.382617459399	1949.15868618441	4332.23201699583	3233.84634450364	1216.55706584972	2616.55153740539	836.188183523395	3218.08775170646	3152.57170352374	3822.78811273083	4035.13957338968	3974.531098627	3664.01695189063	4122.29369813016	1630.15989642007	2788.0504460667	630.19364947209	5885.156473971	3158.83452487458	1756.05034097423	2040.7598649015	1095.86667407524	316.202023653884	2062.99594307431	2500.74199669874	3036.77827432437	1851.88300853104	6473.9165423659	2884.03802525064	4476.43614998948	1664.23909425893	1471.58491499452	3420.32308445279	3669.69685745942	1123.8230550432	761.300087157904	2308.26182852111	1295.69864344486	2526.81382320425	1518.22285606491	4034.60626726197	2360.34475157749	2338.69730740933	4633.87582737658	2298.35632091096	3237.94084779223	1972.05547612095
648.99646784714	922.944986251787	1273.07934210886	985.815913591432	1246.89420763867	0	3826.3154524644	2546.38992873191	2511.96302617429	1157.66247744447	999.373230848166	2828.34346799767	2799.97545518742	4512.10706903255	4683.62862537583	4443.95451008334	4102.75880735667	4199.73470042255	4307.91020949117	4580.33973129973	4563.15294140629	4386.21263642991	4568.2178427036	4585.60295454449	1714.30589637001	2269.57197633149	2229.98108668254	1676.84600559745	2235.67976999979	2285.87873730424	1713.8925014491	2836.46412647471	2300.9940502307	3456.26543560235	3456.91000564349	1841.08220815921	1139.03578989406	2438.33280147145	1838.9027894701	5024.13751429784	1841.45950499823	1746.89735185806	1066.95844938585	772.4209312971	852.411051467691	3300.24549688166	2832.00406549344	3743.97736745717	1677.5318268521	1159.28514555577	1515.79176558032	422.969365918029	3423.07435950368	1714.65307996049	2719.4291486855	5102.50247949692	4004.11680700473	1986.82752835081	3386.82199990648	1679.80503998494	2447.81728920537	2382.30124102265	2575.89390509216	2788.24536575101	2727.63689098833	2417.12274425196	2875.39949049148	2546.31990550883	4034.94465370538	1400.46411197318	4638.26226633233	1911.94031723591	1157.84152068857	3287.65407254017	1866.13713657634	1563.09623129256	816.101735435641	3747.63620433742	3807.04873682546	2622.15347103213	5227.02233472723	3654.30848775173	5246.70661249057	893.968631757838	922.797022050432	2173.42887681412	2899.42639495832	2370.71726268187	2008.19429479657	1080.93940197452	1880.21099825248	1756.54336070316	1168.24448028353	2787.7120596233	3130.61521407859	3108.96776991042	5404.14628987768	3068.62678341205	4008.21131029332	2742.32593862204
3602.50943408122	4053.15101289928	5099.39479457326	4812.13136605583	5073.20966010307	3826.3154524644	0	6372.7053811963	6338.27847863869	4815.57889262123	4753.2795790888	6654.65892046207	3425.31150336151	1785.51606106735	2953.92609049249	2286.93246517713	1344.06986781369	2228.82479884036	1862.42387125533	1992.78307392789	2329.24769360562	2180.55261621997	2428.51098558377	2004.01127212229	5122.63374693913	3243.88836232268	5076.28619101305	5503.16145806185	6061.99522246419	2756.99764368642	5122.97448268856	6057.10370292619	3626.1935778308	3591.28922260648	7283.22545810789	5667.39766062361	4766.94571205796	6264.64825393585	5665.2182419345	4402.86318989713	5667.77495746263	5573.21280432245	3544.98116879252	3672.77696026844	3893.67688407698	5402.88119222848	6658.31951795784	7570.29281992156	5503.8472793165	4875.3792252391	3457.96682438063	4061.67215994493	2411.34086531477	5124.89539377653	3638.85170866801	1840.81876486413	5189.76746982306	5597.40760374602	3387.35085415303	5506.12049244934	6163.9113688887	6098.39532070598	5240.73620922818	4978.0967374133	4885.27992233514	5442.76668143605	4997.64167122667	6372.63535797323	7861.26010616977	4554.97559415724	2017.85684662738	2916.42031839046	4984.15697315296	7113.96952500457	4473.12152714884	5389.41168375695	3474.90621003681	7573.95165680182	5872.15342584402	5954.98733946171	4661.96243891844	4314.87821756033	3270.96736307273	4610.06271144117	3601.62474510855	2815.59455236703	6615.52047464165	6197.03271514627	5834.50974726097	2764.94783158196	3777.51101665821	5472.63744038649	4994.55993274792	1925.79148442006	6554.99219839684	4332.33852545021	2744.82728551318	6456.11168498516	5191.61673107307	3885.77713192498
2770.19594711508	2319.55436829702	1551.26281561325	1710.52861714364	1630.13065443284	2546.38992873191	6372.7053811963	0	1532.02348539613	1557.12648857507	3399.7743477821	1754.44342095602	2947.3938778348	4587.18932012895	3418.77929070381	4085.77291601918	5028.63551338261	4143.88058235594	4510.28150994098	4379.92230726841	4043.45768759069	4192.15276497634	3944.19439561253	4368.69410907401	1250.07163425717	3128.81701887362	1296.41919018326	869.543923134455	3551.81578363268	3615.70773750988	1249.73089850775	436.063009540774	2746.5118033655	6002.65536433426	910.520076911589	1616.72916469306	1605.75966913834	595.843638457806	1616.44762223486	2623.7363973639	1614.8246275182	1035.40226838354	2827.72421240378	2699.92842092787	2479.02849711932	969.824188967825	1753.22878302936	2759.33705895401	868.858101879805	3559.68626248971	4062.18169431223	2311.03322125137	5969.46428823559	1247.80998741978	2733.85367252829	4531.88661633218	1603.7156900708	775.297777450286	2985.35452704327	866.584888746962	4848.2184061393	4782.70235795658	5122.28383382407	5334.63529448292	5274.02681972023	4963.51267298386	5421.78941922339	0.070023223073008	4392.31475024385	1817.72978703906	7184.65219506424	4458.33024596781	3386.18099540707	1163.4051943309	1899.58385404747	1330.29447766872	3362.49166416755	2758.90668281005	1406.64761989153	417.718041734592	7773.41226345914	2057.82716363598	3101.73801812357	3294.36974869177	2771.08063608775	4719.81880554603	5299.82751189226	1210.24643680565	1487.77487232512	3607.75754961434	2595.19436453809	4156.9444776371	3148.35351049775	5334.10198835521	730.214097144648	2040.36685574609	3627.87809568313	668.225666478113	1607.81019335939	2486.92824927133
2735.76904455746	2285.1274657394	1238.88368406543	1526.14711258286	1265.06881853562	2511.96302617429	6338.27847863869	1532.02348539613	0	1522.69958601745	1867.75086238597	316.380441823384	2912.96697527718	4552.76241757134	3815.25099383802	4051.34601346156	4994.208610825	4109.45367979833	4475.85460738336	4345.4954047108	4009.03078503307	4157.72586241872	3909.76749305492	4334.26720651639	1215.64473169956	3094.39011631601	1361.60345514474	835.117020576838	2019.79229823655	3581.28083495227	1215.30399595013	1968.0864949369	2712.08490080788	5968.22846177664	944.946979469205	670.880818015075	1571.33276658073	936.179846938325	673.060236704188	4155.75988276003	670.503521176057	765.065674316233	2793.29730984616	2665.50151837025	2444.60159456171	2431.86786534385	320.041039319153	1232.01434128288	834.431199322189	2050.80020017299	4027.75479175461	2276.60631869375	5935.03738567797	1213.38308486216	2699.42676997067	4497.45971377456	3135.73917546693	1118.44989681301	2950.92762448566	832.157986189346	3955.58183643978	3728.12661196373	5087.85693126645	5300.2083919253	5239.59991716262	4929.08577042625	5387.36251666577	1532.05272738336	2860.29126484772	1783.30288448145	7150.22529250662	4423.9033434102	1854.15751001094	775.691046365879	1865.15695148985	948.866794881734	3328.06476160993	1235.67317816313	2938.67110528766	1753.77583949433	7738.98536090152	2785.93085621392	4378.32898095276	2488.5850401012	2736.65373353014	4685.39190298841	3767.80402649613	321.777048590484	503.768731377715	3573.33064705672	2560.76746198048	2624.92099224097	1616.33002510162	5299.67508579759	2262.23758254078	2240.59013837262	4535.76865833987	2200.24915187424	3139.83367875552	2452.50134671371
1213.06945854001	762.427879721948	308.524176123782	467.789977654177	387.392014943378	1157.66247744447	4815.57889262123	1557.12648857507	1522.69958601745	0	2157.03570829264	1839.08002784084	1642.31297774295	3354.44459158807	3525.96614793136	3286.29203263887	3471.50902480754	3042.07222297808	3150.2477320467	3422.67725385526	3405.49046396182	3228.55015898544	3410.55536525913	3427.94047710002	556.643418925537	1571.69053029855	1072.31860923807	687.582565440617	2309.07714414321	2058.58124893481	556.230024004626	1678.80164903024	1189.38531479043	4445.52887575919	2467.64656548666	851.81876800238	48.6331805632731	1449.06936131462	849.639349313267	3866.47503685337	852.196064841397	757.633911701222	1270.59772382871	1142.8019323528	921.90200854425	2142.58301943719	1842.74062533661	2754.71392730033	688.268386695266	2316.94762300024	2505.05520573716	753.9067326763	4412.33779966052	556.990602516022	1561.76667124103	3944.84000205245	2846.45432956026	829.165050906342	2229.15952246201	690.541599828109	3605.47976664984	3539.96371846712	3565.157345249	3777.50880590785	3716.90033114516	3406.38618440879	3864.66293064832	1557.056465352	3149.57611075438	260.603298463993	5627.52570648917	2901.20375739274	2143.44235591761	2298.39063238333	708.474659131866	573.832791135721	1805.36517559248	2758.37276418058	2649.38625938099	1464.49099358766	6216.28577488407	2496.64601030726	4089.0441350461	2051.63110920231	1213.95414751268	3162.69231697096	4057.08887240279	1381.45382252504	1018.93085463974	2050.63106103927	1038.06787596302	2914.20583814763	1905.61487100828	3776.97549978014	1972.95273663411	1951.30529246595	4246.4838124332	1910.96430596758	2850.54883284885	1584.66346117757
1648.36969869531	1922.31821709995	1848.51153216886	1689.24573063846	1769.64369334926	999.373230848166	4753.2795790888	3399.7743477821	1867.75086238597	2157.03570829264	0	1901.37934137327	3799.34868603559	5511.48029988071	5683.00185622399	5443.32774093151	5102.13203820483	5199.10793127072	5307.28344033934	5579.7129621479	5562.52617225445	5385.58586727808	5567.59107355176	5584.97618539265	2713.67912721818	3268.94520717965	3229.35431753071	2605.24523625443	1308.71564337539	3285.25196815241	2713.26573229726	3835.83735732288	3300.36728107887	4383.22956222675	2669.45124530048	1783.04518308904	2138.40902074223	2803.9307093243	1783.32672554725	6023.51074514601	1784.9497202639	2364.37207939857	2066.33168023402	1771.79416214527	1851.78428231586	4299.61872772982	1905.03993886904	2817.01324083276	2605.55389907577	465.801300623101	2442.75589220472	1422.3425967662	4350.03848612809	2714.02631080866	3718.80237953367	6101.87571034509	5003.4900378529	2986.20075919898	4386.19523075465	2605.83187687266	2370.58293688989	2143.12771241385	3502.85803171656	3715.20949237541	3654.60101761273	3344.08687087636	3802.36361711589	3399.80358976933	3107.98052708097	2399.83734282135	5565.22639295673	2838.90444386031	230.877394064164	2360.68994591577	2865.5103674245	2069.47987011338	1743.06586206004	2820.67207771301	4806.42196767363	3621.5267018803	6153.98646135163	4653.6817185999	6246.07984333874	903.58614055131	1922.1702528986	3100.39300343852	1900.05316411016	2189.52791097646	1911.99947545699	2080.31263282269	2879.58422910065	757.170129854994	251.420837284354	3714.6761862477	4129.98844492675	4108.34100075859	6403.51952072584	4068.00001426022	5007.58454114149	3741.69916947021
3052.14948638085	2601.50790756279	1555.26412588882	1842.52755440624	1581.449260359	2828.34346799767	6654.65892046207	1754.44342095602	316.380441823384	1839.08002784084	1901.37934137327	0	3229.34741710056	4869.14285939472	4037.67092939791	4367.72645528494	5310.58905264838	4425.83412162171	4792.23504920674	4661.87584653418	4325.41122685646	4474.1063042421	4226.1479348783	4650.64764833978	1532.02517352294	3410.77055813939	1584.02339070463	1151.49746240022	1797.37236267666	3897.66127677565	1531.68443777351	2190.5064304968	3028.46534263127	6284.60890360002	1024.1203184744	987.261259838459	1887.71320840411	1158.59978249822	989.440678527571	4378.17981831992	986.883962999441	1081.44611613962	3109.67775166955	2981.88196019364	2760.98203638509	2654.28780090374	3.66059749576937	1004.89363799799	1150.81164114557	2367.18064199637	4344.13523357799	2592.98676051714	6251.41782750136	1529.76352668555	3015.80721179406	4813.84015559794	3358.15911102682	1340.8698323729	3267.30806630904	1148.53842801273	4271.96227826316	4044.50705378712	5404.23737308984	5616.58883374868	5555.980358986	5245.46621224963	5703.74295848916	1754.47266294325	2637.87132928783	2099.68332630483	7466.60573433001	4740.28378523358	1670.50194730911	591.038226625123	2181.53739331323	1265.24723670512	3644.44520343331	1004.46326185403	3161.09104084755	1976.19577505422	8055.36580272491	3008.35079177381	4600.74891651266	2804.96548192458	3053.03417535352	5001.7723448118	3545.38409093624	544.196984150375	820.149173201098	3889.71108888011	2877.14790380386	2402.50105668108	1660.09898771415	5616.05552762098	2484.65751810067	2463.01007393251	4758.18859389976	2422.66908743413	3362.25361431541	2768.88178853709
2150.97898734028	1877.03046893564	1950.83715386673	2110.10295539713	2029.70499268633	2799.97545518742	3425.31150336151	2947.3938778348	2912.96697527718	1642.31297774295	3799.34868603559	3229.34741710056	0	1712.13161384512	1883.6531701884	1643.97905489592	2081.24163554782	1399.75924523513	1562.88763210618	1780.36427611231	1763.17748621886	1586.23718124248	1768.24238751617	1785.62749935706	1697.32224357762	530.403478855937	1650.97468765154	2077.84995470034	3951.39012188617	668.313859675087	1697.66297932705	2631.79219956468	498.981404956725	3055.26148649946	3857.91395474638	2242.08615726211	1660.93966529336	2839.33675057434	2239.90673857299	2224.16205911042	2242.46345410112	2147.90130096095	1733.01700580157	2027.55452389032	1947.56440371973	1977.56968886697	3233.00801459633	4144.98131656006	2078.53577595499	3959.2606007432	2541.84819988473	2377.00608926939	3022.07041040079	1699.58389041502	213.540205306506	2302.5270243095	1764.45596646155	2172.09610038451	586.846544719058	2080.80898908783	5247.79274439279	5182.27669621007	4324.61758473227	4061.97811291739	3969.16129783924	4526.64805694015	4081.52304673076	2947.32385461172	4791.88908849733	1399.51134321424	4237.25831722944	2000.30169389455	3785.75533366056	3688.65802164306	1047.81002378733	1964.10018039545	2558.78758554091	4148.64015344031	2446.84192248251	2529.6758361002	4826.01838562434	889.566714198818	2446.73115730315	3693.94408694526	1877.17843313699	1899.47592787113	5699.40185014575	2771.72121178476	2409.19824389947	1719.0360532129	919.764456934943	4556.51881589058	3547.92784875124	2386.70811052041	3129.68069503533	907.027022088702	2604.17083469025	3030.80018162365	1766.30522771157	460.46562856347
3863.11060118541	3589.16208278076	3662.96876771186	3822.23456924225	3741.83660653145	4512.10706903255	1785.51606106735	4587.18932012895	4552.76241757134	3354.44459158807	5511.48029988071	4869.14285939472	1712.13161384512	0	1168.41002942514	501.416404109778	441.446193253658	443.308737773011	204.196859541376	207.267012860542	543.731632538265	395.036555152617	642.994924516422	218.495211054944	3337.11768587178	2242.53509270106	3290.7701299457	3717.6453969945	5663.52173573129	2226.2283317283	3337.45842162121	4271.58764185884	2211.11301880185	4387.30221195569	5497.70939704054	3881.88159955626	3373.07127913848	4479.1321928685	3879.70218086715	2617.34712882978	3882.25889639528	3787.69674325511	3445.14861964669	3739.68613773545	3659.69601756485	3617.36513116113	4872.80345689049	5784.77675885421	3718.33121824915	5671.39221458832	4253.97981372985	4089.13770311452	3207.35385466398	3339.37933270918	1853.33564760066	590.39541046438	3404.25140875571	3811.89154267867	1601.83479308568	3720.60443138199	6959.92435823791	6894.40831005519	6036.74919857739	5774.10972676252	5681.29291168436	6238.77967078527	5793.65466057589	4587.11929690588	6504.02070234245	3111.64295705936	2813.8698359766	3712.43330773968	5497.88694750568	5328.45346393722	2687.60546608149	3603.8956226896	4270.91919938603	5788.43559573446	4086.63736477667	4169.47127839436	5457.97542826766	2529.36215649298	1485.45130200538	5406.07570079038	3589.31004698211	3611.60754171625	7411.53346399087	4411.51665407892	4048.99368619362	3431.16766705802	2631.89607078006	6268.65042973571	5260.05946259636	2721.80447376927	4769.47613732948	2546.82246438286	959.311224445826	4670.5956239178	3406.10067000572	2100.26107085763
4034.63215752869	3760.68363912404	3834.49032405514	3993.75612558553	3913.35816287473	4683.62862537583	2953.92609049249	3418.77929070381	3815.25099383802	3525.96614793136	5683.00185622399	4037.67092939791	1883.6531701884	1168.41002942514	0	666.993625315363	1609.8562226788	725.10129165213	1091.50221923716	961.1430165646	624.678396886876	773.373474272524	525.415104908719	949.914818370197	2969.32272900582	2414.05664904434	2453.64753869329	3077.75661996956	5835.04329207457	2397.74988807158	2969.73612392673	3103.1776124337	2382.63457514513	4558.82376829897	4329.2993676154	3899.95667313495	3544.59283548176	3310.72216344336	3899.67513067675	1448.93709940464	3898.05213596009	3318.62977682543	3616.67017598998	3911.20769407873	3831.21757390814	2448.95510173599	4036.45629147125	5042.5645673959	3077.44795714823	5842.9137709316	4425.50137007313	4260.6592594578	3378.87541100727	2968.97554541533	1964.19947669032	1113.10732562836	2235.84137933057	2696.80109702501	1296.80662546935	3077.16997935134	7131.44591458119	7065.92986639848	6208.27075492068	5945.6312831058	5852.81446802764	6410.30122712855	5965.17621691917	3418.70926748074	6675.54225868574	3283.16451340264	3765.87290436043	3883.95486408296	5669.40850384896	4160.04343451207	2817.49148879949	3613.52198611061	4442.44075572931	5042.13419125194	2918.22733535153	3001.06124896922	5629.49698461094	1360.95212706783	563.077987114743	5577.59725713367	3760.8316033254	3783.12909805953	7583.05502033415	3493.47394524754	3771.00238076701	3602.68922340131	2803.41762712335	6440.17198607899	5431.58101893964	2893.32603011256	3601.06610790434	1574.6608554654	720.517664501848	3502.18559449266	2237.69064058058	1941.30268675379
3794.9580422362	3521.00952383155	3594.81620876265	3754.08201029305	3673.68404758225	4443.95451008334	2286.93246517713	4085.77291601918	4051.34601346156	3286.29203263887	5443.32774093151	4367.72645528494	1643.97905489592	501.416404109778	666.993625315363	0	942.862597363436	244.219809660789	424.5085939218	294.149391249236	119.198431322948	106.379848957161	141.578520406644	282.921193054834	2835.701281762	2174.38253375185	2789.35372583592	3216.22899288472	5595.36917678208	2158.0757727791	2836.04201751143	3770.17123774906	2142.96045985264	4319.14965300649	4996.29299293076	3660.28255784246	3304.91872018928	3977.71578875872	3660.00101538426	2115.93072472	3658.3780206676	3286.28033914533	3376.99606069749	3671.53357878624	3591.54345861565	3115.94872705135	4371.38705278071	5283.36035474444	3216.91481413937	5603.23965563911	4185.82725478064	4020.98514416531	3139.20129571478	2837.9629285994	1724.52536139784	658.547969413585	2902.83500464593	3310.47513856889	1100.4183889759	3219.18802727221	6891.77179928871	6826.25575110599	5968.59663962819	5705.95716781331	5613.14035273515	6170.62711183606	5725.50210162668	4085.7028927961	6435.86814339325	3043.49039811016	3098.87927904506	3644.28074879047	5429.73438855647	4827.03705982744	2577.817373507	3373.84787081813	4202.76664043682	5287.01919162469	3585.22096066689	3668.05487428458	5389.82286931845	2027.9457523832	984.034897895607	5337.92314184118	3521.15748803291	3543.45498276704	7343.38090504166	3910.10024996914	3547.57728208384	3363.01510810882	2563.74351183086	6200.4978707865	5191.90690364715	2653.65191482007	4268.05973321971	2045.40606027308	960.191779794336	4169.17921980803	2904.68426589595	1701.6285714613
3453.76233950953	3179.81382110488	3755.32492675956	3468.06149824214	3729.13979228938	4102.75880735667	1344.06986781369	5028.63551338261	4994.208610825	3471.50902480754	5102.13203820483	5310.58905264838	2081.24163554782	441.446193253658	1609.8562226788	942.862597363436	0	884.75493102667	518.354003441636	648.7132061142	985.177825791924	836.482748406276	1084.44111777008	659.941404308602	3778.56387912544	1899.81849450899	3732.21632319935	4159.09159024816	5254.17347405541	1816.88007005242	3778.90461487487	4713.0338351125	2282.12371001711	3977.95395027981	5939.1555902942	4323.32779280992	3422.87584424427	4920.57838612216	4321.14837412081	3058.79332208344	4323.70508964894	4229.14293650876	3035.80035797081	3330.33787605957	3250.34775588898	4058.81132441479	5314.24965014415	6226.22295210787	4159.77741150281	5262.04395291244	3844.63155205397	3679.78944143864	2798.00559298811	3780.82552596283	2294.78184085432	999.743672140259	3845.69760200937	4253.33773593233	2043.28098633934	4162.05062463565	6550.57609656203	6485.06004837932	5627.40093690151	5364.76146508664	5271.94465000848	5829.43140910939	5384.30639890001	5028.56549015954	6517.19023835608	3210.90572634355	2404.52157430072	3303.0850460638	5088.5386858298	5769.89965719087	3129.05165933515	4045.34181594326	3861.57093771015	6229.88178898812	4528.08355803032	4610.91747164802	5048.62716659178	2970.80834974663	1926.89749525904	4996.7274391145	3179.96178530623	3202.25928004037	7002.18520231499	4852.96284733258	4490.43987944728	3021.81940538215	2433.44114884452	5859.30216805983	4850.71120092048	2312.4562120934	5210.92233058314	2988.26865763652	1400.75741769948	5112.04181717146	3847.54686325938	2541.70726411129
3550.73823257541	3276.78971417076	3350.59639910186	3509.86220063226	3429.46423792146	4199.73470042255	2228.82479884036	4143.88058235594	4109.45367979833	3042.07222297808	5199.10793127072	4425.83412162171	1399.75924523513	443.308737773011	725.10129165213	244.219809660789	884.75493102667	0	366.400927585034	380.605030877182	363.418240983737	186.477936007357	368.483142281046	385.868254121936	2893.80894809877	1930.16272409106	2847.46139217269	3274.33665922149	5351.14936712129	1913.85596311831	2894.1496838482	3828.27890408583	1898.74065019185	4074.9298433457	5054.40065926753	3438.57286178325	3060.69891052849	4035.82345509549	3436.39344309414	2174.03839105677	3438.95015862227	3344.38800548209	3132.7762510367	3427.31376912545	3347.32364895486	3174.05639338812	4429.49471911748	5341.4680210812	3275.02248047614	5359.01984597832	3941.60744511985	3776.76533450452	2894.98148605399	2896.07059493616	1480.30555173705	902.767779074374	2960.9426709827	3368.58280490566	1158.52605531267	3277.29569360898	6647.55198962792	6582.0359414452	5724.3768299674	5461.73735815252	5368.92054307436	5926.40730217527	5481.28229196589	4143.81055913287	6191.64833373246	2799.27058844937	3040.7716127083	3400.06093912968	5185.51457889569	4885.14472616421	2333.59756384621	3160.58688491659	3958.54683077603	5345.12685796145	3643.32862700366	3726.16254062135	5145.60305965766	2086.05341871996	1046.97191206802	5093.70333218039	3276.93767837212	3299.23517310625	7099.16109538087	3968.20791630591	3605.68494842061	3118.79529844803	2319.52370217007	5956.27806112571	4947.68709398636	2409.43210515928	4326.16739955647	2103.51372660985	1204.41158945512	4227.28688614479	2962.79193223271	1656.95233308462
3658.91374164403	3384.96522323938	3458.77190817048	3618.03770970087	3537.63974699008	4307.91020949117	1862.42387125533	4510.28150994098	4475.85460738336	3150.2477320467	5307.28344033934	4792.23504920674	1562.88763210618	204.196859541376	1091.50221923716	424.5085939218	518.354003441636	366.400927585034	0	272.429521808565	466.823822350287	318.12874496464	566.087114328445	277.692745053318	3260.2098756838	2038.33823315968	3213.86231975772	3640.73758680652	5459.32487618991	2022.03147218693	3260.55061143323	4194.67983167086	2006.91615926047	4183.10535241432	5420.80158685256	3804.97378936828	3168.8744195971	4402.22438268052	3802.79437067917	2540.4393186418	3805.3510862073	3710.78893306713	3240.95176010532	3535.48927819407	3455.49915802348	3540.45732097315	4795.89564670251	5707.86894866624	3641.42340806117	5467.19535504694	4049.78295418847	3884.94084357314	3003.15699512261	3262.4715225212	1776.42783741269	794.592270005756	3327.34359856773	3734.98373249069	1524.9269828977	3643.69662119401	6755.72749869654	6690.21145051382	5832.55233903602	5569.91286722114	5477.09605214298	6034.58281124389	5589.45780103451	4510.2114867179	6299.82384280108	2907.44609751798	2674.37068512326	3508.2364481983	5293.6900879643	5251.54565374924	2610.69765589351	3526.98781250163	4066.72233984465	5711.52778554649	4009.72955458869	4092.56346820638	5253.77856872628	2452.454346305	1408.54349181741	5201.87884124901	3385.11318744074	3407.41068217487	7207.33660444949	4334.60884389094	3972.08587600564	3226.97080751665	2427.69921123869	6064.45357019433	5055.86260305498	2517.6076142279	4692.56832714151	2469.91465419488	1096.23608038651	4593.68781372983	3329.19285981775	2023.35326066965
3931.34326345259	3657.39474504795	3731.20142997904	3890.46723150944	3810.06926879864	4580.33973129973	1992.78307392789	4379.92230726841	4345.4954047108	3422.67725385526	5579.7129621479	4661.87584653418	1780.36427611231	207.267012860542	961.1430165646	294.149391249236	648.7132061142	380.605030877182	272.429521808565	0	336.464619677724	194.127094869825	435.727911655881	11.2281981944026	3129.85067301124	2310.76775496825	3083.50311708516	3510.37838413396	5731.75439799848	2294.46099399549	3130.19140876067	4064.3206289983	2279.34568106903	4455.53487422288	5290.44238418	3796.66777905886	3441.30394140567	4271.86518000796	3796.38623660065	2410.08011596924	3794.763241884	3580.42973039456	3513.38128191388	3807.91880000263	3727.92867983204	3410.09811830059	4665.53644402995	5577.50974599367	3511.06420538861	5739.62487685551	4322.21247599704	4157.3703653817	3275.58651693117	3132.11231984863	1860.91058261423	522.162748197192	3196.98439589517	3604.62452981813	1394.56778022514	3513.33741852145	7028.1570205051	6962.64097232238	6104.98186084458	5842.3423890297	5749.52557395155	6307.01233305246	5861.88732284307	4379.85228404534	6572.25336460964	3179.87561932655	2882.10249824379	3780.66597000686	5566.11960977287	5121.18645107668	2714.2025947234	3510.23309203452	4339.15186165322	5581.16858287392	3879.37035191612	3962.20426553382	5526.20809053484	2322.09514363243	1278.18428914484	5474.30836305757	3657.5427092493	3679.84020398344	7479.76612625806	4204.24964121838	3841.72667333308	3499.40032932521	2700.12873304725	6336.88309200289	5328.29212486355	2790.03713603646	4562.20912446894	2339.55545152232	823.806558577942	4463.32861105726	3198.83365714518	1892.99405799709
3914.15647355915	3640.2079551545	3714.0146400856	3873.28044161599	3792.88247890519	4563.15294140629	2329.24769360562	4043.45768759069	4009.03078503307	3405.49046396182	5562.52617225445	4325.41122685646	1763.17748621886	543.731632538265	624.678396886876	119.198431322948	985.177825791924	363.418240983737	466.823822350287	336.464619677724	0	176.94030497638	99.2632919781572	325.236421483321	2848.84704503628	2293.5809650748	2747.03849740743	3173.91376445623	5714.56760810503	2277.27420410205	2849.26043995719	3727.85600932058	2262.15889117559	4438.34808432943	4953.97776450228	3779.48098916541	3424.11715151222	3935.40056033023	3779.19944670721	2073.61549629151	3777.57645199055	3243.96511071684	3496.19449202044	3790.73201010919	3710.7418899386	3073.63349862286	4329.07182435223	5241.04512631595	3174.59958571088	5722.43808696206	4305.02568610359	4140.18357548826	3258.39972703773	2848.49986144579	1843.72379272078	539.349538090637	2860.51977621745	3268.1599101404	1176.33094149981	3176.87279884373	7010.97023061165	6945.45418242894	6087.79507095114	5825.15559913626	5732.3387840581	6289.82554315901	5844.70053294963	4043.38766436762	6555.0665747162	3162.6888294331	3141.19450747355	3763.47918011342	5548.93281987942	4784.72183139895	2697.01580482995	3493.04630214107	4321.96507175977	5244.7039631962	3542.9057322384	3625.7396458561	5509.0213006414	1985.63052395471	941.71966946712	5457.12157316413	3640.35591935586	3662.65341408999	7462.57933636461	3867.78502154066	3650.52669679747	3482.21353943177	2682.94194315381	6319.69630210945	5311.1053349701	2772.85034614302	4225.74450479122	2003.09083184459	840.993348471388	4126.86399137954	2862.36903746746	1820.82700278425
3737.21616858277	3463.26765017812	3537.07433510922	3696.34013663961	3615.94217392881	4386.21263642991	2180.55261621997	4192.15276497634	4157.72586241872	3228.55015898544	5385.58586727808	4474.1063042421	1586.23718124248	395.036555152617	773.373474272524	106.379848957161	836.482748406276	186.477936007357	318.12874496464	194.127094869825	176.94030497638	0	247.958369363805	199.390318114578	2942.08113071916	2116.64066009842	2895.73357479308	3322.60884184188	5537.62730312865	2100.33389912567	2942.42186646859	3876.55108670622	2085.21858619921	4261.40777935306	5102.67284188792	3602.54068418903	3247.17684653584	4084.09563771588	3602.25914173083	2222.31057367716	3600.63614701417	3392.66018810249	3319.25418704406	3613.79170513281	3533.80158496222	3222.32857600851	4477.76690173787	5389.7402037016	3323.29466309653	5545.49778198568	4128.08538112721	3963.24327051188	3081.45942206135	2944.34277755656	1666.7834877444	716.289843067017	3009.21485360309	3416.85498752605	1206.79823793306	3325.56787622937	6834.02992563528	6768.51387745256	5910.85476597476	5648.21529415988	5555.39847908172	6112.88523818263	5667.76022797325	4192.08274175326	6378.12626973982	2985.74852445672	2992.4994300879	3586.53887513704	5371.99251490304	4933.4169087846	2520.07549985357	3316.10599716469	4145.02476678339	5393.39904058185	3691.60080962405	3774.43472324174	5332.08099566502	2134.32560134036	1090.41474685277	5280.18126818775	3463.41561437948	3485.71310911361	7285.63903138823	4016.4800989263	3653.95713104101	3305.27323445539	2506.00163817743	6142.75599713307	5134.16502999372	2595.91004116664	4374.43958217687	2151.78590923024	1017.93365344777	4275.55906876519	3011.06411485311	1705.22451570501
3919.22137485646	3645.27285645181	3719.07954138291	3878.3453429133	3797.9473802025	4568.2178427036	2428.51098558377	3944.19439561253	3909.76749305492	3410.55536525913	5567.59107355176	4226.1479348783	1768.24238751617	642.994924516422	525.415104908719	141.578520406644	1084.44111777008	368.483142281046	566.087114328445	435.727911655881	99.2632919781572	247.958369363805	0	424.499713461478	2853.91194633359	2298.64586637211	2647.77520542927	3074.65047247808	5719.63250940234	2282.33910539935	2854.3253412545	3628.59271734242	2267.2237924729	4443.41298562674	4854.71447252412	3784.54589046272	3429.18205280953	3836.13726835208	3784.26434800452	1974.35220431336	3782.64135328786	3203.2189941532	3501.25939331774	3795.7969114065	3715.80679123591	2974.37020664471	4229.80853237407	5141.78183433779	3075.33629373273	5727.50298825937	4310.0905874009	4145.24847678557	3263.46462833504	2853.5647627431	1848.78869401809	587.692220719646	2761.25648423929	3168.89661816225	1181.39584279712	3077.60950686557	7016.03513190896	6950.51908372625	6092.85997224845	5830.22050043357	5737.40368535541	6294.89044445632	5849.76543424694	3944.12437238946	6560.13147601351	3167.75373073041	3240.45779945171	3768.54408141073	5553.99772117673	4685.45853942079	2702.08070612726	3498.11120343838	4327.02997305708	5145.44067121804	3443.64244026024	3526.47635387794	5514.08620193871	1886.36723197655	842.456377488962	5462.18647446143	3645.42082065316	3667.7183153873	7467.64423766192	3768.5217295625	3655.59159809478	3487.27844072908	2688.00684445112	6324.76120340676	5316.17023626741	2777.91524744033	4126.48121281306	1903.82753986644	835.928447174079	4027.60069940138	2763.1057454893	1825.89190408156
