15
0 2854.26234872396 673.147027876324 4954.8823446112 3696.14571046875 3248.93057530621 4296.02970465549 5153.60364764139 6900.9930674267 3684.38119016402 2783.27366239863 6524.9568836743 3764.50819370527 4330.63591583019 3151.91274608793 5615.50473229502 5745.0126553652 3684.42503459529
2854.26234872396 0 2965.25297302599 4385.83123506472 4768.7966013111 4607.66334490076 4614.16876493528 4083.40066848829 6614.16113554075 2614.16876493528 2347.63212776262 5385.82742036746 5226.76591443458 4614.16876493528 2614.16876493528 5614.16876493528 5245.18560516073 2614.22205544219
673.147027876324 2965.25297302599 0 4909.04334248247 3324.31630375568 2829.43827112183 4888.57519024148 5055.21808732545 6674.3407914696 3312.55405933047 3073.22828280518 6720.16515453239 4084.5601253259 4163.48631172114 3471.96695358808 5328.4058851401 5363.40799149516 3655.31372063846
4954.8823446112 4385.83123506472 4909.04334248247 0 6366.87797497742 5197.10821822532 7000 6469.23190355301 8999.99237060547 3000 3866.86529168204 6999.99618530273 6387.39522110617 9000 3000 6000 7631.01684022545 5000.05329050691
3696.14571046875 4768.7966013111 3324.31630375568 6366.87797497742 0 3563.16368307972 4633.11439562805 4135.58405399488 4666.35215044187 3509.73958916655 5694.21971897162 4666.35596513914 1278.9569293357 4633.11439562805 4187.86559118964 4988.22614841878 4586.00523383041 2666.40544094878
3248.93057530621 4607.66334490076 2829.43827112183 5197.10821822532 3563.16368307972 0 5802.9056595215 5555.90763002682 6086.65421933245 3505.60217678835 3927.40218755537 6778.1640754667 4699.25899822628 3802.9056595215 5505.60217678835 3086.67572647381 4433.92249974695 4086.72901698072
4296.02970465549 4614.16876493528 4888.57519024148 7000 4633.11439562805 5802.9056595215 0 5469.23190355301 7999.99237060547 6000 5306.44502902618 5999.99618530273 3387.39522110617 4000 4000 5000 4631.01684022545 4000.05329050691
5153.60364764139 4083.40066848829 5055.21808732545 6469.23190355301 4135.58405399488 5555.90763002682 5469.23190355301 0 2530.76046705246 3469.23190355301 6055.21362262804 3469.22808885574 4081.82905305231 3469.23190355301 3469.23190355301 4469.23190355301 3899.74362682701 1469.1786130461
6900.9930674267 6614.16113554075 6674.3407914696 8999.99237060547 4666.35215044187 6086.65421933245 7999.99237060547 2530.76046705246 0 5999.99237060547 7783.50409118334 3999.99618530273 4612.5971494993 3999.99237060547 5999.99237060547 4999.99237060547 5368.97553038002 3999.93908009856
3684.38119016402 2614.16876493528 3312.55405933047 3000 3509.73958916655 3505.60217678835 6000 3469.23190355301 5999.99237060547 0 2586.00278541887 5999.99618530273 4612.5971494993 6000 2000 3000 4631.01684022545 2000.05329050691
2783.27366239863 2347.63212776262 3073.22828280518 3866.86529168204 5694.21971897162 3927.40218755537 5306.44502902618 6055.21362262804 7783.50409118334 2586.00278541887 0 7308.50582248101 6343.99590417454 5558.10950031086 3956.82204128609 4358.57906127264 4991.57527268964 4586.03500958194
6524.9568836743 5385.82742036746 6720.16515453239 6999.99618530273 4666.35596513914 6778.1640754667 5999.99618530273 3469.22808885574 3999.99618530273 5999.99618530273 7308.50582248101 0 4612.60096419656 5999.99618530273 5999.99618530273 4999.99618530273 7368.97171568275 4000.04947580965
3764.50819370527 5226.76591443458 4084.5601253259 6387.39522110617 1278.9569293357 4699.25899822628 3387.39522110617 4081.82905305231 4612.5971494993 4612.5971494993 6343.99590417454 4612.60096419656 0 4612.5971494993 3387.39522110617 5612.5971494993 5243.61398972475 2612.65044000621
4330.63591583019 4614.16876493528 4163.48631172114 9000 4633.11439562805 3802.9056595215 4000 3469.23190355301 3999.99237060547 6000 5558.10950031086 5999.99618530273 4612.5971494993 0 6000 5000 3368.97553038002 4000.05329050691
3151.91274608793 2614.16876493528 3471.96695358808 3000 4187.86559118964 5505.60217678835 4000 3469.23190355301 5999.99237060547 2000 3956.82204128609 5999.99618530273 3387.39522110617 6000 0 5000 6631.01684022545 2000.05329050691
5615.50473229502 5614.16876493528 5328.4058851401 6000 4988.22614841878 3086.67572647381 5000 4469.23190355301 4999.99237060547 3000 4358.57906127264 4999.99618530273 5612.5971494993 5000 5000 0 5631.01684022545 3000.05329050691
5745.0126553652 5245.18560516073 5363.40799149516 7631.01684022545 4586.00523383041 4433.92249974695 4631.01684022545 3899.74362682701 5368.97553038002 4631.01684022545 4991.57527268964 7368.97171568275 5243.61398972475 3368.97553038002 6631.01684022545 5631.01684022545 0 4630.96354971854
3684.42503459529 2614.22205544219 3655.31372063846 5000.05329050691 2666.40544094878 4086.72901698072 4000.05329050691 1469.1786130461 3999.93908009856 2000.05329050691 4586.03500958194 4000.04947580965 2612.65044000621 4000.05329050691 2000.05329050691 3000.05329050691 4630.96354971854 0
