Max Distortion: 
1621.18
Avg Distortion: 
527.9873
Projected Points
-31116.81

-31117.85

-49210.07

-31122.55

-31118.18

-31122.92

231041.4

-31123.17

-31111.51

-31116.86

231040

-31120.29

-31113.04

-70565.67

-31122.48

-590.8946

464.8652

-172.8131

-108.7058

480.1934

71.72663

778.6708

129.3013

-211.1711

98.95358

-857.6731

685.2843

-211.1797

-445.8598

-110.6981
3.21733593940735 1.6091023683548 2.1921112537384 2.68994212150574 6 1 1 1 1 1 1 1
1 1.74858093261719 2.43534255027771 1.49115180969238 1.91782963275909 2.29478144645691 6 6 1.08031117916107 1.21210217475891 1.3884117603302 1.08653080463409
18091.94921875 1.33942496776581 1.15090072154999 1.1612514257431 1.12770688533783 1 1.07874417304993 2.4679057598114 1.4829158782959 2.30199933052063 3.30039620399475 6
1.17086148262024 1 1.33015263080597 2.72075796127319 1.47473919391632 1.86436593532562 2.50809788703918 6 6 1.34380984306335 1.46891021728516 1.50853836536407
1.60509967803955 1.15653121471405 1 1.25490415096283 2.79243922233582 1.44746851921082 1.82451510429382 2.06781625747681 6 6 1.52038884162903 1
1.41660571098328 1 1 1.82653975486755 1.65835392475128 2.97036862373352 3.24134278297424 6 6 1.06182539463043 1 1.37457263469696
1 262144 1 1 1 1 6 1 1 6 1 1
1.23938775062561 1 1 1.82683289051056 1.59806752204895 2.95128393173218 3.19828081130981 6 6 1.47151792049408 1.31824672222137 1.48643338680267
1 1 1 1 1 1 1 1 1 1 1.66156756877899 1
1 1 1.19672060012817 1.17070031166077 1 1.60973119735718 2.75528979301453 1.54727292060852 6 1 1 1
1 262144 1 6 2.50392866134644 1 1 1 1 1 1 1
1.17988097667694 1.68006074428558 1.22335481643677 1 1.01060152053833 2.60104513168335 1.48095893859863 1.86739754676819 2.38394117355347 6 6 2.31548261642456
1 1 1 1 1 1 1 1 1 1 1.45366621017456 2.73682951927185
39450.02734375 1.07804667949677 1 1.31174910068512 1.09679210186005 1.19300222396851 1 1.75281298160553 1.4994410276413 2.00192928314209 2.15346717834473 6
1.19865834712982 1 1.27520251274109 2.87808799743652 1.49142825603485 1.87888824939728 2.47792315483093 6 6 1.540611743927 1.35622131824493 1.55379807949066

Distance Matrix of Original Points
15
0 19.9431438446045 18107.0757158995 21.7673343420029 20.7597061395645 23.4551017284393 262162.490286946 24.4699662923813 11.3700592517853 18.2533646821976 262152.606474042 25.4053357839584 12.8989874124527 39463.4152283669 22.0488488674164
19.9431438446045 0 18111.8289266825 13.1735490560532 22.6244252920151 12.376056432724 262156.733676076 12.1861482858658 15.5397863388062 17.2147051095963 262160.843846202 23.748743891716 16.8956528902054 39469.3701086044 13.6063430309296
18107.0757158995 18111.8289266825 0 18110.8276081085 18109.0247197151 18112.5670171976 280251.920127153 18111.7822952271 18101.6988965273 18107.7980086803 280250.6076262 18105.0476996899 18100.1699683666 21361.1221798658 18110.7738550901
21.7673343420029 13.1735490560532 18110.8276081085 0 13.9533469676971 4.37783777713776 262165.686418056 3.4935097694397 16.1139806509018 8.60490250587463 262161.503167868 22.4874773025513 16.6563200950623 39467.8129831553 0.656213641166687
20.7597061395645 22.6244252920151 18109.0247197151 13.9533469676971 0 14.7557936906815 262156.707070351 14.3153660297394 15.2899528741837 9.96896409988403 262161.342363596 14.3175489902496 16.95232629776 39465.7789133787 13.956735253334
23.4551017284393 12.376056432724 18112.5670171976 4.37783777713776 14.7557936906815 0 262164.943272471 1.13974416255951 17.2111763954163 8.66333520412445 262163.083750129 23.3718856573105 17.9909592866898 39469.2505908012 4.5807569026947
262162.490286946 262156.733676076 280251.920127153 262165.686418056 262156.707070351 262164.943272471 0 262164.750453472 262153.661567569 262157.769135237 16.5039286613464 262157.420684099 262155.190495729 301608.954632401 262165.613749862
24.4699662923813 12.1861482858658 18111.7822952271 3.4935097694397 14.3153660297394 1.13974416255951 262164.750453472 0 17.1151250600815 9.20377731323242 262163.744178772 22.232727766037 17.6711864471436 39468.4658688307 3.44101274013519
11.3700592517853 15.5397863388062 18101.6988965273 16.1139806509018 15.2899528741837 17.2111763954163 262153.661567569 17.1151250600815 0 8.94128239154816 262150.16549623 16.0811558961868 1.94473087787628 39457.453016758 16.5999445915222
18.2533646821976 17.2147051095963 18107.7980086803 8.60490250587463 9.96896409988403 8.66333520412445 262157.769135237 9.20377731323242 8.94128239154816 0 262157.442242861 18.585188627243 10.4702105522156 39463.5734661818 8.92583811283112
262152.606474042 262160.843846202 280250.6076262 262161.503167868 262161.342363596 262163.083750129 16.5039286613464 262163.744178772 262150.16549623 262157.442242861 0 262164.865327597 262151.694424391 301606.645337224 262161.415715814
25.4053357839584 23.748743891716 18105.0476996899 22.4874773025513 14.3175489902496 23.3718856573105 262157.420684099 22.232727766037 16.0811558961868 18.585188627243 262164.865327597 0 15.394921541214 39464.487978816 22.4422343969345
12.8989874124527 16.8956528902054 18100.1699683666 16.6563200950623 16.95232629776 17.9909592866898 262155.190495729 17.6711864471436 1.94473087787628 10.4702105522156 262151.694424391 15.394921541214 0 39455.9240885973 17.0212765932083
39463.4152283669 39469.3701086044 21361.1221798658 39467.8129831553 39465.7789133787 39469.2505908012 301608.954632401 39468.4658688307 39457.453016758 39463.5734661818 301606.645337224 39464.487978816 39455.9240885973 0 39467.7592301369
22.0488488674164 13.6063430309296 18110.7738550901 0.656213641166687 13.956735253334 4.5807569026947 262165.613749862 3.44101274013519 16.5999445915222 8.92583811283112 262161.415715814 22.4422343969345 17.0212765932083 39467.7592301369 0
